# $NEW GRAPH$

# $NEW TRACE 2D$
# $LEGEND$: $$
# $LABEL X$: $Objective (or constraint)$
# $LABEL Y$: $Objective (or constraint)$
# $BEGIN DATA$
0.2489511476574744	0.2137064747437494
0.2861079160587385	0.0
0.07954246226598154	0.1671347858629191
0.28101054776988355	0.5124270756782084
0.2741601216155325	0.38893637734510317
0.14438692504692188	0.35762497905689217
0.08343698717381694	0.27087836090716716
0.07889812447943174	0.0
0.04411105165328476	0.07074931269976562
0.07290788285818361	0.0
0.13674860956727672	0.10137031990024586
0.16206697744240525	0.2557284016449221
0.15036116125601973	0.13268225724377702
0.10747291134637213	0.0
0.3898042477711737	0.0
0.0	0.0
0.044804938281808135	0.0
0.1031278657571021	0.3300693362714966
0.11273286375074756	0.0
0.14100102489557048	0.14011171605785025
0.29726237789194515	0.4819370453661632
0.08293963186781896	0.06756949137025113
0.04425592533141141	0.19433354576339668
0.22130293219495586	0.2499962657309404
0.05054530500604713	0.26328476089384717
0.27706466909858035	0.0
0.04676646870970274	0.10961016017479758
0.12565820554057788	0.18919149603886298
0.24343840794142488	0.17684407836004812
0.10159468253040405	0.14486947179103657
0.3263686315182106	0.2872671230266257
0.06704738004285339	0.2885492331053772
0.11318249606876706	0.1050749945219496
0.17979292813134262	0.14188645765181065
0.08295752222441724	0.197489190123752
0.28750216163538456	0.17233337914353383
0.19717805368120908	0.0
0.09057127502820266	0.0982388427210581
0.41742150917799115	0.0
0.34111510127129663	0.6800336768253076
0.25258356701608403	0.20182832177512383
0.24553881062113903	0.0
0.39725006019528086	0.8832789184707126
0.1452600496945877	0.1103123770614281
0.39620091478472763	0.5897688545264863
0.33797457996397123	0.4230966248664539
0.202581364163262	0.1929325415064656
0.13317498072334294	0.25716129040331487
0.265989101803606	0.2753250019511935
0.3335710950711002	0.0
0.07809621319891781	0.16292501206629914
0.18338603503438863	0.2695067171463303
0.2431651810765097	0.26356546962739924
0.3017122914102077	0.28390001472901316
0.22794234388122184	0.16377382607187438
0.09214276340820013	0.11340965484945939
0.27780697280423877	0.36377248464142736
0.059672614061194104	0.12091950321626994
0.2627761860598388	0.0
0.07060969394480247	0.17156138636676788
0.05910818991099707	0.5347462632532517
0.07195799537364025	0.06766002449957352
0.27522849529644017	0.22748052448863937
0.07768811589652161	0.4395995241818269
0.2995846014306878	0.2701211374493096
0.05226228330732058	0.0
0.1477027471633302	0.206046675634663
0.09055568055614595	0.0
0.03911379121942587	0.0
0.1504290438966397	0.24839760624017715
0.24662136836571372	0.0
0.06501307077958518	0.0
0.05124539303943082	0.09002329170838136
0.07202840898403387	0.20484672747009391
0.0926713794201638	0.0
0.3593825396870124	0.23506813670176752
0.09471102137398592	0.27517267001329715
0.31706579207229174	0.35967020864576704
0.30214772564104597	0.35796153216257365
0.04907852260121321	0.1135508721298424
0.12420310406795784	0.0
0.2688819088634161	0.0
0.07726961381329053	0.07681691834122564
0.0890047935056684	0.25277283340104995
0.26420175414137337	0.0
0.048747098505683734	0.1962828523143025
0.09659062225395447	0.0
0.21831413989086287	0.1849390541761575
0.2411010672170357	0.6367615760258514
0.03256242251298386	0.2438758710428592
0.05187366494072719	0.17546714740872066
0.23060748041682513	0.24672072982947288
0.20031343633408333	0.28627480876588
0.1594325342676387	0.0
0.26264193277782755	0.5477341978316681
0.06250607565710403	0.1665669012011025
0.0	2.710201085209906
0.28049630747203613	0.4210765959922698
0.0702490953855404	0.06198689988102588
0.04138782495009874	0.22114689448289945
0.3163665586491756	0.3557107068826492
0.03254451210023519	0.24459652162903414
0.2277763997372163	0.15537325954459683
0.18663797683054892	0.1533122523036907
0.30291557072782055	0.2918623723897636
0.12562211520030928	0.2050409365844887
0.27681221708738585	0.0
0.06722538430010047	0.17066463461245615
0.1841086067904572	0.1229864290012847
0.32636863151821055	0.3277050548417194
0.1444517758675802	0.26362323392798204
0.21831413989086285	0.24497794192923603
0.06665844422119982	0.1816116508226996
0.07061078382235501	0.17160088498962148
0.3334893494329126	0.0
0.05184329187825849	0.17443259562138697
0.06657411195628092	0.15933134621411166
0.24317945067964586	0.26357320289873
0.03222313094535991	0.26137899073340765
0.05226228330732058	0.0
0.13674860956727672	0.10157659940899745
0.32579282277605603	0.0
0.13573440316737598	0.09516872882145655
0.03227681119092732	0.24683762748677898
0.09010717213519692	0.2534483708353563
0.30531274907108635	0.26645465798993895
0.12865672413268386	0.1908231987225101
0.2360210549522188	0.25802232247859624
0.28049630747203613	0.25070602107608
0.09511679739008669	0.2701097951040963
0.07271534850647453	0.24531274220004082
0.032016073287386766	0.569181512400142
0.05359758702290689	0.06923673032512795
0.04343428300160095	0.13639065369375122
0.19485923645446954	0.13369962147534845
0.13759582906118123	0.0
0.3398252421377843	1.091007646443766
0.0616166043369929	0.11097580770862916
0.34744170822835163	0.4877463237775494
0.2129321224854474	0.1285630797741229
0.05543969862332872	0.06947186383201066
0.10384290553338367	0.17476109969091416
0.07964219240863017	0.09911725189909391
0.05925523154026266	0.12047717537867222
0.23031638515212613	0.13612205013364642
0.0860665381066742	0.17990519809311492
0.359059605033929	5.9183567534716275
0.3817926750095465	0.9269588462128724
0.2566316680876638	0.45583545541031556
0.09071772861928622	0.09996004087500943
0.15879198726837782	0.18852380958197656
0.10300913941118123	0.15634144765900487
0.3335710950711002	0.0
0.07850684107684228	0.2782923580462188
0.03911379121942587	0.0
0.03256242251298386	0.2438758710428592
0.06622548269565133	0.19823231406446454
0.28266135462758407	0.22315502955615937
0.04920713787399928	0.11341840616563187
0.20282806740779077	0.19329800070320824
0.08158795084334548	0.16769181192464577
0.0947518469600459	0.3105250786373459
0.14776761597455923	0.24887566692374868
0.11579646904853848	0.10631517561386529
0.29188393300105986	0.2852251673753077
0.09626760461770911	0.34933228029388436
0.3246559450560336	0.0
0.36233348651120373	0.0
0.12565820554057788	0.18919149603886298
0.09227703624602338	0.27560025558990475
0.25490663798030955	0.2045473597485183
0.14107206228862107	0.13547191999027333
0.16023410118521217	0.12195420465381161
0.0377878935949276	0.37959288184967516
0.1323117868571847	0.09967104585728484
0.20428673431562802	0.3249578128092794
0.0731308670940579	0.137734469514831
0.14200071374802725	0.26160877851827385
0.3325304874928522	0.21268620169694527
0.10529285311595911	0.14833363230868948
0.3422752032121466	0.6812085338530435
0.18196073326119844	0.26821286357453483
0.3190835215838455	0.9198039632812299
0.04133585563076635	0.09037654832668289
0.05187366494072718	0.17506701132788982
0.26401224720618693	0.21171507972560322
0.24909038519966528	0.2137665119835973
0.2232393789818574	0.2114845462679348
0.2236055938165969	0.2505550730659284
0.04406353738520721	0.0962508258751965
0.2721578840705455	0.256524169244666
0.2705829664310029	0.0
0.15240051299295415	0.20061670136084
0.10828846450404124	0.1294006934368288
0.0723595339396611	0.0689990750812347
0.14516364051683436	0.35859625026831654
0.052262283307320585	0.0
0.2411010672170357	0.7992465075803472
0.35985695051337796	0.8347023370103954
0.10429695572157775	0.17551889561868553
0.11318249606876706	0.10272947178244683
0.13674860956727675	0.10271889977142262
0.14604915778540264	0.3255302330684983
0.085439405009531	0.15875510360514436
0.13573440316737598	0.09516872882145655
0.13674860956727672	0.10035773499165368
0.10092313973275877	0.09236290743270491
0.08983257656997194	0.34760817851542875
0.12565820554057794	0.12005760456191
0.28324080113408595	0.33413664107042296
0.14225550030189554	0.18225807107844894
0.04285932291575156	0.09429286333264722
0.17965292370709882	0.1415692972588163
0.06629104805312258	0.1998925128480286
0.13674860956727672	0.10157659940899745
0.13749763499299694	0.10481797407425812
0.08452903035153551	0.10016638354342101
0.22436636093683685	0.13350596705521614
0.09336789757592247	0.2411127246624417
0.08418486732564362	0.1432771190083178
0.22784823648642538	0.1464390764143958
0.10828846450404118	0.13687270084155737
0.09010717213519692	0.2534483708353563
0.09576892698964705	0.34724381726785153
0.08627983898318102	0.26567881644561064
0.3107542890099577	0.32733549113943
0.13685221305234574	0.10205430247343224
0.11129186589183147	0.10429248312382415
0.06933650690080699	0.18220319331818363
0.06961631885304377	0.1770358620437845
0.10528493144487831	0.1760591210077304
0.07411725272185453	0.2790714205430497
0.08067905444038985	0.1357264329878836
0.1392672405756813	0.33681091457488926
0.08212180556891373	0.1281426614585827
0.0518962475542087	0.27300321631591623
0.3595466739177066	0.36504848437950976
0.13882440686159833	0.12110478500005427
0.07850684107684228	0.26842180964559864
0.26242341214071807	0.21306361251741082
0.03221459236666652	0.2624757488209371
0.24870915207786634	0.2062920878325651
0.07720223620505842	0.1666413914517845
0.09175731628544345	0.17799587923476537
0.11579646904853848	0.10631517561386529
0.18196073326119844	0.26821286357453483
0.10447850147087395	0.157732802859916
0.2547529306835624	0.2262244867657654
0.2247510389715724	0.16995819312176583
0.12937182987562745	0.38839298770306835
0.039518904859196506	0.41074511001177266
0.12971620472957796	0.12019588966503002
0.07954246226598152	0.17952415593846538
0.035889773829216653	0.12543192697353137
0.25571406983502504	0.4264590627220279
0.24500552719380952	0.1872456057930709
0.14585963592850903	0.24891307515352387
0.17008643275937171	0.11026558698609837
0.14530879830674018	0.1358248127711409
0.13879846085300848	0.17513976827411482
0.07255186068189787	0.30295268813377035
0.06024818565873234	0.12605226018106402
0.1395404813644141	0.1270357599412854
0.06467479606723281	0.1303703052771696
0.06073206742245675	0.14488484834622686
0.046669548755519416	0.10832276116213278
0.14945309827706615	0.42800935538549095
0.1487180791707928	0.14894433401355875
0.12864170970236838	0.2401986660894833
0.09441314466629235	0.30350355115538713
0.2772062468008308	0.24817864854643845
0.30870093048694097	0.32917369890836773
0.11656641330083939	0.17232342637457798
0.03267017640281326	0.21973887215236879
0.07493912350213681	0.09752028969123135
0.04524828342462248	0.16607471009885383
0.2553465982732875	0.20301061796469635
0.3002867698031141	0.20982616760932893
0.09361554731579955	0.5295911050741168
0.04083082507291884	0.10447800382134441
0.25076551676559233	0.26837641504109144
0.09881121012377876	0.12556476690410365
0.14303487735340578	0.30216897008071697
0.19410169157684065	0.1605269127915442
0.14703334092137343	0.35643378578137724
0.28582232395860163	0.2988613764243134
0.13568421268450837	0.303518933325933
0.23330977721362967	0.13523490617050668
0.12317581300472094	0.171021051294855
0.0792842717901649	0.12858750774477473
0.03288390393929347	0.3442800876393711
0.09263527981247235	0.1433859087044398
0.07763055638071649	0.11507023101380902
0.03224081460389137	0.11682953523864593
0.060501475553293764	0.35878066279493054
0.2314542107383341	0.4835615780459972
0.24787010203064028	0.2061499831885993
0.07755064869128682	0.24655711553042242
0.055932781224644776	0.1653841419840775
0.032562422512983864	0.3614237717762379
0.18016137115497	0.14834794595890005
0.0795958799659923	0.1292424251860833
0.12568687665587103	0.10828222059712642
0.11129186589183152	0.09909984723454876
0.10333248683371123	0.15489231143700066
0.06413142601382776	0.1245503263471972
0.03973815824948747	0.10332066104189887
0.08079367326831631	0.13516169720121618
0.10917627759374578	0.09531328947716206
0.06075300686788255	0.17597185269531557
0.1009231397327588	0.0928999797438426
0.07915217197245315	0.10814354315007524
0.07954246226598152	0.1874833988073945
0.09168277458055157	0.17695890191281205
0.13574675849203552	0.09300838570185081
0.1129491264434389	0.1047776135852545
0.17599714463450372	0.11682964560462261
0.17028658117481	0.1104654717965878
0.1130263889185443	0.10269063140955814
0.13692924035761664	0.09814711180728974
0.0841508680768097	0.14734532407904433
0.04994544433017721	0.10516141736130738
0.10979437152960186	0.23901079467627412
0.07208742704338587	0.1390882613282269
0.10215629996087647	0.1722362548034086
0.0625372778727335	0.12716714094692924
0.05991407452030452	0.12117638597256905
0.09265008398307616	0.1455841097355503
0.0675018520108445	0.2764491431451065
0.05936519601750764	0.15461133777124478
0.08719273558545927	0.12558670572263106
0.09220951369588878	0.22398311843353919
0.07561888778838717	0.1286376127628273
0.0928906333860832	0.10531988917079148
0.03261733401343947	0.18462978571709823
0.09195870199841867	0.11686206031785228
0.07498722123642984	0.09740707714215363
0.1395404813644141	0.11944250165220713
0.10267672437011562	0.2075801534319506
0.08007419771753924	0.08446123480811704
0.0687187327626431	0.1035106890760369
0.12729728247881916	0.14091708572630146
0.13467957330188007	0.10217374835409261
0.06933650690080699	0.18220319331818363
0.03043907398240389	0.12567893901475174
0.06820817190461637	0.4414833642499222
0.14487845051809728	0.1556742576138965
0.07673309454181751	0.11308865267007231
0.035889773829216653	0.11199047438157435
0.07678663004901144	0.18426284023015313
0.07760397088388687	0.11464631056243575
0.10351198380135225	0.15453176363593812
0.057880884570175255	0.137549595706992
0.1393022182054113	0.1849045693303714
0.09450584868879293	0.10559574448029901
0.11624484896311178	0.11943004945770697
0.13446891584542106	0.0947092244421723
0.12689886274107756	0.12067149318577337
0.0849875328444449	0.13498366523824734
0.07761588300171926	0.12822399772430365
0.04580596115412727	0.09445726461951724
0.1035028500076291	0.10400891327608436
0.0859144079124381	0.08419821560936076
0.07974412809127468	0.22628838905920776
0.03550972703076223	0.1327181322049481
0.1555084624467889	0.23215447342196788
0.06228105662264811	0.12147275546190461
0.1029616694083004	0.14767965309074307
0.08470813257890719	0.44763670693484386
0.03572617585994388	0.1366735358367727
0.09722371249213625	0.10851515659417237
0.18528688639509375	0.11920159463143658
0.05187366494072719	0.17546714740872066
0.0669592347208088	0.15985516921685142
0.11463413760702129	0.11804649792192996
0.033428798978999336	0.11401103500045896
0.05016481703188488	0.10601620196693676
0.08207190958675802	0.16106335423327617
0.03235665766492577	0.23290906068385153
0.08393091658283174	0.1443019369936096
0.09305029500449623	0.1310951861024508
0.13573018663826514	0.11590290888656152
0.1379151513899385	0.09388085965115545
0.04638516034858438	0.11984467003775481
0.06215133509933739	0.11150286328261882
0.11265002986113698	0.10178870237252612
0.038567031142900846	0.10300153208363462
0.16289408505713304	0.11164503397215163
0.04678156263463693	0.10495965367292295
0.1004602691696179	0.19171305158802115
0.09860301398003529	0.12015025034674061
0.05946945358120936	0.12300517945196968
0.13293157119358626	0.10004433632997724
0.05271362795509432	0.17634874336426867
0.05295859644653883	0.10885876111657446
0.07464835215190656	0.1302892713727792
0.1391096266315445	0.10253316229856305
0.04010195169878177	0.10432894373576491
0.08068913136078756	0.1012880449330995
0.03256242251298386	0.2438758710428592
0.03255241774719355	0.09290299199152813
0.13449119323221828	0.246967207954201
0.03170183291485205	0.19744039114799045
0.1517092638082734	0.12851059758488867
0.045248655526209026	0.21867169998038183
0.035140193968562064	0.22968577495564302
0.08452903035153551	0.10458478427715134
0.05991407452030452	0.12256805847976358
0.06711469331730734	0.12443248832844267
0.0878160492538763	0.09972029781165093
0.12551927278021768	0.09784221465589726
0.1203908540527011	0.09980647177932582
0.03237314820428412	0.12940394941930047
0.048141015772911376	0.1291789856272339
0.11368743013622236	0.10520444980392216
0.04614433626468066	0.11884449943311043
0.06191609962895608	0.10465324911440517
0.06589770836707182	0.10805728794017307
0.03588977382921665	0.10937448719413459
0.036546383776237056	0.11678317333046301
0.16292109814694178	0.10905299263500962
0.03567553364642251	0.09964760668142454
0.08382312636182408	0.11429765905459666
0.11362085079931947	0.18844820113567748
0.046402469267245124	0.10787355329625942
0.032553475047938846	0.21359205055325556
0.05960337836666739	0.10811137101164135
0.0334968961116424	0.2522899369973892
0.08405957827529237	0.3416276933483405
0.032651729837868376	0.10262589136550027
0.12362212316830615	0.11218076128828779
0.037388251573765074	0.1696185127372137
0.09963342084752436	0.08241447732037764
0.07532722028345248	0.1091306782732752
0.046668914804037474	0.1121623399872524
0.05444519797860789	0.16503386411505674
0.1367814491177408	0.1015226101510413
0.03240498949570562	0.25109202450973206
0.035374926721736345	0.08794137218667522
0.11668536794658214	0.3220496399229928
0.04472394273176112	0.16570522096591517
0.11791232840116452	0.1062270891721578
0.09837152701902856	0.08732157749589604
0.03234830270379493	0.2642002177692367
0.10917627759374578	0.09534322405706519
0.03973815824948747	0.10329741858859239
0.031421358943266885	0.11191984171705809
0.1745756956696853	0.29845939352368683
0.03265162695008622	0.18051592262986987
0.0509927040549873	0.24224274428801837
0.04681712838195334	0.09918568665742106
0.03474039165300549	0.25208680259237615
0.07650116833288421	0.09089496247536444
0.09214462336214385	0.11918909481472938
0.11265002986113698	0.10178870237252612
0.0327443620779456	0.24184195625122767
0.05586548019789737	0.11640936205334897
0.03861426334090811	0.11600095301852895
0.12092448468774004	0.09782445758851348
0.05724231708840126	0.10095070097781744
0.11318249606876706	0.09966485299796954
0.0944875222116057	0.1151017680528628
0.23630972932411717	0.15383996839892022
0.032447158082056046	0.09174020216080027
0.13666712433040284	0.1009598844462819
0.05282034938385858	0.1184657667065763
0.05833974875460113	0.09855257019078162
0.11917030167110694	0.11813452065550771
0.08490279825516499	0.0802277434810574
0.11447832651985833	0.11730060703850563
0.07509882694050717	0.09590743605340411
0.07982630975375567	0.09923327856003604
0.058134217419896723	0.10174572577513258
0.1381910843378307	0.18360120982770775
0.07915217197245315	0.07987695016564916
0.13467957330188007	0.1442353942124675
0.042938409986649925	0.10490601853418435
0.06413112060093641	0.11773538915256788
0.04577800889073068	0.08844954661615655
0.0892436934186465	0.16090064805796822
0.042139730341740574	0.08866304774159041
0.1130263889185443	0.10329076677952599
0.06185795392602694	0.11114633301406335
0.08005777136742405	0.10284453791949005
0.1367358840927708	0.09910084380399463
0.1375151011385444	0.10488914999739653
0.07477474360941391	0.09749060912693297
0.07943520911721313	0.09987399899075167
0.0928906333860832	0.10541074540451538
0.03043907398240389	0.12567893901475174
0.08710358263374167	0.10308000257967834
0.05627279672377492	0.09162237668708312
0.13807789473192886	0.09393707255051283
0.115957468356232	0.10523460836396861
0.058893095456710995	0.09459689214644408
0.05419091665365458	0.10634384389563584
0.06024818565873234	0.12605226018106402
0.06073206742245675	0.14488484834622686
0.07650116833288421	0.09089496247536444
0.03202022295212615	0.2616723425507723
0.09836922786713267	0.08732055229310078
0.07477474360941391	0.09749060912693297
0.03149115354508672	0.11136740862524401
0.032824968820314104	0.11422430450028401
0.07749876573545604	0.09514600695059441
0.06629137945575221	0.10270654339259885
0.13289125280520508	0.09261981113529125
0.10092313973275877	0.09236290743270491
0.07915217197245315	0.07987695016564916
0.03255241774719355	0.10573859704641571
0.04582503881557297	0.0960564145499394
0.03142135894326688	0.11218643597678157
0.06887980425333057	0.19009926309696856
0.03792890406185087	0.12226768083346763
0.03214252165211156	0.2630923069492573
0.07062189644641041	0.14276008070576002
0.0338902256834238	0.07258462422559124
0.04530090578051272	0.08759948917893981
0.039435221126769164	0.0948980710367889
0.07943520911721313	0.10050409300321153
0.032447743777869825	0.09164950840686967
0.12652160059798181	0.0908604536524865
0.034744450978865846	0.23999286798967626
0.03572749101939907	0.09193037049688221
0.07545550224927447	0.11542317075351753
0.12896879067191502	0.09281969436826847
0.03172066788161913	0.22419013445846914
0.13828263684614328	0.10240316732776417
0.08452903035153554	0.10676367884376062
0.0318656493846417	0.22989401232555687
0.032480155016965655	0.18424001486455968
0.13574675849203552	0.09300838570185081
0.03086182145547298	0.13017322652884597
0.03284675544746968	0.18298044316272663
0.07849408570970126	0.09773241572868012
0.03824360014727266	0.11283939358491246
0.04317939890433665	0.11913625632500505
0.032491236708314136	0.20069237045551314
0.03669526574148064	0.11709052652176997
0.08020913689839657	0.1009235227090918
0.031409197985651637	0.11301901008920885
0.04445861255557046	0.15892158013916527
0.0321531136461365	0.23791490266617757
0.032615224894050804	0.24147072673957812
0.044868732532320856	0.10774844976305674
0.0388978060634746	0.09934791937461161
0.04633811377516854	0.11045290737517725
0.03333082619315644	0.26930996942806384
0.03624375996611701	0.10766526780121283
0.03620913015361663	0.10503159868949138
0.03594104298137103	0.14600637314070336
0.074290569072865	0.08829022528896167
0.040170537645674464	0.11644294101403868
0.1112918658918315	0.09537964559237558
0.03588977382921665	0.11223836917051436
0.037565801267350526	0.10282411784422225
0.04211522611783138	0.10415488853495693
0.03535357426652804	0.08765745124567498
0.1527034813803664	0.13236383773212748
0.058893095456710995	0.09459689214644408
0.03288390393929347	0.40870837360578427
0.07108904994184245	0.08215315001179795
0.051884812976101286	0.10573301948861606
0.04810219111498276	0.09886412517131228
0.037060466786838386	0.10826566404829735
0.038765104349137054	0.0845660382725339
0.10776959431292593	0.0859198467133951
0.04704905212676427	0.1274271361455589
0.035889773829216653	0.11199047438157435
0.03159508824502223	0.0913979423698635
0.03314908812972218	0.24653622723534552
0.04472394273176113	0.16705790369456552
0.03261733401343947	0.18462978571709823
0.07684762515916468	0.0784285247164065
0.08612028123079254	0.08507412534014952
0.0753757397752828	0.09898886141748668
0.034548373925055595	0.20738273897738127
0.06860905324982676	0.10259184364667406
0.03173151498605185	0.11185077748417141
0.11129186589183152	0.09909984723454876
0.0323258642060346	0.2523671904429463
0.12625350842996888	0.09243577544627213
0.04577800889073068	0.08844954661615655
0.08490279825516497	0.08216622900908074
0.033290043674628594	0.13124948859850846
0.03260323921432594	0.12828777118093806
0.03564327239106346	0.1291323421788665
0.07324690410424407	0.10726828741199998
0.13446685781881398	0.0947549451122628
0.032565003661265905	0.2438592999962817
0.03327571244248239	0.11761091176904445
0.1277553717493712	0.09157203779214769
0.03310493716825162	0.2475522691974459
0.03199060150301154	0.1073469966318229
0.03733489542295911	0.35683554134671325
0.03396912682072634	0.09192132547572505
0.03903923569650237	0.14249202618763224
0.03579983752020401	0.0946245997851192
0.03796251102847475	0.10869197846030094
0.031486795153069534	0.10938382174258181
0.030484046129122356	0.1288447338987003
0.08007419771753922	0.08335424693185481
0.04111904510267386	0.08950959923465895
0.03212309367608414	0.09731826700385386
0.03624375996611701	0.26931520260522746
0.03826272318010327	0.08444891848036594
0.04590330125006575	0.08848622022293415
0.07684740086411182	0.07842631785375247
0.056272599178062765	0.09162516891661233
0.030564824729350522	0.1186386464283316
0.03752618040640272	0.1933307281178434
0.03253135042593349	0.11176428376929629
0.03374761454795343	0.4439074724701905
0.03141303405887927	0.1037805224573472
0.03441606024887791	0.22659482256906047
0.036093968864614356	0.10808660925978471
0.032686611327511585	0.13248667334046904
0.03334130179252081	0.1944279599515744
0.042139730341740574	0.10523984301337583
0.09836922786713267	0.08732055229310078
0.03367486831003493	0.26107888413813485
0.031428355791036915	0.06939551044499373
0.10076286231406562	0.13092313936861544
0.047316420619541534	0.08857502818338732
0.032109356818601956	0.5929316423688716
0.058893095456710995	0.09696463026065956
0.035467079768535345	0.13075747072983668
0.03881383211431677	0.08293565814187626
0.06334884142904747	0.10180436785584411
0.07941783277292287	0.08353617915307615
0.03255683418192372	0.12840573140655506
0.11069425668674401	0.15137970291426336
0.03872945176472125	0.09831605297661691
0.031886113250850494	0.09406002886268343
0.033187479468169974	0.15705188150495264
0.03192485721638264	0.09091813782197956
0.031806897593178375	0.23033466497164612
0.07363547279610728	0.08762699106495572
0.03151372368451011	0.12791907985860784
0.033939569072981055	0.09414619955991547
0.03214966730370548	0.12683322755275142
0.03174444180188439	0.23471123458069507
0.0906803604068268	0.09797800197988489
0.03758211570413243	0.1030256313944866
0.08499751123850044	0.0802992165263399
0.03043907398240389	0.12567893901475174
0.03171530131812859	0.24428625404274418
0.07503720622515081	0.11518677649282374
0.03239981699736616	0.08997289942158086
0.032228826606157446	0.11345210725503045
0.0367249086232498	0.11698611756507668
0.09539633066696049	0.08569898054396967
0.04323942925813138	0.23868825672154012
0.0316102274310555	0.11195257068206282
0.03390886609681426	0.11952645231105494
0.031643587988358576	0.1147272182682999
0.031996429682177426	0.23201389652096285
0.038700625355060754	0.10716296227360679
0.0467994465762745	0.099288248442078
0.06738230828719763	0.09578055667148361
0.03170183291485205	0.20055508817303352
0.03924533247545528	0.092448090727161
0.07665466846690444	0.08695714483470228
0.04568963486715129	0.09591017461526045
0.03172066788161913	0.22419013445846914
0.044067308945730056	0.11357693086256462
0.039435221126769164	0.0946269894851693
0.06774655307706699	0.2833359920892734
0.1172701234741969	0.10301841333696089
0.054268608008221635	0.0946429263592268
0.047721795020847856	0.08876927659597254
0.03297786531695943	0.09376052988243723
0.03218609370720422	0.12594723774468494
0.032259310137550776	0.10165815617766791
0.03548888854385739	0.3051499092809844
0.03154420283868432	0.0915288520465712
0.04737678410624114	0.09812155936163858
0.03261253567135186	0.1883394576757174
0.03164099831385415	0.11162999309871807
0.06459608880599682	0.08483445845160925
0.038829832851695785	0.100814782046617
0.042088289356398106	0.09589987240831174
0.08396715261123307	0.10778132600967451
0.032576571236601994	0.11282943480274985
0.03718586985820818	0.1760297875162204
0.034431608744792605	0.20562129732741688
0.03324560783182885	0.12105407465011934
0.032629189586307325	0.18268502360327446
0.035313323388981264	0.3414640745086059
0.07650116833288421	0.09089496247536444
0.03850083535723256	0.11184579025690404
0.04587171550959805	0.08668635880565977
0.03349083330446567	0.07547326866123365
0.03982700983451132	0.10339377437019602
0.03754901442759173	0.10284184212756503
0.03979384979411687	0.06508379146914901
0.03934904613757752	0.11260434317554772
0.03250641433869306	0.1812535899143778
0.03171010567725105	0.12890046339791064
0.07363603056093987	0.09121372300121908
0.03043884102510808	0.12567845783283504
0.04019860605871296	0.10065963920524928
0.030441217516753688	0.1256707384832782
0.031535370855321355	0.11189884019471247
0.05466391295742025	0.13216948504636564
0.05375852142074006	0.08400441744765087
0.06367419185133336	0.09176595262164229
0.0384168775708747	0.0844871364159882
0.04639856090951941	0.09141723715178074
0.03272030815236529	0.09053135541974433
0.031422011313012616	0.11192720516748303
0.032264172407804104	0.08827416955199743
0.07432453294740568	0.08112469951002965
0.08236214153219519	0.1409001247661166
0.04884620121745087	0.07237453484314631
0.03244643275213337	0.09184613688298629
0.031896199515673365	0.07443463971461851
0.03572749101939907	0.0886443545268643
0.07597297858085292	0.08529303141480532
0.030439073982403888	0.13290752796024524
0.03273313346038685	0.10195702083536012
0.033334967668725825	0.3670814380058432
0.03171530131812859	0.24884251069389593
0.03148679515306953	0.10770306657983618
0.031760993219195136	0.10906146598894471
0.08085922298260183	0.0973332581981004
0.03548535719972868	0.09612964686636714
0.032511386005325785	0.08562745329925138
0.078901301932613	0.08494205227790205
0.03183041377006673	0.07633896740328498
0.038169798683777706	0.09846844352274173
0.0314222472334565	0.11029657947422347
0.050419260422048216	0.11359790164220511
0.032686611327511585	0.13248667334046904
0.03224081460389137	0.11682953523864593
0.03141303405887927	0.11239035896797617
0.04603393872833149	0.12392272220979789
0.033490833304465666	0.07602289655615548
0.030564824729350522	0.1186386464283316
0.03475393268956263	0.0787359677343369
0.032481868872125334	0.09166836738373586
0.03189848972794888	0.08105760645939065
0.07281879306374747	0.23256275448508848
0.031421379621165924	0.11316322560703795
0.0336406865152243	0.19382083505515568
0.0330024721581175	0.0937822691988799
0.0323990418429789	0.09162751372412652
0.036887308810934834	0.22739951068240602
0.03380046068262525	0.13746324408692842
0.03754901442759173	0.10284184212756503
0.03268661132751159	0.13044636333283458
0.06023101509265783	0.08902118424450797
0.03172066788161913	0.22419013445846914
0.03172061319223233	0.24426846720775422
0.03372691711099377	0.11512426363585619
0.04227800053586721	0.09926448149844948
0.034494831192985125	0.21473264718495924
0.03100725808898521	0.09094561861604193
0.05156313218357407	0.10766863755516665
0.08490279825516499	0.0802277434810574
0.03164710246391279	0.249791038196427
0.031902398429604246	0.06993915713421846
0.03620913015361663	0.10503159868949138
0.03584795103231984	0.09464605811007695
0.03146321367106178	0.11103378319784525
0.0317444418018844	0.21883834084895293
0.06320038706821335	0.09162942031933015
0.04137136980084974	0.08753834718056637
0.03255683418192372	0.12840573140655506
0.06459608880599682	0.08168049094921559
0.04064764332639678	0.10083654535005059
0.03826272318010327	0.08205593609850825
0.03833662755161685	0.11445468023369779
0.03421499117868914	0.08651329363276702
0.038989896986249176	0.08975148028516335
0.036091699790885313	0.08188441925498458
0.03193004586491105	0.12179833583600626
0.041026510052035975	0.0915405113049354
0.0803716906901552	0.08038814064468187
0.03234850190291856	0.10014201104192715
0.033999581661311166	0.08177583883114316
0.04083949257121086	0.0875629522955862
0.03407441632721221	0.12586230836559903
0.031665412521275846	0.08716457476423893
0.03142135894326688	0.11218643597678157
0.035374926721736345	0.08794137218667522
0.03149115354508672	0.11333517078125852
0.08006058299581036	0.08159446466722069
0.08037298459773057	0.08331855432273683
0.05738865429151776	0.09648919889225761
0.0326700648822748	0.10110287774631
0.03043907398240389	0.12567893901475174
0.03349083330446567	0.07547326866123365
0.03140531533945267	0.11315998791977706
0.06119427924762935	0.09653950659086391
0.03141303405887927	0.08429731125131719
0.04590330125006575	0.10967572865025672
0.03253196598312642	0.09346501465404869
0.07815460648668132	0.08180779677856768
0.030431483961925323	0.12566326074735856
0.034716148937811935	0.0918823038948287
0.04937021405623811	0.07636371616863177
0.031585104282415746	0.12876390067694557
0.03221188452707366	0.08230197358854541
0.03123906579620205	0.07333878036128716
0.03043492452807962	0.133061500615781
0.030439073982403888	0.12580926322883873
0.03043907398240389	0.12567893901475174
0.03183041377006673	0.07633896740328498
0.031509123031940305	0.11004962897142455
0.0852335843958955	0.08060104580106733
0.10043635526682425	0.08407064156764076
0.03349083330446567	0.07547326866123365
0.0375260029587637	0.07551841460000447
0.033490833304465666	0.09106218759111406
0.033025433891243475	0.0777891755247201
0.031552762775052604	0.12979610671078592
0.09539701934940256	0.0821907187824878
0.08391234825028862	0.07920730893463922
0.03178352983694714	0.10936360598491612
0.0317014945194318	0.24440822161941214
0.031379790323890315	0.1111607870117118
0.03057418187401477	0.1187314883472327
0.1322661112324659	0.10039088210575062
0.03714630134981708	0.09060168760915861
0.031945267302234355	0.11074644104903424
0.032135432240534965	0.12918619057278766
0.07684762515916468	0.0784285247164065
0.08037298459773057	0.08331855432273683
0.08490279825516499	0.0802277434810574
0.03100725808898521	0.09094561861604193
0.05896947329691575	0.0791360030769763
0.11057699405288425	0.08596249545416573
0.03124989504023468	0.1265532899177981
0.0314734496949436	0.09087079637507314
0.03497244525737692	0.07759509945606077
0.031938855176546266	0.08758404223196371
0.061600613593735636	0.0812044457801848
0.07288536147529955	0.08128857226869508
0.09220068263792798	0.08149623614383907
0.07309641776844716	0.08040059837812046
0.07684762515916468	0.0784285247164065
0.032447743777869825	0.09164950840686967
0.031428355791036915	0.06939551044499373
0.03572749101939907	0.0886443545268643
0.03584895426780125	0.09954385028645521
0.03143176314600918	0.144594477329509
0.030970826602967936	0.08620441014511472
0.03153135212798405	0.12692102802313282
0.030610398378842055	0.12324003634901408
0.030441217516753688	0.13211691080857738
0.03169298039614245	0.1111639464463342
0.031421358943266885	0.11191984171705809
0.03305446895229129	0.10948510594408044
0.030497140336057375	0.132325237421592
0.03838013427744549	0.08754036385652456
0.03141044565088438	0.11235632300132564
0.0376234997237811	0.10696775854035281
0.0723054767998789	0.0829819437831405
0.09249964368310129	0.07859443247280688
0.06819429319410814	0.10026709220728804
0.03340337137426023	0.07546347363983509
0.040865659314409566	0.07780844547014874
0.04618506017146496	0.07716415962583054
0.031492483050733065	0.12466726538406166
0.08212295926700199	0.07920154713271968
0.08499751123850044	0.0802992165263399
0.03195625265625634	0.0935667960049789
0.03080077760789038	0.10868009992595992
0.032936357801934574	0.08862493942457517
0.03293694394114297	0.120931279995955
0.031304100638309976	0.10035549771213395
0.03171682854851405	0.1386417013263625
0.07684762515916468	0.0793250881409922
0.09963342084752436	0.0802660499413168
0.032839749033450036	0.09007623707201756
0.031512290679356514	0.08882948282069297
0.031669656091524105	0.06846397640483833
0.033248524348326126	0.11127891556048145
0.033999581661311166	0.08183376936730705
0.03146498717081028	0.08472075435336421
0.03043907398240389	0.1027972124321903
0.03699165325532787	0.1044807320535339
0.032511386005325785	0.0855817579183304
0.032742954536068174	0.0766614235672679
0.07684762515916468	0.0784285247164065
0.03159761820502132	0.11352830150638557
0.03100725808898521	0.09094561861604193
0.03148679515306953	0.10770306657983618
0.03198870250751843	0.10912209120493957
0.031590300884056885	0.09039198424075753
0.0328087837784464	0.09633094019928495
0.03210492467684107	0.09961206410135295
0.033461167970664486	0.07210594978502487
0.03423216891559277	0.08969804988170434
0.03132130135605836	0.08188594253339619
0.04894517484195959	0.0892590073276125
0.03155228753794177	0.0885621529343299
0.030439073982403888	0.12580926322883873
0.03119018536919421	0.07244329990473204
0.03186955104732029	0.07729769853750036
0.03328531885225573	0.07846106935403496
0.057258886205056675	0.07849399400442747
0.031687493469019806	0.1320256327992303
0.03214573727803581	0.07555399051076218
0.03197957113610748	0.07541576344448307
0.030899570520397535	0.10841595831968888
0.03174151334049344	0.1092300711782357
0.03130012659255622	0.09866484444272207
0.030767454502997654	0.10673318693417595
0.03141920442998983	0.11018396481229469
0.031422466619754466	0.11415206046662489
0.031760449744404125	0.10893031894885792
0.03368512620230723	0.09140712542161263
0.03148057434245741	0.08598118593583304
0.03043907398240389	0.1394813978059632
0.030564824729350522	0.1187410336066747
0.03231945850395621	0.07563392081835306
0.03148555053325332	0.10128682816829683
0.03868470015625292	0.07879332257532892
0.03199845155417497	0.1101587387233579
0.030564824729350522	0.1186386464283316
0.030933664786369327	0.13371248134254723
0.03349195088288085	0.08650789405801197
0.03398576263908869	0.1112483704219353
0.03044584855048686	0.12362051035762679
0.03157448185589543	0.09231535860901147
0.04983889361938979	0.11759292242513865
0.03548091993852441	0.0849496039515073
0.03148489489359566	0.10938753719630201
0.05124547893048392	0.10455221919277978
0.0318960177651999	0.102385688514906
0.031169341776724643	0.11228666674449363
0.03100725808898521	0.09094561861604193
0.031421358943266885	0.11191984171705809
0.03340337137426023	0.07900509315904482
0.030970826602967936	0.08620441014511472
0.03407480878205192	0.07242239688547358
0.03155117904234575	0.09153897282952494
0.03283129575472526	0.12007693623552408
0.031319415672104174	0.10161877263277104
0.03592569158946716	0.07492432092691513
0.10554818605300172	0.10770204100459976
0.03966053482187693	0.07658826844514104
0.03430984397529808	0.07506235122401822
0.0333246693365667	0.08169518258690822
0.03173384340693025	0.08601900104791114
0.04884620121745086	0.07678111655758695
0.03418957905764366	0.07478804964270896
0.03349083330446567	0.07547326866123365
0.031421358943266885	0.11663734827875928
0.030848765090814242	0.08946368893479655
0.04835506520211004	0.1296789259016726
0.03044121751675369	0.13208196633624741
0.030551726384944168	0.1265768398029329
0.03043907398240389	0.09797940199808058
0.03148679515306952	0.13858405614019867
0.030533499164636338	0.11295546565701531
0.031507648342178396	0.1133302124197378
0.033359642093170855	0.07544980833333993
0.032433996917836126	0.09164335082013211
0.034164805818234265	0.1118197130434151
0.032206762511782394	0.07652009127983544
0.031770883019052544	0.07421100327195776
0.03426880488221641	0.07948394847345568
0.03048674596468291	0.09635409532162581
0.03412834948910733	0.07481516253664455
0.030475059758279337	0.102488785168792
0.03149750136678149	0.14070262955295132
0.04451662822653609	0.12409240357586913
0.03042628171838708	0.1263907209300171
0.03170225695164872	0.09423593758867517
0.030525810108273016	0.10081926803991668
0.03299474616630707	0.12871724151406794
0.03198870250751843	0.10912209120493957
0.036384678987791214	0.0716702153480018
0.03341611509679045	0.07794251255986122
0.0314867913718155	0.11213537027140598
0.031422007008063316	0.11192719715612705
0.03068682228723841	0.11287332674754083
0.033939912009192316	0.08339654464068816
0.03123906579620205	0.07333878036128716
0.039054028869252355	0.09294885211776534
0.03142155203997904	0.10989837280096508
0.03099848141350096	0.09267889475011033
0.031590300884056885	0.09039198424075753
0.033128684952654315	0.11239703245905616
0.03926806565597025	0.09356397130594797
0.030943934056742232	0.08719925883760574
0.031428355791036915	0.06939551044499373
0.030479607716920275	0.12906295292197284
0.07684740086411185	0.07868725114741922
0.03349083330446567	0.075345387916412
0.0313665360859754	0.10992028394086124
0.03276261519110329	0.07780306069276337
0.030911620412650893	0.10731941119429943
0.03430984397529808	0.0876242412863822
0.030640774683340945	0.09316537136818774
0.034134471866195004	0.07216319494358539
0.030849312114552878	0.08708173201274297
0.031172744169416892	0.08342776311918053
0.03143661844903161	0.10634221830814597
0.031578116173650854	0.09456778669848794
0.030439073982403888	0.12837035181815948
0.03186955104732029	0.07660259380816217
0.03047118308654737	0.09749043639457328
0.0312880901463733	0.10665910681422915
0.03186424080085768	0.06803511804617918
0.03277835206655263	0.09124754470493983
0.031871069990326524	0.11080645917500599
0.030464240590257187	0.1256245281337678
0.045692596529784024	0.07676197775589438
0.030395011382507057	0.13202939480548753
0.031319415672104174	0.1015604279182979
0.03043907398240389	0.1257552002999102
0.03138613198625332	0.0867182857892953
0.06739937343836916	0.1164294141088896
0.031231636769719684	0.09811709539419029
0.0420410624920397	0.07148099171083401
0.03493801113375029	0.07639494688635003
0.03111849060830454	0.11153879094429321
0.030552283677093114	0.12333836996984458
0.03123784998270588	0.07424988275693324
0.05774705463591764	0.1199134418802022
0.03044456208976503	0.13210059672102337
0.03284852200697617	0.1314038467898666
0.031590300884056885	0.09544758105199129
0.031079092538628336	0.07278201559279128
0.030439330767620343	0.12850700180543234
0.03208457623367558	0.07628758911791966
0.03273762832194267	0.08742663837504364
0.03408586174962274	0.0762481717008876
0.0308492412829774	0.07273559498041496
0.03157369773556724	0.08753192084405377
0.03042231111718	0.1322327338227182
0.040115756562597235	0.09952456920665641
0.0321736399130459	0.13299889102838425
0.030439073982403895	0.12684791843363752
0.03142155203997903	0.10942710033027643
0.030444667025956412	0.13414166423117768
0.030700370592824267	0.12509085432932493
0.030703162543545416	0.09469826357412613
0.031870385867165174	0.08642441206687983
0.03045561456311424	0.09732578954611815
0.03163520714474137	0.12256732531228404
0.03413225879353598	0.12364361236966202
0.030476579143575964	0.1024809366635508
0.030564824729350525	0.11034745449576695
0.031896199515673365	0.07422225272618808
0.03244415588289182	0.07426648245318668
0.03209800200711548	0.11122853157960876
0.03293611140144641	0.07655296154898995
0.030439073982403888	0.11935476335901726
0.031002463961086576	0.09093857924446598
0.030444267348506304	0.13927139300801755
0.04500118942759367	0.08953316090463137
0.030540892298062783	0.10966155518859046
0.03146989942667724	0.07067208301753554
0.033410808367585206	0.09343926000081959
0.03157429684658991	0.12057954910065892
0.030882384632777968	0.07839940838466185
0.030564824729350522	0.1186386464283316
0.03148489489359566	0.10938753719630201
0.03261176252011102	0.0742733413355911
0.03142647155156189	0.12997545079659384
0.030442170347431633	0.11594383487375719
0.03423182251954699	0.0768327985764827
0.03605993367195753	0.10476765741983292
0.03215270867528041	0.09665859545331644
0.031969298835591436	0.07540626980892096
0.031739941046271286	0.08602951475219159
0.03134082191113994	0.10954789083162549
0.03448272315012731	0.10795553845131096
0.0304390739824039	0.09954360890941515
0.03119018536919421	0.09071707111763329
0.0760319313583291	0.08131829613543698
0.030959189297511944	0.11057321695422437
0.03130440966272802	0.10061700660356733
0.03159034641009987	0.09038576044942954
0.03205844563104609	0.08981264344174296
0.030981859687412013	0.10322092905423186
0.0318912294992016	0.07564734264303576
0.031665412521275846	0.08716457476423893
0.03055445288416027	0.1197095421571244
0.03163003868911287	0.10443205803348185
0.030444439657514755	0.1339934505648851
0.03043907398240389	0.12567893901475174
0.030952469653996943	0.08708964571699948
0.03206469470551796	0.1320879570753621
0.030426281718387082	0.12923940816915425
0.030441217516753688	0.1256707384832782
0.03047848085688959	0.10613793665690109
0.03143603456722093	0.08238180658621842
0.0304378703080008	0.12580677439995708
0.030450978510040822	0.11904571511761676
0.040532401475806515	0.06887576432673843
0.032688980484652706	0.07537379620741944
0.03306497454653201	0.07224350554878693
0.03171965823739365	0.10184148397222278
0.0307274202392115	0.10992051048796787
0.030823782744772692	0.09005209652623387
0.03146989942667724	0.07299027194000203
0.042108585696519936	0.0711289992090322
0.030483940154442855	0.10504990968917202
0.03188086117630719	0.06860491411597577
0.03127460167341166	0.07352675528759084
0.03272058897432639	0.07221688462305909
0.03099223665885493	0.12962378964472618
0.03222063264255	0.06930285208981352
0.035788888079746665	0.08013398592814627
0.03100732151858017	0.09094395441928144
0.031428355791036915	0.0692333575191568
0.03405261042131494	0.07099687255640591
0.0389661327891505	0.08096797730180948
0.031464987170810275	0.1040150663845263
0.03080545012359257	0.08656231031961044
0.030921213477962887	0.10932964095684704
0.030441217516753685	0.1090345042827639
0.030540892298062786	0.11998726738822499
0.0310282710150858	0.10329832546734113
0.030447141912395424	0.12569560266665133
0.04220555349277678	0.0723691040396355
0.030422688562042156	0.13223355460886804
0.031190185369194205	0.07232163527818604
0.031896199515673365	0.07456158467765842
0.031319320201637316	0.08793567305172632
0.03184390493069606	0.0747248461201779
0.03043907398240389	0.09797445892851235
0.030464240590257187	0.12563128141663735
0.030438721809559404	0.12781785171414625
0.030425878698061213	0.131904093594366
0.030640774683340945	0.09316537136818774
0.030568034408902833	0.12015027032923456
0.030454107577802616	0.09365098945178485
0.03304035033955992	0.08795718066884207
0.032337312703161696	0.071694953773287
0.030439073982403888	0.14596692745038095
0.030875366255817587	0.07482888840566884
0.030438775568957948	0.1250710028160101
0.03042308871230198	0.13170386365935127
0.030841090907286605	0.12463746049876877
0.030534199274714936	0.10333297645483014
0.031873220886563074	0.06808499573967912
0.030791005002101253	0.12658802471337885
0.031462561175295764	0.10795892605429608
0.03179993816361012	0.06970150008863098
0.0304823021416945	0.09804899126242798
0.031865321627443655	0.07402535894353651
0.03161304696589503	0.07411902499654004
0.03821423122786321	0.12071641242020521
0.030429558565579714	0.12860972682603072
0.03179609612729657	0.08660087290443687
0.035243828613143284	0.10135356830242423
0.03133768105289495	0.07350848219418187
0.03143603456722093	0.08238180658621842
0.046227833847540194	0.08012595152269794
0.030540892298062783	0.10966155518859046
0.030427172418111267	0.132144235366813
0.031069967066732325	0.12660474996767537
0.04337520936369361	0.1311601532130599
0.03136586348225217	0.09171782000846293
0.031231636769719687	0.09512849329508988
0.03117635248812586	0.07500180001062799
0.03098843283696345	0.08787149905787288
0.032238416522690445	0.07540425934686532
0.05236443739383948	0.12038505154151431
0.030561480869915465	0.11539209203693186
0.030794321041777015	0.10434229266415043
0.031413755263205036	0.0716102831824083
0.030564803428156075	0.09103460300523186
0.03176022069149452	0.06944543898831004
0.03099848141350096	0.09286456837395053
0.03095312216698538	0.10404708673623204
0.030912499450534352	0.09529033835789244
0.030908986312741957	0.08488524989760811
0.03150228101912184	0.11476060217001825
0.0304107597095788	0.07734134395190362
0.033072418151234566	0.07998927040935709
0.031155486652771305	0.08418202279085948
0.04076659318757219	0.07594351696059831
0.03044274675459738	0.1427437590125411
0.04577467597771447	0.0791647463147616
0.03054004940507392	0.12289843481284175
0.030546437539007106	0.08383208708239717
0.03113692453267322	0.12695898161606714
0.03142546607309185	0.06912474297986178
0.030882384632777968	0.07876972132371171
0.031221674109833827	0.09777662535567411
0.03074729975530985	0.0926546901470547
0.03091588799096364	0.12463997751461274
0.03048778458312834	0.10349509210990447
0.03131005552673257	0.08956811908114673
0.03131498236816878	0.07488873924238999
0.031642731969405626	0.10371189675044126
0.03361345224849367	0.13072486707360845
0.030795979156146625	0.08732351549014265
0.030747512693624513	0.09265432161597519
0.03088515640297039	0.08050120782382224
0.030429558565579714	0.12860972682603072
0.030516640369491362	0.12597321570305015
0.030431963713563805	0.11451268205942548
0.030424178433878867	0.1244318276917183
0.04203441734447604	0.13313100485408294
0.032304216784214336	0.07221284244181879
0.031865321627443655	0.07401323080478822
0.032224896802317465	0.06930744638185395
0.030581825009381253	0.1018290675996145
0.030777947248773536	0.07563694060464476
0.03145567397779617	0.0691604120435368
0.03076602736923147	0.07281864055150616
0.030875618015852143	0.08714043891132406
0.03179993816361012	0.06970150008863098
0.030422688562042163	0.13358113275959407
0.03043298305906546	0.13284644306509757
0.03049723258124067	0.12900820571782243
0.03044947722010784	0.10278226116511893
0.03053099920367226	0.1148892951510536
0.030434918581535585	0.12645174207121726
0.03043907398240388	0.10384168206285818
0.030441217516753685	0.1090345042827639
0.03043907398240389	0.12567893901475174
0.030529095578890025	0.10081321717917217
0.030424667702560738	0.12639807461507233
0.03075714568601963	0.13039694725292958
0.053659659509817124	0.08851177689380231
0.03051311250859408	0.12583179063588618
0.030426281718387092	0.14283002969602604
0.035258542257932006	0.13020041506549018
0.030747299755309845	0.0925668223912764
0.03091094067966134	0.0855492659875107
0.046507807077111586	0.07020067546296244
0.030633280387122826	0.08398894196132703
0.03309844680927008	0.1342383675288938
0.030438721809559404	0.11592044435504675
0.03488510688222036	0.12809165645452036
0.030449787142345502	0.1257910206706401
0.030440067228718067	0.11902175618127657
0.031383055690043724	0.082312340218208
0.030492250759113198	0.12577609891354313
0.03068419341486236	0.08084125185224993
0.03086116701124304	0.10019751979531581
0.03141710489133873	0.06919312147369021
0.030898679584074183	0.08906338203730507
0.030533499164636338	0.08180964419144195
0.031660175319590866	0.08802871212394955
0.030449862037944392	0.11904912586268232
0.03171328057202183	0.13459391751851638
0.03148215636933197	0.08448486992345355
0.03145575002343683	0.07179567539477726
0.030475059758279337	0.102488785168792
0.030744586489829438	0.09095857128439899
0.03174964560659485	0.06949023425821736
0.03079548766089097	0.07871643235926216
0.030442170347431633	0.11594383487375719
0.030431636943624614	0.12712859453454375
0.04030555624701294	0.08176725212117746
0.03043981911177743	0.17049605295096895
0.03515208524274075	0.06679842754748014
0.03042749957473208	0.1319076089540437
0.030850156706552227	0.07273429966727735
0.030411070428570827	0.133090017316568
0.031083150250762255	0.0838406112151165
0.035653314716897026	0.07237671194643171
0.03147932104200796	0.07300121067214896
0.03039633307865702	0.1319690565875336
0.03594209761567726	0.08682820850365756
0.03161213644189185	0.06994809899211481
0.031382976280318144	0.07085151099444137
0.03046037268119088	0.12886973826195627
0.03803657450667082	0.13760655826593604
0.030434927631017922	0.13306148920719324
0.030682811424792865	0.09386897619744752
0.0308492412829774	0.07271743006171294
0.03120060848357527	0.07199720087429334
0.031228626871574624	0.07314684529723281
0.03370694341579737	0.08353143523872891
0.03222063264255	0.07096934642894549
0.030823759955035317	0.08932962088415913
0.030429576716825252	0.1286097652055773
0.030483831060438504	0.10568342540890698
0.030543758435499637	0.09714300433340999
0.03450446365597552	0.09638044542648655
0.030482445889099742	0.12576849844294405
0.03119018536919421	0.07244329990473204
0.03074729975530985	0.0926546901470547
0.030875366255817587	0.0740564261328886
0.05309252280310198	0.13670501066745128
0.031078125885775854	0.12563135249189034
0.031117572079160532	0.09614366907966514
0.040532401475806515	0.06887576432673843
0.030527584990319163	0.11293849808496234
0.031145463227073195	0.07386924574434194
0.03238083244457527	0.07399694822796939
0.030439073982403888	0.12535614721021515
0.030425935567338483	0.0991903759103808
0.031428355791036915	0.07272778639751894
0.03167872144999226	0.0693561967002783
0.03147550928659115	0.07085951173380495
0.03533646590105805	0.09538558100796163
0.030426073599860208	0.10326379574314377
0.030553648988499913	0.11784657438150492
0.030543758435499637	0.09714300433340999
0.030744586489829438	0.09095857128439899
0.031670829956725946	0.06846524566546988
0.030464207005968566	0.11457337146598376
0.030462429508729603	0.10651228700652202
0.030475059758279337	0.102488785168792
0.031495161815288886	0.0690135867959839
0.03570250142552893	0.10143713214153154
0.031873220886563074	0.06808499573967912
0.030543758435499637	0.09673196648196564
0.030438775568957945	0.12507178438482325
0.030424667702560734	0.12639729354981483
0.030451101287256206	0.1581838789406113
0.04968656453883488	0.132841264320345
0.030650271064585254	0.10075618834027206
0.03052554451014219	0.09823646669790839
0.030434918581535585	0.12645174207121726
0.05130991327147819	0.07072776109698471
0.030800842941346395	0.08748796455555233
0.03822900608854892	0.06900285663035069
0.03127460167341166	0.07352675528759084
0.030422563334319114	0.12733223660098633
0.03289584201863848	0.07039448510292567
0.030682811424792865	0.09386897619744752
0.030422688562042166	0.12267541676995189
0.0304823021416945	0.09757091523878433
0.03119018536919421	0.07244329990473204
0.03929218957490489	0.12588665713088987
0.047905782988198496	0.09045767638555731
0.030810687870798797	0.0989849340911124
0.034489972213316615	0.0710365622837505
0.035552119938562776	0.09576659990857368
0.03150188004199738	0.07545695500774167
0.032158427582409506	0.06928342262142086
0.03184124736637821	0.07193216700355555
0.030424667702560738	0.12639807461507233
0.030427654878260452	0.1090054983970251
0.030454599548964362	0.09732882269053623
0.030490838485007866	0.08696881699520324
0.031749406029821396	0.06970068324153719
0.030616466148559437	0.0807519321742904
0.03071518869207851	0.09327854556734096
0.03072974465857779	0.08813777614669027
0.030459533918327713	0.11777912554224511
0.030466740345101828	0.09447328186769605
0.03234733810774786	0.09652955635686424
0.030425878698061213	0.131904093594366
0.030429558565579707	0.13220076063848912
0.03084927191609058	0.07273555146276751
0.030434898595048315	0.12645182029351168
0.03167562762921576	0.06852595747577525
0.03042587563336921	0.13011261651699352
0.030434918581535582	0.09949477908644637
0.030855774634063936	0.12351259946915358
0.03042243367632886	0.11423696677317133
0.03042971061803558	0.15023102683619333
0.030399766611764596	0.12656321468215154
0.03145555670337111	0.07091388670564418
0.03217276994647692	0.06872534094721426
0.03053402265449743	0.1266575940372473
0.03094512338857896	0.12998765966024567
0.0372830926396775	0.07047479992499371
0.03570593996535417	0.07307606205259426
0.03167580862722792	0.06895547878753883
0.03098151819491977	0.09286990802795554
0.03759604107972013	0.07195390479817661
0.030418651295058	0.1340654351725033
0.03054800675934908	0.09570845723719842
0.030944250584865475	0.07663378165017423
0.05505854317063856	0.15231261386440562
0.0313137368213743	0.08013802204907396
0.031398649735479824	0.10821082088416495
0.043389135485108	0.1334183985801179
0.03135342836449287	0.06641277569894652
0.0308492412829774	0.07271743006171294
0.03040850888991319	0.09954918081156806
0.03395624773919443	0.06900467079316334
0.03042872440935507	0.1321476075344563
0.031642035537120625	0.1099827744838935
0.03159197638697666	0.0783864971388022
0.03052639471750374	0.08039866342198153
0.03147423792387265	0.08209612461416851
0.03045561456311424	0.09732578954611815
0.03506711824747035	0.08910199460192969
0.03121688935552951	0.07247430638466057
0.03074131812783812	0.0909537350656138
0.05296295454423219	0.0847908384317206
0.03137660797927617	0.11690502132212695
0.03195099339679038	0.06876276037752092
0.030422688562042156	0.13223355460886804
0.031428355791036915	0.07143437023823748
0.03250759687974265	0.0693151543838166
0.03447739309317364	0.088893269100596
0.030452291980742528	0.09399059813563872
0.030759024225453267	0.08093984229246624
0.031071013693548085	0.07438160935998217
0.03175756720888372	0.07156916742941413
0.03553379395730684	0.07170013649968801
0.031681046701037	0.0726069573645626
0.030466740345101828	0.09447328186769605
0.03382009790377268	0.13488948989785793
0.030809611640485367	0.08581957408756792
0.030414939705439965	0.13360287396361195
0.031606961522458184	0.13576514169661186
0.031347526823838644	0.0910683357974944
0.03146340301831022	0.06954975128301799
0.030424178433878867	0.1244318276917183
0.030643132419049222	0.09258620608051213
0.03155864523521665	0.0684198317416447
0.03114473720496248	0.08038572460525231
0.030505301245148254	0.07763942136266125
0.031783039332921016	0.08462481552794843
0.03186424080085768	0.06803511804617918
0.03540229630684649	0.09358890838424411
0.030411088760130853	0.10503718238212924
0.030449369364086067	0.10090130120497694
0.030483739796260706	0.09765937968640936
0.030444627550430328	0.09722407679068618
0.0636235428617818	0.06811169464510125
0.030422563334319114	0.1226404590802863
0.031237202381387733	0.0924162423628681
0.03169052053704577	0.06866234996410044
0.03043919350854618	0.10384480639210207
0.030410727431638106	0.1384678380248506
0.030835168158661847	0.07213363114237578
0.030416603662086976	0.13201307351671882
0.031619836504121736	0.07034272297646507
0.030438293618517125	0.09797320237161589
0.03325054427493145	0.07050133904729333
0.032864763926740266	0.08792570590090218
0.030567833437966888	0.09718131589175232
0.030543758435499637	0.09714300433340999
0.03100008453254287	0.07372742436222735
0.030510597450398122	0.08592963590134485
0.03180639275550563	0.06835783097863198
0.06971083317608126	0.14449355760753574
0.031880861176307194	0.06862984953299098
0.0308492412829774	0.07270808484041547
0.031450518024174895	0.07058367423747247
0.03945168689558948	0.08198479548103488
0.030475059758279337	0.103357317634221
0.030476579143575964	0.10401708673041385
0.03072949624411589	0.07261864410921087
0.03171384728888961	0.08314332484793618
0.030454452463201304	0.09924672697125379
0.03043922377574462	0.11222585828913124
0.030618494147029975	0.07956441332661189
0.03119018536919421	0.07355861461556491
0.06598572557952488	0.07482910701391386
0.03043907398240389	0.09797940199808058
0.03561463950563601	0.08596411559331657
0.03138297628031815	0.0707321640605249
0.0308932723640444	0.07416284693348628
0.0317866058106653	0.06837662877185133
0.03161274289078118	0.06994505396866467
0.03087931189334185	0.07405982185694866
0.030446250169157738	0.09519304780451857
0.03044225187498423	0.109544153771818
0.03274472163448037	0.0685877277104995
0.031959370778945964	0.06986873647874171
0.03041500555688845	0.13349703068121707
0.031469408817282184	0.06917307491621873
0.03146989942667724	0.07067208301753554
0.03052639471750374	0.08039866342198153
0.030475059758279337	0.102488785168792
0.03421657463934788	0.10936613628002705
0.031428355791036915	0.0692333575191568
0.031095383387394145	0.07243616140000353
0.031167686081066764	0.07033163478125334
0.03620591972731313	0.07646358673731816
0.031940704843207025	0.06797953623014837
0.030419881591794016	0.13406814789682228
0.03042319600158894	0.10001065902751431
0.0314441441435378	0.06989864648960598
0.031207554483531966	0.09606144777892997
0.031022548159297954	0.07171260130392088
0.030644336787150797	0.09181930936182646
0.03074270930980186	0.07349691857845174
0.031739466212213595	0.06869288542488225
0.03150728213869315	0.07245460023334785
0.031414906373031216	0.06919069965638913
0.030451333793437643	0.10278539633319424
0.03205002106737707	0.06904397105978115
0.03157662602505439	0.06923573765795528
0.030624505465704173	0.09314061328435763
0.03043153835409924	0.13448048578886798
0.03388840358810289	0.07988093204197431
0.058490251862760474	0.08487096718135334
0.03042132659596099	0.1335862876884865
0.0316716202313903	0.06846266669986836
0.03052133436844522	0.09757085783226876
0.030746187238336917	0.10474551252250268
0.03075014466216323	0.08749977180077567
0.03072801484012667	0.07478472575979582
0.030416803759885487	0.09719051441733793
0.03139055872745549	0.09045562768273578
0.03120060848357527	0.07199720087429334
0.03045516966744113	0.09336445058861696
0.06645007451158329	0.10777229039174115
0.030629951700022553	0.08493834180332632
0.032118739233843695	0.06781743386824343
0.030408626700106727	0.13308466684656217
0.030835168158661847	0.07213363114237578
0.032431918141729854	0.09810431752859079
0.09420626432414664	0.08113267718720427
0.031428355419041994	0.06923336693088496
0.030443964230266567	0.09735528077278614
0.030413802680504528	0.13089624594731297
0.030543758435499637	0.07956259983608097
0.03084924128297741	0.08760190711673392
0.031545203000277196	0.06941866573181679
0.030452642820823272	0.09962141853380795
0.03469780568258006	0.0688447820199608
0.030616398663367017	0.08022815060781135
0.030477190884771747	0.1006421958301573
0.0316833178222572	0.08842731924499703
0.031437668286687405	0.0689505464219287
0.030479706117306257	0.1031759130733467
0.03048016883666617	0.0978268074707277
0.030769488071471406	0.07529631164931329
0.0304353989421768	0.09918142593738594
0.03219208514030595	0.07128238191779071
0.030457555663240668	0.09204782391207529
0.030405146367557534	0.09864663996787483
0.032628424687614746	0.0726969582121464
0.030498315820493296	0.09075738318432641
0.030416603662086976	0.13201307351671882
0.03042070631127743	0.13109191750940632
0.03074249996430261	0.0734974375279459
0.03042280250035555	0.12263957872663879
0.04111267143207672	0.10112470530092876
0.031426480259788905	0.07684124555651552
0.03289611446122963	0.10389481557185119
0.031188843945205463	0.08686251466502586
0.03095842656375862	0.09853563938411818
0.03046521410073575	0.09671705728265363
0.03186424080085768	0.06803511804617918
0.03043907398240389	0.09797445892851235
0.030983701651422037	0.07499328997094179
0.030861967999440815	0.07754853965582287
0.030552631947944015	0.10922928277024699
0.03045561456311424	0.09732578954611815
0.031873220886563074	0.06808499573967912
0.030871034504211473	0.09853500358932442
0.03050530124514825	0.07747338695850235
0.031754899786007276	0.06834315705276126
0.030560261534276753	0.09763678165804188
0.03341583188501103	0.0715224248237621
0.030434431981085412	0.12710199309243622
0.030421618070423026	0.08880749929099536
0.031669656091524105	0.06872100807133645
0.030518507947223824	0.08836007394891256
0.030589683813913724	0.07539808242525355
0.03051143239045859	0.08766627943544389
0.030409312158679255	0.09744240929716184
0.031807874420440925	0.06875061429483187
0.03084458176380727	0.09808598718109146
0.0308165216566133	0.07192242672045078
0.032656246433465444	0.06940111244594055
0.03710199900102483	0.1001559159775476
0.030399766611764596	0.12656321468215154
0.030399766611764596	0.12656321468215154
0.031534802044441715	0.07190288908613858
0.03184520463623957	0.06811250973510301
0.09412325485894672	0.07958862929662007
0.04800717134760579	0.13904870009726167
0.030418854500320208	0.09690286093379953
0.03209030146124534	0.10700207473017767
0.03181731087909072	0.06791775665784464
0.03134518470910219	0.06965198023667375
0.031560048565697184	0.08368899076796817
0.03378874352821793	0.1067118483163807
0.03149112454107487	0.0686748507602665
0.040181631929793536	0.07600948858483553
0.031873220886563074	0.06808499573967912
0.038348927796230926	0.09487714286938548
0.03043907398240389	0.09797445892851235
0.030419072270330298	0.13280205398430397
0.03138297628031815	0.0707321640605249
0.03045561456311424	0.09732578954611815
0.03186424080085768	0.06803511804617918
0.03043829361851712	0.09939752199841635
0.03270128998888688	0.06932411200986151
0.035390035102368524	0.10178403097292606
0.031968587293527306	0.0689656529347747
0.03392818623050578	0.1002492909884899
0.0313925512377139	0.0691934946884841
0.031851047470095165	0.0699268392535311
0.03295325859208318	0.09758169091554005
0.03155864523521665	0.06824896970215187
0.03044163077083413	0.09908987978023522
0.030425770139831554	0.09808682367935825
0.03071895192308788	0.10999931750370401
0.030430630750503673	0.08119825673749169
0.03043907398240389	0.09797445892851235
0.03040850888991319	0.09954918081156806
0.030779407632369707	0.0728330207872044
0.03193112229801767	0.09872786108704051
0.030493293896154017	0.07792143256196286
0.03180532643439004	0.0751232311195537
0.030424624013251265	0.08094788050847233
0.030589683813913724	0.08984910452053493
0.030670742950140013	0.0952548367582151
0.031917224548987044	0.07098189967453364
0.03057455773658942	0.08396667000739004
0.031091597372507128	0.09931762246078185
0.031346421506352945	0.06870183084098469
0.03187925261839458	0.0684726142300643
0.03042776006675408	0.07798858091649619
0.03050112473567787	0.09788041359878538
0.030769488071471406	0.07529631164931329
0.03118738536657894	0.09639521382449116
0.0306733598798004	0.08911753900084944
0.030580672422845748	0.08260525954181129
0.031542435625194445	0.06855595052697572
0.031712476248808553	0.07268565949562465
0.031178904383736147	0.09207669531690099
0.03156013951145326	0.07218696939970062
0.03049083678131025	0.08717817053551198
0.03945969179355998	0.10141157943442294
0.030406890311901653	0.09743566796619728
0.030443867118755446	0.09575658938582896
0.030425467998007164	0.1327516406387718
0.03137420800305523	0.07730741745582562
0.03160923344521315	0.0683332953607904
0.031598725698337694	0.07048158104706347
0.030467778324647934	0.09987123161008257
0.03070143713561703	0.09305256573581093
0.0317866058106653	0.06837638267897986
0.03137964778012609	0.06917952125679859
0.03077794724877355	0.07563123794326615
0.03125689227927707	0.09728239246895355
0.03102393441173302	0.07143194744856583
0.07053638004981273	0.080336430578122
0.030454573235392884	0.09002761888424611
0.032003055598963874	0.09252002510866199
0.03180639275550563	0.06769415550570393
0.03076127774922452	0.07332909071842426
0.030606856537272145	0.07625878618988394
0.03039633307865702	0.09532084555903145
0.030849241282977405	0.09639922247137205
0.030478616485430852	0.09444133063465404
0.030437794935901315	0.09150595513347058
0.031691918717368435	0.06839663943394768
0.030412617057767016	0.10139358346870835
0.031087891597028728	0.07984564690913631
0.03798604466642748	0.06977994517622176
0.03120060848357527	0.07199720087429334
0.03051199696110127	0.09497117548541721
0.04603200419823083	0.07567467202780491
0.030768811127248233	0.07141307213535894
0.030845653293500846	0.07272586541253284
0.03050090235252528	0.08590696803020714
0.031041295232536948	0.07495049214041584
0.03117298035593681	0.0724080527940741
0.03045561456311424	0.09051791083187823
0.031533154744230955	0.06841926767339193
0.030764951973550052	0.07161585466654932
0.030395857293222438	0.1320312327989539
0.031994368968913535	0.07873839407267509
0.030506755524376258	0.09453534207921015
0.030455614563114245	0.09568751568965342
0.03041885450032021	0.09513404667380417
0.0335354637255609	0.06959559558373957
0.030436079939420213	0.1321186029367069
0.031241088839210743	0.06979565486118153
0.030471351183268592	0.12753241839620785
0.031669656091524105	0.06846397640483833
0.03164291156429612	0.06850830761489453
0.0304451494793335	0.09233283648685243
0.030483544988672267	0.0959278913600059
0.03162890401297987	0.08898738186941524
0.03058107192954516	0.07921504469687166
0.030407842423917558	0.12688538965728585
0.030416796693584873	0.09808160706581191
0.031441699535880135	0.06909513816663689
0.03045716877522367	0.0933820302101242
0.031181773312659967	0.07197546515957537
0.07238007571000872	0.10115596933391816
0.03165218452472237	0.06852220275009727
0.031107113013554722	0.09162009353000508
0.0308492412829774	0.07270808484041547
0.030678270389076372	0.08547248262797823
0.030425935567338483	0.0991903759103808
0.030425935567338483	0.0991903759103808
0.0336869357326197	0.06993639174674361
0.0455460327402315	0.06617070079314767
0.03165528044968493	0.06828845869268828
0.03165327753228722	0.06931829690224353
0.03241530675052705	0.06921781289017373
0.03050530124514825	0.07747338695850235
0.03042000577203764	0.12374062156398437
0.03038268690870792	0.14092662727462119
0.031382976280318144	0.06827601843371066
0.030416803759885487	0.09719051441733793
0.03146656600042416	0.06860418956912143
0.03440242040460299	0.06976459984097388
0.03165549206698111	0.06807514781973877
0.03084744396315949	0.13400957514010264
0.03396318102877266	0.06996699537044497
0.03179743618985071	0.06767302074314646
0.030492097709135788	0.08762784504789171
0.031176528759600936	0.07181465412755786
0.031167686081066764	0.07033163478125334
0.030388750232008703	0.12543403521350144
0.030535576314750415	0.08851070435869132
0.0308253253593804	0.0729074187878549
0.03079326872784854	0.12400967957531663
0.030482299082593818	0.08016507306448743
0.030426797585984575	0.12641461777574986
0.030559402596189604	0.0885899713335048
0.03364104525181989	0.06690509222924987
0.03144169953588013	0.06981654057878019
0.030833100792067032	0.07203091701051972
0.03265105856931943	0.07401199700764746
0.03070142500236553	0.07502102007702473
0.03172428454049582	0.068298414144104
0.030419322350199226	0.0950993834332847
0.03336840704846617	0.06952409896017075
0.03174873430152255	0.08461909774878029
0.030475292180106698	0.07957764361313721
0.03160933310134791	0.06833242696517147
0.03162599832649605	0.06849086387540992
0.030824989368461817	0.07947789931851416
0.030811266792764636	0.0831128808381436
0.03187322088656308	0.06823092323822823
0.031241088839210732	0.07319068380996373
0.030613563683592568	0.08022443192960702
0.030453918854608436	0.1317676745961173
0.031441699535880135	0.06905235113144255
0.031664889195885955	0.06835838676616143
0.032346303962925024	0.09865536671406473
0.030754795857270225	0.0733386752894859
0.03625505701019056	0.06961442351075381
0.030454573235392884	0.09002761888424611
0.030849257472420212	0.07336256954908256
0.03044145932339163	0.13444778360146564
0.03183945513072138	0.06738090553973441
0.03142026184617412	0.06919659893773455
0.03234118285912001	0.08165653211778301
0.03139114312746928	0.0692069331202906
0.03240776773050918	0.06700409853410831
0.031488306406069276	0.06924761801571754
0.03076016438467455	0.07756102951526057
0.030745663314993257	0.07346653607542224
0.030551080983913622	0.07831565842116478
0.03166094850646576	0.06804137577482319
0.030493293896154017	0.07792143256196286
0.030412659635795182	0.09689298809332834
0.03159844447356601	0.06863538729855172
0.030930532519363126	0.07702779872856269
0.03202873366696837	0.06812410222313633
0.03296548978534984	0.09555398584565594
0.0326549839390141	0.0719169912416186
0.03164368262691666	0.07338048085501002
0.03564524931387584	0.07128825982680034
0.0314777817399058	0.06738282089567488
0.030939975582780797	0.08658944393780317
0.03137896559455206	0.075382402562441
0.031441699535880135	0.06909513816663689
0.030769488071471406	0.07529631164931329
0.03063610843992992	0.09800450956544249
0.03142546607309185	0.06912474297986178
0.030480652273926365	0.07872164229922099
0.0307924076981235	0.07387645944418075
0.030835168158661847	0.07213363114237578
0.03047156010306394	0.09297388870282268
0.03217812304978857	0.07267779771509879
0.030618727221937883	0.07730045615639597
0.03158686242090359	0.07770092170924034
0.031383376164677415	0.07073096525668407
0.031233378780725633	0.07122855106284569
0.03084339026863619	0.07302166080807058
0.031542435625194445	0.06855595052697572
0.03049083678131025	0.08717817053551198
0.031920780777303766	0.07006617650192917
0.03262322714921014	0.0731453631512632
0.030401351976399774	0.09144996004655977
0.031685718632681166	0.07053426044602543
0.030882800716646553	0.07116017872713201
0.0308492412829774	0.07270806871768287
0.05274048514929382	0.06746657681463764
0.03181731087909073	0.06682904972264918
0.03097024298552699	0.0716520852346988
0.030446428470274893	0.12703821530609738
0.03041611203773098	0.10348486392989506
0.0303852146227522	0.12850756326339544
0.03217967813801447	0.06768092657787873
0.03418591541596416	0.0764931972236574
0.030840459391152094	0.07272109442540023
0.030402129252893255	0.12653954416437121
0.036316775995287424	0.06647776819705775
0.030493398078334025	0.09008501992406519
0.03039633307865702	0.09089464128213978
0.03040514636755753	0.09767171863038178
0.03049119249556183	0.08156084766539555
0.04750851092039512	0.07275753180131089
0.030418642179707637	0.08001746054406356
0.04491401246935687	0.09692371128415093
0.031171681069285223	0.06980047177111216
0.030520543297275306	0.07663651105012896
0.03076491711609436	0.07161581407879736
0.03039074635319022	0.12654442823048215
0.03038521462275219	0.09029017015978089
0.030437794935901312	0.1299853036541087
0.03161740528556483	0.06897685202315175
0.03094708619026147	0.07306916361148942
0.030751328946057883	0.07335300073595259
0.030753179963224474	0.0715924172203367
0.0308402171054366	0.0717443254361233
0.03170760957436275	0.06808024220033176
0.031533154744230955	0.06826719890533954
0.030700046733079012	0.07406983694282987
0.030765230817073032	0.07274847822562827
0.03192743621020708	0.0731068675233648
0.031167686081066764	0.07033163478125334
0.030398510322945188	0.13224032689636822
0.03227326640583317	0.06755626545685164
0.03053496614150302	0.08109463070779786
0.0313265661363228	0.06974351958902915
0.030745172000496018	0.07354556178926046
0.030961752526460884	0.07236194522096569
0.030515664083866228	0.07750292297063277
0.033718787788687185	0.07049312372890482
0.030409312158679265	0.0976416679846726
0.030403069633419492	0.12481701681937404
0.030440926668182367	0.09512841950513701
0.031379890691628824	0.06921506869821044
0.030836572586221356	0.07209749806775238
0.031533417437552835	0.07259510990082277
0.03063729218379294	0.07629109623430308
0.03150456377396662	0.0681551270983152
0.03570637515768686	0.08084458854764247
0.034126381440273225	0.06676325842601255
0.03515891364962773	0.06744547858235746
0.030463745671900067	0.08128678235430399
0.032046244529839896	0.07312896266503757
0.030999418459707433	0.07174509556928203
0.030490132861441477	0.09164183075135518
0.033861116960734725	0.07283247595086559
0.032727203804702794	0.08451911452558972
0.030409108766132373	0.09462920861304339
0.03148976657013468	0.08840153246786826
0.030835168158661847	0.07271401016450314
0.03872374735028912	0.07446391780184237
0.032046500748113944	0.0676228016602492
0.030480652273926365	0.07872164229922099
0.0315075237614136	0.0681971742848786
0.03151422383858009	0.0704270382779255
0.030759370227804082	0.07531141525679864
0.04565369628396618	0.08106835900831309
0.03882876742699855	0.07507837764112829
0.030526394717503742	0.08049807194614896
0.030764951973550052	0.07171253167914769
0.030567220876004816	0.08259220589563888
0.03140271491327928	0.06916112797632643
0.03141526516303707	0.07069842568199637
0.030422885979716166	0.0918077059753485
0.03104386070822653	0.10225956657386617
0.03445170382227243	0.07925303476164733
0.031084469520124773	0.07240896606525732
0.03144382562135637	0.07245000641991232
0.03043395164343912	0.13211398117943454
0.03043926009238869	0.12594669181788984
0.03039633307865702	0.1319690565875336
0.030832109473713884	0.08577443631938213
0.030531393416301185	0.07734313950119186
0.030399358093336788	0.07796444959889498
0.031372058283837434	0.10947682232771645
0.030489938176197984	0.09831198254717796
0.03060909317065239	0.08853363253349308
0.04085192218774053	0.08048154115867097
0.03084160907509742	0.08540839937281496
0.03046881096938503	0.09919453307243835
0.030754649158517104	0.08821617931010754
0.03041885450032021	0.09513404667380417
0.031998271204686964	0.09016035079570503
0.0307636646721186	0.08234159961893528
0.030654825333977006	0.12590691901222428
0.030415112564723196	0.09689689746152852
0.030389389363063183	0.13300254809050235
0.031499779071577784	0.0678638806058072
0.031223614656466947	0.06983681065614784
0.031938565552714106	0.0691546148032777
0.03078815306388497	0.0751092848898765
0.031078680797307932	0.0701310065853279
0.030717223560606795	0.0752798009591388
0.031599984971162176	0.06803864799247428
0.03660836023903467	0.0709752002255213
0.031431394358630356	0.06913126518461249
0.03038549590003529	0.12542731579022223
0.03112834228247878	0.07971440035594964
0.03071593344860767	0.07882084062420147
0.033280671855000735	0.07087818854970562
0.03097024298552699	0.0675833476004923
0.030531397786739647	0.07734314504118245
0.031326561401982755	0.06974351431521551
0.03413051543807605	0.06675055656133946
0.03313614261714412	0.06891215727568371
0.03072259822512307	0.07156652289178965
0.03060167132850071	0.0769915525126838
0.03147244424038349	0.06899439887376159
0.03141490637303121	0.06918499165518602
0.030772159300784883	0.07162424637606359
0.030606856537272145	0.07625878618988394
0.03157229843864785	0.06871940084288626
0.031037848044525248	0.07084199448428749
0.03136576352443052	0.06789554294315815
0.03366175821655059	0.07321806396595956
0.03139304798056915	0.06839547045927567
0.03101967887987011	0.07814225583581902
0.05268391327105829	0.06367815167562638
0.030849916410114014	0.07308596011490702
0.031488609030456714	0.06941534854491588
0.031200506834780675	0.06980813404051357
0.031213327604339966	0.07093010936906008
0.030399189425426278	0.09378942821836521
0.030467926936346045	0.08030348733657695
0.030537708394378558	0.09198091803025212
0.03250286893088506	0.07010535549327085
0.030440437001839668	0.12489373618387066
0.030659978925300438	0.07816716947297388
0.0315575863459082	0.06931635414524408
0.03071582518689972	0.07331062620944434
0.032614492314681665	0.08061338581335979
0.03164373622868289	0.06901085462414756
0.031615024836580075	0.0697899347393543
0.03145836598729761	0.06871581785186967
0.06865418741352042	0.0695240792429223
0.031168660525119688	0.0703327347983262
0.030717223560606795	0.0752798009591388
0.03075205307295662	0.07338274245417328
0.03711532151943147	0.07175240595776712
0.034859275045228906	0.07030601542345535
0.031077922233521044	0.06716041874075568
0.030405146367557527	0.0997169024316789
0.03058968381391373	0.07662925211055405
0.03150456377396662	0.06751949068077946
0.03128943635428301	0.06966942219492858
0.03052432171646458	0.0808746558574691
0.03274963658386857	0.06965392070816215
0.03412638144027323	0.0667510386069274
0.03043954486971113	0.08581212576340833
0.03150225189556289	0.06843514137544049
0.03261303816353496	0.07307922740269546
0.03156018154573065	0.06796901729151392
0.085510046125174	0.07799323177506672
0.03051447950789684	0.0787355449827055
0.030449414349682236	0.09062944225030463
0.031662351496831234	0.0703001351038274
0.031223614656466947	0.06983681065614784
0.031239690118426693	0.07007621617759446
0.032178618563425465	0.06767981111027552
0.038984876444511145	0.06858387600107373
0.030497675405626697	0.07633238071512252
0.030745663314993257	0.07346653607542224
0.03886643332039303	0.07354281603685464
0.03164927915741179	0.0771815664625194
0.031165641550971474	0.07904794803764602
0.03182405440591932	0.08307901730721651
0.03074983237121512	0.07577709452907953
0.03159834477476291	0.06901811129540086
0.03145604253816926	0.0692649594641758
0.031525515442300305	0.10923613950368383
0.036410289213975	0.0752120274259269
0.0314376682866874	0.06893628552757282
0.03141526516303707	0.07069842568199637
0.030590673272920275	0.07551582187903909
0.030385181837031695	0.09029012142827435
0.03076491711609435	0.07141297199049339
0.036625943018371084	0.07702300635868277
0.03137964778012609	0.06891400133982152
0.030751328946057883	0.07365609979588597
0.031167686081066764	0.07033163478125334
0.03122659062427057	0.07039810294453717
0.034072037921147415	0.07883453323110597
0.03043436381520674	0.07838120253368454
0.031509055618628774	0.06789391689828754
0.030465903826896897	0.07956536710692322
0.0312514404471922	0.06963982886217474
0.031493292076910526	0.06861060251809699
0.03067444868795126	0.07686214082145076
0.032167484641173125	0.06867165833999699
0.033549468271662754	0.07412426580313748
0.030532897512042804	0.07781603261137897
0.030492166701650655	0.07845600125853999
0.03373780119764763	0.06704697942773988
0.030473104441163034	0.07871188845249441
0.03143705912551692	0.06921509886137364
0.030405521170952594	0.12239254001844724
0.030773253464992177	0.0707313328651
0.0307416687698946	0.08802674923864533
0.030648249761353767	0.07629220220361325
0.031392881037119146	0.06920118383035839
0.032374654109524725	0.07169995584789131
0.030959419006399518	0.07353133538251942
0.035143225227921925	0.06682401802565667
0.030491413615888443	0.07705195302759255
0.031167686081066768	0.07400115060134499
0.0305460313355435	0.08223272590555318
0.03070354709835797	0.08265971610147473
0.03068787702871308	0.07411970320432493
0.030936072571257356	0.07463481416457192
0.03075160924380188	0.07338221262744281
0.0310380090421822	0.07349722233998017
0.03256578538984542	0.06634238762712936
0.03144348475877233	0.06885444984180152
0.03139549030918402	0.07054713486585558
0.030715825186899717	0.07406996757070475
0.030465903826896887	0.079163868975723
0.03102393441173302	0.0717665738479121
0.031426199994639324	0.06921434055469436
0.03155096210408672	0.06788792277867618
0.030505301245148254	0.07764777181347432
0.031037848044525255	0.07083516700603881
0.03072259822512307	0.07156652289178965
0.030857065102194797	0.07158518184605163
0.03320179291266404	0.06736132826238904
0.031852537742190414	0.06812247149001865
0.031166879855179446	0.0703432647797924
0.03143788319850473	0.0689245792749891
0.030419905257790827	0.08854228283354786
0.03129031700842984	0.06952570921539596
0.03039579836049896	0.07862212150103098
0.03074632760081615	0.0905713798655736
0.031345157624765974	0.06868169848966499
0.04465268791417494	0.06686439939166872
0.03046495994891587	0.07586700261764867
0.03492635382182621	0.06664927897418828
0.03353075659140946	0.07776165578163095
0.03177456039916153	0.07175692967031398
0.03144204214686042	0.0683696916895575
0.030450874185100764	0.07803051599625996
0.030435374178964726	0.07983328397905938
0.031494192192542	0.07040381046922936
0.05551230537656644	0.07358009998701286
0.030631613651385704	0.07456434855935161
0.030765982172123934	0.07327598172362697
0.030539475880023176	0.07645942715014933
0.03413051543807605	0.06675055656133946
0.030399358093336788	0.07796444959889498
0.030814038016572357	0.07797552494848935
0.031526389364651075	0.06979389785651134
0.03509391596357676	0.06738281859359117
0.030421573828078807	0.0888074346755469
0.030717192767277492	0.07529480937170122
0.03556749427744858	0.07266421445214759
0.03364104525181989	0.06690509222924987
0.030520543297275306	0.07663651105012896
0.031193000265698108	0.07795760332792688
0.030439431198435132	0.07875259867658779
0.034173967789697744	0.06666588039138013
0.030607170680624785	0.07605922109288576
0.03515891364962773	0.06515893747268539
0.030717223560606792	0.07496317366828553
0.03156204616935788	0.07257092833948116
0.03422016660652994	0.0917060644688889
0.031659614127296475	0.068676342577727
0.03162957197986542	0.06806478591093303
0.0343693984381849	0.07781912983157997
0.030430574884553183	0.0811981821629939
0.03146656600042416	0.06860418956912143
0.03165466065740007	0.06969491164638937
0.03147612712232444	0.06722035241042383
0.03835051349353668	0.06718609947612346
0.03041286238666057	0.10215740040773914
0.030851027570142856	0.09105631975079144
0.035871468045066635	0.07518526514197464
0.030443835732904143	0.10907787672261576
0.03521070692659512	0.06679059750459099
0.03058968381391373	0.0757143709077472
0.0313361388438701	0.07271490912212636
0.048957740001736264	0.0731372909363511
0.031145159338170216	0.07613252380564339
0.03192603904182418	0.06880787815518231
0.033981398086115014	0.06716066591055009
0.03078603166802398	0.0740393334663175
0.030786616362363205	0.07449391971817042
0.030605209061925365	0.07689217145131144
0.030434277839248545	0.08076128042797277
0.030465284819191	0.0811783918960109
0.031149749585038817	0.07112116284732195
0.03039633307865702	0.09532084555903145
0.030419850271791095	0.08586342521516888
0.030501881920690876	0.07754693132555994
0.030377226380357236	0.12812424085665075
0.034130850504314164	0.06681712655825701
0.038924025153910594	0.07961390006831712
0.030491007640858356	0.07843119772250837
0.03137964778012609	0.06962069740410169
0.03053041869969402	0.07745991231139297
0.036316775995287424	0.06647776819705775
0.03150456377396662	0.06753252721666328
0.031311552794663064	0.0696046588538539
0.030777380696664445	0.07749292946843539
0.031394732925938626	0.06769404432855741
0.035143225227921925	0.06682401802565667
0.03398962984651068	0.0673669197094671
0.031222823823475677	0.06964417121995171
0.030905544718956682	0.07947527608452153
0.03142887020197556	0.07164862895687704
0.03080677964717527	0.07127969696534474
0.11644239987186888	0.09361625100375853
0.032678776886901476	0.06704657499599008
0.03222375795589406	0.06790018683696193
0.030539527010646137	0.07645920210540728
0.031241015716530502	0.06979585763558563
0.03173934985293586	0.06796645631462248
0.03475746292968291	0.06894992514298665
0.031128979933917354	0.0711452187833662
0.030792774013158084	0.07165977265791848
0.03222934118130043	0.06972819841699404
0.030904753927348358	0.07274428234566453
0.03173917139934202	0.06839428849995256
0.03523277756229849	0.0796345466884338
0.03162114779397289	0.06911659121114767
0.03503389160706733	0.07560928072805695
0.06626637131149932	0.07958949058846398
0.03064145540011275	0.07447971360309177
0.031494795625486696	0.06796509252152452
0.03170348675202146	0.06762224355234982
0.031174912101045893	0.07384314378820413
0.03205135351353794	0.06711834875559719
0.0312972170621205	0.06837943310613757
0.0342886921308731	0.07211600399951244
0.04810898242877585	0.07341707548773435
0.035469945055798716	0.06540015698633836
0.030978485264976725	0.0736548474028247
0.03352480043978275	0.06829812073950088
0.03051251200898323	0.07534590057991432
0.03048008919335507	0.07876616483567707
0.030869959676206805	0.07317186409549553
0.034133684057345876	0.06672171490160013
0.031223614656466947	0.06983681065614784
0.030444106288438327	0.08194186315911238
0.030505301245148258	0.0774718851696677
0.031110698793354312	0.07469819853919916
0.034128575383986975	0.06656345447752955
0.03167008671823638	0.1423350457200006
0.0307635552208837	0.07609618530372984
0.030386915428497526	0.12851116127565634
0.03117168106928523	0.06993265560192591
0.031223614656466947	0.06985654744531221
0.03146252859508511	0.06892192022683281
0.031151005114655506	0.06916204918043717
0.03168578371843193	0.0744821576741286
0.0332232315948972	0.07298779537618184
0.03183897681302452	0.06943708790722763
0.03450512813605656	0.08577395081067593
0.031242259194787063	0.07452883706183329
0.03394796942611047	0.07342653954446476
0.031139623663846278	0.06976455150258273
0.030707188400649274	0.07405954927837595
0.0306251956703617	0.07453959121405324
0.04832195454441929	0.06528974589851928
0.030408406531682773	0.07835247394574908
0.034072073743412416	0.06719983269720575
0.03043943119843513	0.07872895065403757
0.031242190477632544	0.06970534246672566
0.03038574261766575	0.08178632616198878
0.03063037993634143	0.0834826967479623
0.033624385146616295	0.07201189357604454
0.031013617560747928	0.0744599357757602
0.031483609452958645	0.06866925465858709
0.030739592856103844	0.07217915318085709
0.031241448934809787	0.06963792340036466
0.034801120313860096	0.07254348513334358
0.03229376249035574	0.0782427989532588
0.031810933527697656	0.06611567839454739
0.03318874359329111	0.08859372844444413
0.031689483668524435	0.06829732278907501
0.03058997167377223	0.07533430761214303
0.03053272548533689	0.07753384339336916
0.03150456377396661	0.06746195532914863
0.03117168106928523	0.06986250069706583
0.035574907439502715	0.07428192586101867
0.034219430477983724	0.0687385076907879
0.031209537541576574	0.07016299902575462
0.03049548735554015	0.07749559773340076
0.03121017497345377	0.06996045708032231
0.03058968381391373	0.07662925211055405
0.03082859957049189	0.07711621491145841
0.030862172218411737	0.07745601527857106
0.03412638144027323	0.06675279513294127
0.030520543297275306	0.07663651105012896
0.03104060899370946	0.0708237210322968
0.03050327741722192	0.07756501035785147
0.03119710942461045	0.12294813233496114
0.030545810691284935	0.07920114582740989
# $END DATA$




