# x	y
0.000000000000000000e+00 0.000000000000000000e+00
8.564025470272115803e-02 -2.006899804665238096e-01
6.163473860276812849e-02 -2.759406611649431115e-02
7.939943750189495941e-02 -5.614403137042131675e+00
6.557343560979386754e-02 -2.207981142352966497e+00
1.716893773528182510e-01 -2.435434140989524154e-01
5.828631078420020567e-02 -2.443908796640024139e+00
3.221391575759127018e-02 -8.317764012135654639e+00
1.862973340887905671e-01 -5.179247877509119968e-01
6.662527409036063386e-02 -1.317673663135646711e+00
3.172971349888059622e-02 -2.825631935821952823e+00
8.813926248771773719e-02 -3.692304551061118989e+00
4.806684673227616666e-02 -2.170620367541836071e+00
3.809841417343222403e-02 -6.555468153899768780e+00
5.782755933861723902e-02 -5.342196132473288062e-01
9.215150564765270391e-02 -5.218979447485128098e+00
5.420506470134834470e-02 -3.829166551684495268e+00
9.223126249203747462e-02 -7.112502287893988751e+00
8.450993249138473440e-02 -3.606930715931507603e+00
4.691138124086630806e-02 -4.053473230825373363e+00
8.154855404163025012e-02 -1.635474935548628217e+00
4.278813483739155737e-02 -6.256415961613519539e-01
6.752102198241305420e-02 -1.028278106849345175e+00
1.485019288459202280e-01 -1.716654003965734365e-01
1.420370997373003041e-01 -5.314577797110073831e-01
7.296611552187967642e-02 -6.365467234014889897e-01
5.988764387272897671e-02 -1.161094378537766536e+00
1.850191658060332256e-01 -2.393909304791393744e+00
5.659333550602586166e-02 -2.210576850767653756e+00
6.767891816950774575e-02 -2.332428818711834051e+00
6.620840830557400691e-02 -5.877018590099499784e-01
3.895983956618082750e-02 -6.432572903922072483e-01
1.010927787040450526e-01 -9.587450738527795835e+00
1.529766832773421792e-01 -1.092326310178281412e+00
1.091555739439067363e-01 -2.285806173758460957e+00
3.447923003608179826e-01 -6.821586616069871822e-02
1.125568667645318321e-01 -1.172869117077686596e+00
5.048062513792779538e-02 -4.085191032730195460e-02
5.406673642427451548e-02 -1.170257200515447416e+01
1.269190834380998500e-01 -5.764545202199663487e-01
4.636876174457092714e-02 -1.193503443089853455e+00
5.818447277163242559e-02 -1.428397020094535641e+01
1.114492989371559939e-01 -2.393015159225753974e-01
3.643313724372941598e-02 -1.466451208984642207e+00
1.043482633820945332e-01 -1.325481745195665750e+00
4.609047090730995083e-02 -2.264544901512127728e-01
3.791863902418816934e-02 -3.833011339726622446e-01
4.112097215020830143e-01 -4.956530494168710083e-03
8.011226295506411466e-02 -6.265147391196536353e-02
8.940857677626663780e-02 -7.154333412379638990e-02
4.726851192306340960e-02 -8.152778567764346063e-02
2.844043600174472886e-01 -6.828603487026507768e-02
4.031703526875386051e-02 -8.207999435635651153e+00
8.759953259185765395e-02 -9.682987632584675097e+00
5.060234217149209290e-02 -2.543447252709482576e-01
1.032497114600058330e-01 -1.097914402759052610e-01
7.916184689746845471e-02 -1.875988933008607695e+00
9.792667810799210448e-02 -1.682878243253097261e-01
4.336687133186435672e-02 -1.438559941744560755e-01
8.527247554298715559e-02 -8.436294890124356183e-01
6.080132935646066772e-02 -1.187420217350115159e+00
4.366830596742630327e-02 -4.323631388769361150e-01
3.158688467458580229e-01 -8.992316910996572821e-02
8.104507344653794076e-02 -4.603448148211147561e+00
4.550653422605615422e-02 -1.328104935664515141e-03
5.757601616486029278e-02 -1.938671319151533678e+00
3.901182954064531805e-02 -5.249867732886237981e+00
6.209918780528676796e-02 -4.146505404509918946e-02
5.227755498835506137e-02 -7.846543539074807283e-02
5.108496423439283507e-02 -2.936549748992799636e+00
8.632617514796367408e-02 -5.861197153142302385e-01
4.092056421351964596e-02 -2.559701749516147817e-01
1.214048053631180263e-01 -2.967818120666799508e+00
3.172619265467692407e-02 -9.925432412864189091e-01
1.013408758567127671e-01 -1.626343575870097524e+01
5.226889103358822730e-02 -1.505115527920445062e-01
6.416157142123249391e-02 -9.967364734604807763e-01
1.014080670184702854e-01 -2.682191511046597143e-01
1.077509756125218099e-01 -1.627895724666729826e+00
7.385818986189181257e-02 -4.846802349489018336e-01
3.922177416883148027e-01 -4.083100465868000906e-01
3.732592016252407607e-02 -5.403352410658326832e+00
2.563596825262350887e-01 -2.938321250124835693e-01
4.690098610825970543e-02 -2.863637872610104718e-01
1.695292009636348851e-01 -3.986719342679298173e+00
4.312103561467999641e-02 -6.109098099890627465e-01
5.772394487230921717e-02 -5.255319707895928616e+00
1.074317745491381593e-01 -5.418815100692691011e+00
4.083016815474741629e-02 -6.771940880452518741e+00
7.885690580156830276e-02 -7.357448844665548382e-02
1.164730699301894379e-01 -2.563476512939907792e+01
5.401463533381389848e-02 -1.455161713948649238e+00
9.278845012421083061e-02 -1.142835086511652332e+00
2.586474184531475928e-01 -2.553296130921606455e+00
4.510693869645292231e-02 -5.998112233257950621e+00
1.249792880083651636e-01 -1.895033251041478461e+00
3.595817284676335324e-01 -2.379530812751032634e-02
9.743365020237668150e-02 -2.595856994625678760e-01
6.971307570396816089e-02 -1.457239259555472177e+00
3.595079775699767943e-02 -4.454269228878728448e+00
3.221391575759127018e-02 -8.317764012135654639e+00
3.895983956618082750e-02 -6.432572903922072483e-01
4.229646605603023385e-02 -6.260312447777132139e-01
4.404738523914907000e-02 -1.005934965160407008e-01
9.559869614696640816e-02 -2.050825479662380602e+00
1.631619622464695607e-01 -7.903250636777757465e-02
3.895983956618084831e-02 -8.608082304489298453e-01
3.641734342397001667e-02 -3.348053633684562769e+00
8.486086116694735448e-02 -5.306575496038269613e+00
5.069424690337152872e-02 -5.484907939229292234e-02
4.831338066849435314e-02 -2.979566820161393181e+00
1.084825222363457325e-01 -1.484544156915954538e+01
5.420506470134833082e-02 -3.601115143091054183e+00
1.174733651146429719e-01 -2.066046646459094749e+00
7.975951079185855663e-02 -8.725861758433776316e+00
7.850865782110637292e-02 -9.130211957028048012e-03
3.221391575759127712e-02 -8.199949741478949505e+00
7.907064923903529829e-02 -4.559738042075091258e+00
7.569553180405200199e-02 -6.206720153704201159e+00
5.406673642427451548e-02 -1.131156923622942179e+00
9.992640045928588566e-02 -9.333008539979870122e+00
1.547255413176766015e-01 -1.086882548180179597e+00
5.806157878932986793e-02 -1.855915128855134322e+00
1.010927787040450526e-01 -9.675475675253158769e+00
3.448940661180678602e-02 -1.675465548047603281e+00
3.202367376209090399e-01 -7.284884011689254923e-02
7.296611552187967642e-02 -1.516505858016583996e+00
3.901182954064531805e-02 -2.211100372507464940e+00
4.433146298300784383e-02 -4.038988969167618404e-01
7.668907047446126002e-02 -3.896225238951693259e-01
1.661353207795106257e-01 -4.916056331670246138e+00
5.957944981067047480e-02 -9.758842481507593591e-01
1.028933038985224285e-01 -1.599949209638729997e+01
5.878400840680911982e-02 -1.432908552498388133e+01
3.595079775699767943e-02 -4.454269228878728448e+00
6.351904245370250390e-02 -4.749940104233336680e-01
6.409373707388511809e-02 -2.535098922012081424e+00
1.008347980720529086e-01 -3.817216459152443508e-03
4.799094289590558060e-02 -2.345756593752855501e+00
6.209918780528678878e-02 -4.115415001675277323e-02
5.704311405758765580e-02 -4.081850365228983257e+00
3.824266413194645636e-02 -4.896052981050476316e-02
3.903104454002296470e-02 -6.050625540381485701e-01
5.776683936856405466e-02 -7.106260003483166887e-01
4.453255565316285164e-02 -4.355656777962293447e+00
7.189134688348811086e-02 -9.874943277535777053e-01
8.491403216476621496e-02 -7.250678606483247357e-01
3.842500300704189409e-02 -4.878736204159926926e-01
1.032685810346749139e-01 -1.651179438656878773e+00
6.079522638798594975e-02 -6.567536034050815985e-01
3.232826887398703580e-02 -9.142099646541892000e+00
8.554680818384104157e-02 -9.978676632634538635e+00
5.069538527177228082e-02 -4.855717016013398002e+00
4.262532513460041278e-02 -8.200418804733305284e-03
1.044463698556579168e-01 -2.374950233013426448e+00
2.859196567509320608e-01 -5.419451247884644191e-02
1.659777785666684824e-01 -4.152271404630551110e+00
4.341030240530333734e-02 -4.221607057508983685e-01
5.781140077456355802e-02 -4.816904823528513901e-01
9.070101291139745503e-02 -5.308144339848858806e+00
3.172619265467691019e-02 -1.158179627003005763e+01
1.164730699301894379e-01 -1.998768170197177119e+00
3.504750940579765689e-02 -6.951541909065589664e+00
4.716893489389081817e-02 -5.316068846917400281e-02
1.159913864144498097e-01 -1.878025007668685831e+01
9.231991766905224550e-02 -7.216031133070452408e-02
8.609694482830800022e-02 -1.932375176091031266e-01
6.566241765375772921e-02 -2.744057027627848200e+00
6.785366238651030502e-02 -1.646320766488916787e-01
3.405972870264819402e-02 -7.904950958846540310e+00
3.854400818299378445e-02 -7.722962753037148076e-01
4.750848360847443469e-02 -1.255456900331000103e+00
3.137299839357495651e-02 -1.273114002866660766e+00
1.074041635047147392e-01 -4.932755334088849253e+00
6.641826695506175549e-02 -6.685460551331859347e-02
8.389608209918673898e-02 -1.552587453608662127e+00
5.849274486066499690e-02 -1.178033086895129422e-01
7.968995067481404737e-02 -6.224449583641701311e-01
8.385047359645557419e-02 -2.586760006048639315e+00
5.685834958286857532e-02 -7.917895558516020726e-02
1.066217238772535075e-01 -1.273873014305072049e+00
1.043482633820945471e-01 -1.326696322493474689e+00
6.068283265922432002e-02 -8.424149902714639371e-01
5.250571329110278324e-02 -5.585484647090505739e+00
1.601082655435205060e-01 -1.113791503461500021e+00
8.309565627739641525e-02 -2.419086896616178706e+00
7.926043604972088374e-02 -3.200749470285064735e+00
7.642131249879299815e-02 -3.009887738440089500e+00
4.687106493059937928e-02 -6.583261627292377183e-01
4.515120699376862223e-02 -2.491415698951611191e+00
8.778955982939493086e-02 -5.455306666259644999e+00
9.429182441763506173e-02 -3.631382593886709920e+00
1.052011150883193080e-01 -1.098779321143148746e-01
4.822878811501567914e-02 -1.504920926631168367e-03
1.013408758567127671e-01 -1.626343575870097524e+01
3.595079775699767943e-02 -4.528744343681724516e+00
4.968218753364446461e-02 -8.872035205621150666e+00
4.361724794430089924e-02 -8.440826549015822966e-01
1.552435154106618920e-01 -1.709579377086415386e+00
7.885690580156830276e-02 -7.350475783335364000e-02
3.534183571033962940e-02 -8.044796411681815584e+00
3.172971349888058235e-02 -2.981822219401853324e+00
6.006131990371180174e-02 -2.643804975200760854e+00
3.164755029478003717e-02 -1.292680255865465089e+00
4.831338066849437396e-02 -6.325069842039455104e+00
8.104507344653796852e-02 -2.196579269285344083e+00
8.450993249138473440e-02 -3.677865574139046245e+00
6.566241765375771533e-02 -2.501211414469230565e+00
3.595079775699768637e-02 -4.868344107361507689e+00
7.639079346895921718e-02 -2.353317081714525472e+00
1.120543305233853287e-01 -1.840604608513908147e+01
4.809202956182021677e-02 -3.397944072093071810e+00
3.858052809181462817e-02 -6.501283308658855731e+00
1.016348176618751542e-01 -1.639153222044652836e+01
5.887231386931404686e-02 -5.400303761689027482e+00
1.007370583428353339e-01 -7.824243342984723348e+00
3.394080373905349057e-02 -8.683394908167095139e+00
4.586986388514917995e-02 -7.540902759547769563e+00
3.221391575759127712e-02 -1.313378957282904835e+01
9.216677105875897835e-02 -3.647590808631354431e+00
5.511253447793444671e-02 -3.440501926851417647e+00
3.199352000237356414e-02 -8.999400501900908012e+00
2.009497366340962932e-01 -3.036480240599741087e+00
3.401049721620733740e-02 -1.200276964883139819e+01
8.395863656271271291e-02 -8.403951490143763081e+00
4.147503828860293201e-02 -2.217397857426787189e-01
8.486615039739990596e-02 -5.450937025459092311e+00
1.013321730370027179e-01 -1.576135693655677983e+01
3.643029183679685756e-02 -9.229850601729417292e+00
7.569422827671101750e-02 -1.762005618022936426e+00
4.165010846990185867e-02 -2.931251029580097978e+00
3.822994089398138590e-02 -8.356808122954535734e-03
4.233596854861709086e-02 -8.101072116448637672e+00
8.548257900724998137e-02 -1.777245140361320086e+00
1.658343852544014729e-01 -4.858946555824899427e+00
7.569665010430297325e-02 -6.250589371271149552e+00
7.541282715120885272e-02 -6.196221804187369564e+00
9.258444888315346677e-02 -5.395791190731683784e+00
3.211926782933822999e-02 -8.425055898764831852e+00
5.365059856453772980e-02 -1.200349857860925518e+01
6.783193841672911784e-02 -1.183278586501949725e+00
3.584571060245994589e-02 -9.701819049720020516e+00
3.377761127971493776e-02 -2.793098952722337991e+00
3.889759300517926788e-02 -5.240028992704101718e+00
3.454139121497204479e-02 -4.363595941540749479e+00
3.648699264048146235e-02 -1.476505920460186472e+00
3.951888867325143578e-02 -6.862685115798632829e+00
1.151171935193257695e-01 -2.491592435356358326e+00
4.684249057151833318e-02 -5.884270439120705909e+00
1.013687742220608090e-01 -1.097528261400457517e+01
1.693889923160200317e-01 -4.155980813934356810e+00
4.307843363932076231e-02 -2.022580068915628804e+00
7.569553180405200199e-02 -6.206720153704201159e+00
3.104131516652510955e-02 -9.345586477143736914e-01
7.937314726165191348e-02 -4.723476131270675005e+00
1.026534078518596405e-01 -1.603930048098727212e+01
3.641734342397002361e-02 -5.481829930104315629e+00
3.448940661180677908e-02 -1.212969134284806350e+00
4.968218753364446461e-02 -8.818485978066776809e+00
4.510693869645292231e-02 -5.997448664135550445e+00
8.771216025540190531e-02 -9.627467216605953837e+00
3.539995523799315674e-02 -6.294135386290843570e+00
8.808684079586487359e-02 -5.749805205512623196e+00
5.514026346752359808e-02 -1.328820409880959552e+01
4.278813483739155044e-02 -2.273436597261214054e+00
3.421515280928097424e-02 -1.745412425034904569e+00
3.137299839357495651e-02 -7.740365346775098132e+00
6.765716646523971256e-02 -9.561790030300557630e-01
4.754917280076353253e-02 -2.895628682445818391e+00
4.057004356435017778e-02 -5.916457739284701312e+00
3.526828572472566481e-02 -8.832107284163255301e+00
4.351099695523873156e-02 -6.696285270408250945e+00
6.783130875376421065e-02 -2.340971067337718647e+00
5.456670819065426864e-02 -2.898601091592559076e+00
3.488197311279191831e-02 -9.490141482133397366e-01
3.704145766914579418e-02 -2.737772398715117461e+00
7.965990970226667633e-02 -3.402021251171174931e+00
3.255296669038204582e-02 -7.084667873952499306e+00
3.903104454002295776e-02 -6.592290521979051743e-01
5.818447277163242559e-02 -1.374797057599894323e+01
5.780865405908717364e-02 -5.256070538587852781e+00
3.902663454376627955e-02 -7.479572666703228068e-01
9.775191373727050437e-02 -2.416573443922598230e+01
5.571435711334499219e-02 -1.419864163178905736e+00
5.828302505066983163e-02 -8.561634596662928587e+00
7.907064923903529829e-02 -4.485945157649565473e+00
8.433917235426209580e-02 -7.737583139040680180e+00
3.295340443413595499e-02 -5.303193009859019647e+00
3.405972870264820790e-02 -7.655920336997540154e+00
8.385047359645557419e-02 -2.586760006048639315e+00
4.829019353797618652e-02 -2.210128509673709107e+00
3.901182954064533193e-02 -5.208744234495996217e+00
4.751782958794697337e-02 -3.312008388509148471e+00
9.429182441763506173e-02 -3.343018146375104749e+00
1.174865535966930635e-01 -2.761354026329783906e+01
3.820065730012316835e-02 -4.415270125536805423e+00
4.399029898207406503e-02 -8.395258797305030773e-01
3.466344741047396039e-02 -1.730064455637941423e+00
5.878400840680911982e-02 -2.074502465589280575e+01
5.659333550602588941e-02 -1.460314883560968280e+00
9.775191373727049049e-02 -2.669969898719949342e+01
1.016348176618751820e-01 -1.547373585084665670e+01
3.397046895159780422e-02 -5.560065551401457640e+00
3.168990103325056845e-02 -1.001559308482359434e+01
5.892436152873051225e-02 -9.314686009009767176e+00
9.137758413940910707e-02 -1.329091083020151309e+01
4.092158627573153767e-02 -2.025461442019872216e+00
4.012052069802472115e-02 -5.468791974074611595e+00
3.371895703237131475e-02 -1.326452511944212764e+00
3.271109934700618810e-02 -1.184715633036359250e+01
3.809841417343221709e-02 -6.471183606853972314e+00
3.904993474234520756e-02 -7.739393991456370969e+00
6.899631597252364745e-02 -8.273311427066996515e+00
4.985110920139256691e-02 -7.650241244208743296e+00
3.499892177910542829e-02 -3.279523017366793969e+00
3.478187173130479343e-02 -2.981272147843696096e+00
2.854331269037514440e-01 -8.049961905981902532e+00
9.723928151367822181e-02 -2.493109228760769724e+01
4.685299296066761793e-02 -1.195370195940347280e+01
3.584329871721460975e-02 -5.127609170221713697e+00
1.015249108541377704e-01 -1.578350748697462436e+01
1.077624521857838552e-01 -1.491598354202371901e+01
3.119648720548350018e-02 -1.308364596757342513e+00
4.510693869645292925e-02 -6.384347975160390654e+00
3.245414218598159650e-02 -1.160366926672152843e+01
1.016348176618751681e-01 -1.151225537105919550e+01
4.110639778954388451e-02 -6.430705831592222310e+00
8.758967058026195796e-02 -8.818435180463007228e+00
8.713691975409378065e-02 -1.350233173655041341e+01
3.449318374242525687e-02 -5.550588827746518739e+00
3.534183571033962940e-02 -8.044796411681815584e+00
3.978286905112209809e-02 -8.698794582480523729e+00
3.632345251190026436e-02 -5.917913739373357629e+00
3.604722220870791582e-02 -4.442321008164781482e+00
7.504434954484337505e-02 -2.731892034617182219e+00
4.902263139686380278e-02 -1.761591770861935524e+00
1.119751996777593045e-01 -1.839818206241656995e+01
3.173822646399847985e-02 -1.158775833594269855e+01
3.740048918683965690e-02 -6.073858248659528059e+00
1.175575268418947994e-01 -2.767840166986465533e+01
6.422911061476768713e-02 -1.365510414518553084e+01
5.141101706517624964e-02 -8.057756454024952220e+00
3.556694803470231148e-02 -5.709269776038631505e+00
3.094367314029676519e-02 -6.184222473681058041e+00
3.641734342397000973e-02 -6.660070181227897734e+00
3.198547586457570896e-02 -6.961429607386141249e+00
3.204579008833005616e-02 -9.108197431593890059e+00
7.747663321588686702e-02 -6.234798934440618723e+00
8.745296971141101883e-02 -7.531393281628410818e+00
3.606516975370090833e-02 -4.445286407323171041e+00
1.083165938350136304e-01 -1.488794573294717516e+01
3.440271469949411631e-02 -1.742130038613546761e+00
3.999941220081960208e-02 -1.103518201261527842e+01
4.483695294544032262e-02 -1.030205262374170871e+01
3.380054391972623501e-02 -1.320370581739281901e+00
3.947109493904345234e-02 -6.861199818776860582e+00
3.754986481210470517e-02 -5.505140968369617305e+00
3.479455968916780884e-02 -7.580563947303489591e+00
3.221391575759127018e-02 -8.225893354295939375e+00
3.221391575759127712e-02 -8.199949741478949505e+00
3.556712084892094811e-02 -3.387220404198229673e+00
5.407267225220113022e-02 -1.203936221875254731e+01
3.762027613762578687e-02 -5.291795490365993615e+00
9.069465888758002081e-02 -1.711684810892468889e+01
5.406673642427451548e-02 -1.170257200515447416e+01
1.028933038985224285e-01 -1.599949209638729997e+01
1.163381056666077662e-01 -6.245089750007544183e+00
4.657397648514542687e-02 -2.819764022686050420e-01
5.604943031086532385e-02 -7.060025177847859545e+00
4.579011355466289235e-02 -5.900410209464263644e+00
4.233882592708036741e-02 -3.450900140044549147e+00
7.097753827518178682e-02 -1.306048662642709957e+01
6.299444197567141690e-02 -5.310713623989371079e+00
5.406123167949065944e-02 -1.129566170597297692e+01
1.208591367617916773e-01 -5.372823440995824207e+00
5.899678761515139008e-02 -1.064879903914710546e+01
8.358290087762473841e-02 -8.443201430725379097e+00
3.106837263132085705e-02 -9.091916810717419750e-01
9.189157739203066000e-02 -1.701511083016826831e+01
4.002100133069944055e-02 -1.019889007534788128e+01
3.531548804301549299e-02 -8.183367732269035244e+00
1.121425233135837779e-01 -2.575481922389097278e+01
1.017495929095294516e-01 -9.611796711583185271e+00
3.901182954064533193e-02 -5.208744234495996217e+00
3.643029183679686450e-02 -9.408957902759617298e+00
3.943059918437657324e-02 -8.184935006604563412e+00
9.964704499355649114e-02 -7.822655985755103458e+00
3.901182954064531111e-02 -4.587461052302931108e+00
3.504750940579765689e-02 -1.368204478051054807e+01
1.084825222363457464e-01 -7.266479346131736961e+00
3.394080373905349057e-02 -1.281879166333087561e+01
5.570440771693942195e-02 -8.799891389326491620e+00
9.291921093170119050e-02 -7.733730900496361471e+00
3.643081485717395568e-02 -4.978161946168026653e+00
3.327806689883874153e-02 -8.691265312526073927e+00
5.042359908558665532e-02 -1.784423172261965895e+00
3.390371635166408715e-02 -1.329098070212392635e+01
3.687792470418916474e-02 -6.225659774618934605e+00
3.232953212621377664e-02 -9.109677342328216909e+00
8.771185291956208607e-02 -9.628058033029606833e+00
1.119751996777593323e-01 -1.823672807343376334e+01
6.415339446707259141e-02 -9.979674034415378259e+00
3.192399620229210977e-02 -1.412264682484846823e+01
3.282861256290767193e-02 -1.302372919617517555e+00
3.432497635488099275e-02 -4.955884676988294046e+00
1.048633444142457599e-01 -1.620627874363709253e+01
3.577230711004120850e-02 -1.382247159639108069e+01
5.833089067720247795e-02 -1.172770594547144896e+01
3.236953981915836887e-02 -8.087410589972057195e+00
5.433164153500708027e-02 -1.162947018834756463e+01
3.199352000237355720e-02 -9.142620824996589235e+00
4.968218753364447848e-02 -8.771237575779300855e+00
3.534188876659898754e-02 -6.389979107872829189e+00
8.554672923131061146e-02 -1.010786153224858808e+01
3.221817562607089125e-02 -1.192537667559804504e+01
9.068565148682020127e-02 -1.164525074931761672e+01
3.422346562470336001e-02 -7.975127165268725449e+00
4.233836032184012249e-02 -8.634666856815792713e+00
3.533195731466456241e-02 -1.261895236498492068e+01
3.093740628862109987e-02 -9.402325741953534433e+00
8.689840167844653518e-02 -1.351513780139194054e+01
3.322649804407011576e-02 -8.847531394770419055e+00
5.394092010825725370e-02 -1.172990929560822337e+01
3.178167828071182255e-02 -1.156154404320913720e+01
3.168438425306630696e-02 -1.221210881280659066e+01
3.936825492908557073e-02 -6.180212911212308313e-01
6.112991888992010125e-02 -1.001462744337477240e+01
1.077624521857838552e-01 -1.491598354202371901e+01
1.121425233135837779e-01 -2.575481922389097278e+01
4.513212811113326284e-02 -7.761760417536793355e+00
3.147635372012765054e-02 -1.207212130709114106e+01
3.099300632306657699e-02 -1.166732227969021096e+00
4.391152022297045709e-02 -9.353404094622522535e+00
3.184309226330022530e-02 -1.155787565514065385e+01
3.355720772529379586e-02 -8.659159514873516983e+00
3.609457020792573162e-02 -9.699428810997252626e+00
3.212086154882114880e-02 -8.458877115781779921e+00
3.168409689371847610e-02 -7.574966211121241244e+00
3.186109038433235230e-02 -9.041186072792902095e+00
1.100742627417631153e-01 -1.592840915570090310e+01
3.163442007407218232e-02 -3.734404874326251011e+00
4.488988613860855209e-02 -7.769307357883770138e+00
4.233144531123822496e-02 -8.103238723389415199e+00
4.967914810318766611e-02 -8.083784821907148199e+00
3.171668233162223266e-02 -3.028079711100728932e+00
3.120278664984128814e-02 -1.302428777046939601e+00
3.217960240298482072e-02 -9.848877523038067849e+00
7.111306880127700458e-02 -1.228074893730179440e+01
4.087402644312086025e-02 -9.572967595119536099e+00
9.204845619346892216e-02 -1.366293352962380148e+01
3.391571928260427721e-02 -9.341656920939971798e+00
3.232826887398703580e-02 -9.142099646541892000e+00
1.032190365722441550e-01 -1.641146811932186012e+01
3.112721585561312523e-02 -1.217908177018527205e+01
3.179853853675949221e-02 -1.138878071971737782e+01
9.214829204643680549e-02 -1.734499601466830399e+01
5.878400840680911982e-02 -1.986808335841511663e+01
4.233596854861709086e-02 -8.364868103368337415e+00
9.189157739203066000e-02 -1.701511083016826831e+01
3.931064468739010886e-02 -1.088930808934104988e+01
7.181490393838177444e-02 -1.670907934319895105e+01
3.602933897285225812e-02 -1.107442670170485677e+01
4.129417578338928640e-02 -1.157414254795869901e+01
5.632014780223335015e-02 -1.082766502874354053e+01
6.418105212127044046e-02 -1.174768642316634804e+01
1.087486074358182259e-01 -8.019685157048122903e+00
4.207997721746098430e-02 -1.034867554429179393e+01
4.878130233743841609e-02 -1.232428245401817080e+01
3.172045046876209584e-02 -9.495477045855611475e-01
3.201663584141343361e-02 -1.174868211676979080e+01
3.534223627830130471e-02 -8.097995991613212041e+00
4.031514818677615214e-02 -8.153754799123813513e+00
9.919291928529114233e-02 -1.674097336682967452e+01
1.041497587240762385e-01 -2.250218501967495399e+01
1.119751996777593045e-01 -2.302443209964658166e+01
5.754987486193668261e-02 -1.788404325661963057e+01
3.761933625729811659e-02 -7.488519552884677744e+00
4.812976338705140383e-02 -1.493690683291392318e+01
9.137813134476177601e-02 -1.704038908050832291e+01
5.397612420786603027e-02 -1.281521960008721273e+01
1.039591837835277116e-01 -1.583230141147375747e+01
3.245414218598159650e-02 -1.160552192537847382e+01
3.250580455926173340e-02 -1.160793781498626309e+01
1.012204127720818109e-01 -1.214464598953468233e+01
3.130906389799864575e-02 -1.461215273082478205e+01
7.244626316305277647e-02 -4.519106020987718741e-01
1.347257977025100861e-01 -1.642749646703533628e+01
3.791768938513238180e-02 -8.685061990366538254e+00
9.006565687292199252e-02 -1.212908237940803069e+01
3.143908165901227597e-02 -9.099120625725150902e+00
3.292441890864286624e-02 -1.306596579530848956e+01
3.198547586457570896e-02 -6.961429607386141249e+00
5.515219153669351920e-02 -1.458408046853494433e+01
9.131628511294344330e-02 -1.248544106063201653e+01
3.622912273904316943e-02 -1.299379279221201600e+01
3.413764826280503428e-02 -9.706471805366065908e+00
5.805980266838454279e-02 -1.411050518973784484e+01
5.407267225220113716e-02 -1.202948061058430085e+01
3.257577401405747225e-02 -1.158831477694386081e+01
3.756485984130608635e-02 -9.946541549999059484e+00
7.085162914012023416e-02 -5.337536886418156712e+00
5.197880490688820687e-02 -1.233551436426808401e+01
3.239192122959464598e-02 -1.482363736483801375e+01
8.601022753399467646e-02 -1.074231224238157090e+01
3.240218575407433771e-02 -1.255000990113730985e+01
5.361600386234192939e-02 -1.244584585716011738e+01
3.171668233162226042e-02 -3.123720399689880356e+00
1.013321730370027041e-01 -1.645861579062934865e+01
3.162346382016377466e-02 -1.355826329506422567e+01
3.526277885056920691e-02 -9.700701572831466279e+00
1.059923653994349485e-01 -1.617319590507002403e+01
9.003185565049928729e-02 -1.742429979942925655e+01
9.392302814612038531e-02 -1.770843845691645768e+01
5.799617462015146246e-02 -7.824880818519726056e+00
1.149851706135183033e-01 -1.621549039549084625e+01
1.091165488508571285e-01 -2.473046031142451184e+01
1.119751996777593184e-01 -2.303331104375835992e+01
5.942274653616323038e-02 -2.006445010931338047e+01
3.167704931001062013e-02 -9.178123658286446940e+00
3.143908165901226209e-02 -6.340367572620295711e+00
5.835383200928426217e-02 -1.972638447811840123e+01
7.120691788581309800e-02 -1.586054216917408688e+01
3.204990430109539573e-02 -8.976400073408489888e+00
7.034723877470484832e-02 -1.285215029807484655e+01
6.451053341970866550e-02 -1.308882894041185452e+01
4.871132928680582674e-02 -1.234237066207871436e+01
3.188017960770619941e-02 -1.585192250112541679e+01
3.535628479655873735e-02 -2.421627815080124702e+00
3.114244195661018677e-02 -5.210613084500097969e+00
1.175575268418947855e-01 -1.648602480806332693e+01
5.335492622520743994e-02 -7.172585692029426419e+00
4.792689098075161858e-02 -7.998249937960874689e+00
1.126448940642248986e-01 -2.576630406279430474e+01
3.073262036209743059e-02 -1.162873304699976629e+00
8.713691975409378065e-02 -1.350233173655041341e+01
1.015079617944811136e-01 -1.623427321320516725e+01
3.588268378053254687e-02 -1.123786630439290057e+01
3.116267587835792885e-02 -1.221013738312259012e+00
3.208391319684972265e-02 -1.349742974666373918e+01
3.221817562607089125e-02 -8.573099983527860957e+00
5.455424968138328223e-02 -1.430285643612941016e+01
6.429096852598858991e-02 -1.389043378420196717e+01
1.119751996777593323e-01 -1.630951588546887621e+01
5.145755252418731523e-02 -1.038692439921429678e+00
3.322007469346717479e-02 -2.850889897023369368e+00
9.039532122920788948e-02 -1.747130111891665649e+01
3.067478798809798041e-02 -7.989845213456703732e+00
3.232165525178624238e-02 -8.697761673191944709e+00
3.149323712640215295e-02 -1.099709728392748431e+01
3.166045559223772121e-02 -9.131637191016239719e-01
3.199352000237355720e-02 -9.125329911315173348e+00
3.171668233162224654e-02 -3.380980218503480295e+00
3.172971349888058928e-02 -2.770013923906790687e+00
3.106837263132085705e-02 -9.182038274376576048e-01
1.392996411167312654e-01 -1.673925452336778363e+01
3.199352000237355720e-02 -9.142620824996589235e+00
1.297332853595647151e-01 -1.666437017083416450e+01
3.533195731466456935e-02 -1.523379453473836520e+01
3.095693834467438607e-02 -7.660770805432220776e+00
3.213562851036563806e-02 -1.000232966684540870e+01
1.044138337873303096e-01 -1.408115411606845413e+01
3.172045046876209584e-02 -9.495477045855611475e-01
3.531069974251740962e-02 -1.380034747797671457e+01
3.196984974402747315e-02 -1.160807549982384934e+01
5.780019506256834499e-02 -2.373494616784049782e+01
4.619832634956538148e-02 -9.448101012620222505e+00
1.119751996777593323e-01 -1.823672807343376334e+01
3.215986397968280397e-02 -9.140037449065820496e+00
5.833336676170257362e-02 -1.384769453974126030e+01
1.133776118757436197e-01 -2.537738977526212736e+01
3.504750940579765689e-02 -1.339645271779217062e+01
3.533195731466456241e-02 -1.278538953905257891e+01
5.067637392256184314e-02 -1.536601378754561154e+01
3.830816131056334617e-02 -1.460395203684906384e+00
3.199352000237355720e-02 -5.919283965784672752e+00
3.236303343929410742e-02 -9.132265784395066532e+00
3.093740628862109640e-02 -1.683996311812518698e+01
7.097753827518175906e-02 -7.200884624609876106e+00
3.984905053400349118e-02 -1.468052309384926346e+01
9.001729506478950427e-02 -8.105317369552579976e+00
4.878130233743842303e-02 -2.123141073215668584e+01
1.016139708097434369e-01 -9.705896871530152126e+00
3.172619265467691019e-02 -8.865269329643000518e+00
3.112721585561312176e-02 -3.959890867413943916e+00
3.528269424636904655e-02 -1.223337107045445293e+01
1.172571168942369013e-01 -2.843073832931070299e+01
3.178639073697063500e-02 -1.246589015069947415e+01
3.355493994716191725e-02 -1.348431358790990764e+01
9.320024101092276581e-02 -2.676734056449948440e+01
3.622912273904316943e-02 -1.299379279221201600e+01
9.970281840187915356e-02 -1.711292223740212037e+01
7.142432775872507855e-02 -8.697356981043309787e+00
3.218482804135562592e-02 -1.801116017147494119e+01
3.176193217174107242e-02 -1.062967393621287782e+00
2.798357337737064632e-01 -5.753104693997432406e+00
1.118666271172163301e-01 -2.646245384598238104e+01
4.878130233743842997e-02 -1.123725426061441190e+01
1.087480763658597305e-01 -1.628608895871721884e+01
9.723928151367824957e-02 -2.434526375912489371e+01
9.723928151367822181e-02 -2.493109228760769724e+01
5.347093506136989943e-02 -2.420784600641665563e+01
9.691203913433588113e-02 -1.671200667188371725e+01
3.344750947407781894e-02 -1.195325368607565863e+01
3.097698104850613032e-02 -8.021690895404674393e+00
3.279732909926078716e-02 -1.019141350108381694e+00
9.156817009787740491e-02 -2.104859982935650109e+01
3.112721585561312523e-02 -1.136940116445941840e+01
3.126388608385734236e-02 -4.425105412046306697e+00
4.658775800347728091e-02 -1.320706432220212889e+00
4.967585115998870982e-02 -7.794460511677871573e+00
4.326850135120913904e-02 -2.420466240422511106e+01
8.595261560026377923e-02 -1.776179577032922197e+01
1.121331520340713844e-01 -2.304425802807409340e+01
3.093030696870915919e-02 -6.175987475642637392e+00
2.566195774357848958e-01 -7.392368862152823183e+00
7.379959613981117161e-02 -2.044493681485965197e+01
3.221299892324001879e-02 -1.317697479088869805e+01
8.001244450652536533e-02 -1.638911986466813175e+01
5.687850964944585891e-02 -1.874713546148232979e+01
9.101443024356356548e-02 -1.766390847379605589e+01
4.327702962121490748e-02 -1.477102519604297726e+01
3.155848299533986490e-02 -1.417561373678644010e+01
5.224256283250999777e-02 -2.025652880253349508e+01
3.555443472435101254e-02 -1.133781247562799521e+01
3.506498295970179868e-02 -1.774035613744920781e+01
3.149323712640216683e-02 -8.290436610027530406e+00
3.250576097367176287e-02 -1.041879558606908063e+00
3.073262036209743059e-02 -1.023228931067424519e+00
6.527499587991805741e-02 -1.814103676780098695e+01
3.196984974402747315e-02 -9.251364915153915902e+00
3.981672222346339246e-02 -1.471454465271549417e+01
3.095351371823347117e-02 -9.388163139399212653e+00
7.332131311277656494e-02 -1.679094114349900480e+01
3.106960204105490772e-02 -9.190366770156174203e-01
3.188208937919750907e-02 -6.795979579374192170e+00
1.119751996777593323e-01 -1.848114176696468647e+01
3.168990103325056845e-02 -1.001559308482359434e+01
1.041497587240762385e-01 -2.250218501967495399e+01
5.768028258772187750e-02 -3.110095539450851732e+01
1.133776118757436197e-01 -1.621418626093340265e+01
5.943142698299860166e-02 -1.001860072984353867e+00
6.811523211955479440e-02 -1.000468495281089432e+01
1.119751996777593323e-01 -1.782319126196390968e+01
3.168438425306630696e-02 -1.262090067154618644e+01
3.371755740336662699e-02 -1.204146047134613040e+00
3.050906003700864372e-02 -2.813001846495704061e+00
3.143908165901226209e-02 -6.444225977267294070e+00
1.055697307827870579e-01 -2.428613662641902593e+01
3.139559220649393995e-02 -1.103137708429242281e+01
3.121295082326295059e-02 -1.302004595542972432e+00
1.119191215286633179e-01 -2.757307826016980457e+01
9.931957091441413754e-02 -1.772451320267764885e+01
5.008195947573933215e-02 -1.996722732642655984e+01
4.021772281963215123e-02 -7.077224396141854612e+00
3.218482804135562592e-02 -1.801116017147494119e+01
3.145708213038587303e-02 -1.025481266504431233e+01
3.124119915547338144e-02 -2.240081715550075003e+01
1.232388815002839755e-01 -1.316392752084145812e+01
2.013627726242109284e-01 -1.204643946735770044e+01
6.938620355091623670e-02 -2.366913740573510694e+01
5.818592107655294610e-02 -1.602674401297134210e+01
3.152237602237054764e-02 -1.393848414346005171e+01
5.270411335542231346e-02 -1.973281124071129966e+01
4.019629068743360567e-02 -1.105390505923429778e+01
3.501778099067697630e-02 -1.340783820796596437e+01
3.116756990965667204e-02 -1.220821986395202119e+00
9.723452094416633329e-02 -2.556500402695408170e+01
1.164737893531032631e-01 -2.741625225544416722e+01
4.815752952810287840e-02 -1.579582376657812937e+01
5.842354358931551445e-02 -1.859544924589549808e+01
4.856918612528538653e-02 -1.235023074624594841e+01
1.113731245876635328e-01 -2.588395102672121695e+01
1.159913864144498097e-01 -1.909505792998086449e+01
3.178639073697063500e-02 -1.246589015069947415e+01
1.679309529217323516e-01 -1.469180555214842343e+01
1.103200584265712492e-01 -2.455781255013763342e+01
4.758658304409046913e-02 -2.185142422732040757e+01
3.246126754661145253e-02 -1.556815349161410644e+01
3.184266081852288321e-02 -1.415873751959406590e+01
4.489470978858118438e-02 -7.390243131368610996e+00
3.408025520349159537e-02 -1.031316106648337261e+01
3.398539704428195363e-02 -2.394274139265536050e+01
1.101820244657537029e-01 -1.865859022936082923e+01
9.261755472976898607e-02 -1.765965274749075675e+01
3.094350063747625112e-02 -6.184193436797795762e+00
5.502154906637683751e-02 -1.294264694273281613e+01
3.218482804135562592e-02 -1.903771848168938874e+01
5.794603226796406908e-02 -1.876548422226584378e+01
3.202412928028908201e-02 -1.104457764068397552e+01
5.752674462590128684e-02 -1.788328968884977144e+01
3.096535339484525126e-02 -1.220638494733130353e+00
5.479770443453381434e-02 -9.843886196348355710e+00
5.878400840680911982e-02 -1.987660987056355921e+01
5.064882357034828503e-02 -1.555909902083201324e+01
8.163739456004201478e-02 -2.756152349430960413e+01
1.172343711718177722e-01 -2.535753374194177567e+01
3.170313176965229574e-02 -1.130301887684827911e+01
9.748970561388534128e-02 -1.638394986866309111e+01
5.769703201519207209e-02 -2.369822714460672231e+01
9.805258356954345278e-02 -2.528889807552352664e+01
3.095166176359053292e-02 -1.952538263820410691e+01
9.407207783176660398e-02 -1.096742379584005000e+01
3.137932243412690919e-02 -1.453318973697609628e+01
9.337402786093995655e-02 -2.006116275700248863e+01
6.322493651399561931e-02 -1.237584576248796253e+01
8.603926888675199336e-02 -1.664335772047677464e+00
5.894910805617512017e-02 -1.989156006634309293e+01
3.094877245323798473e-02 -1.214790953709872889e+00
3.093740628862109987e-02 -1.683375075013596955e+01
3.554895402336071680e-02 -1.144700390038942039e+01
3.076866403323675475e-02 -1.124816069421078879e+01
1.120297018540688389e-01 -1.832144386773142841e+01
6.563892505860498272e-02 -2.218032258382419286e+01
3.863611272014198100e-02 -4.681314562356953424e+00
1.164737893531032631e-01 -2.741625225544416722e+01
5.359035195148152686e-02 -2.425685311438026659e+01
4.815752952810289228e-02 -2.259157973272609254e+01
5.687891886845272693e-02 -1.281906275892498925e+01
3.208930884605903228e-02 -1.136874143173564988e+01
6.640870424782197023e-02 -1.940058850615668362e+01
3.155848299533985796e-02 -1.691737421255063367e+01
9.805258356954345278e-02 -1.864953262637786935e+01
3.235987600420248828e-02 -1.578571193224875913e+01
3.125164311494293273e-02 -1.422027991245059475e+01
3.124119915547337450e-02 -2.393796530658903876e+01
3.240803196739945602e-02 -9.118770860737935635e+00
3.146707477467111658e-02 -1.154351645383891345e+00
3.378413878002945597e-02 -2.392165196570471508e+01
1.175606769537479862e-01 -2.767762198470314416e+01
3.365276510439343949e-02 -1.353638111066661409e+01
7.220819840215460250e-02 -2.263992619661408767e+01
3.121787823816776428e-02 -2.119820971549514965e+01
5.146622302872522897e-02 -1.284586247141084492e+01
3.324039844617077133e-02 -1.091047849150305815e+01
1.112877102021063574e-01 -2.698047111625350070e+01
5.879855885288681056e-02 -1.907992447173861805e+01
5.044571566130542917e-02 -1.561473889964643291e+01
5.461639514262245365e-02 -1.973054454810731073e+01
3.036979006459607222e-02 -5.419198240406007727e+00
3.246126754661147334e-02 -7.599201354512501894e+00
4.815752952810287840e-02 -1.579582376657812937e+01
5.542890717040786785e-02 -2.117777601455360781e+01
6.357048327195080617e-02 -2.319297024798058260e+01
1.136673442487259600e-01 -6.548579230168931176e+00
4.878130233743842303e-02 -2.123141073215668584e+01
4.373533977420098612e-02 -1.513900576985596480e+01
3.105282442136680920e-02 -1.437700641716081407e+01
3.755619205364523622e-02 -1.009564060021090803e+01
3.246313573984851292e-02 -1.481089204314907626e+01
1.091365951715219385e-01 -2.473166382237003802e+01
6.492127403922449969e-02 -2.362311564512763695e+01
3.242055852916739256e-02 -1.092262523551301001e+01
1.126448940642248986e-01 -2.576630406279430474e+01
9.587210463139299310e-02 -2.431021915445612080e+01
4.573967596791601864e-02 -2.224693670762886200e+01
5.687850964944584503e-02 -1.793510882950995367e+01
3.097904371902344273e-02 -1.246349514967169370e+01
3.094063226462865843e-02 -9.398875092088516681e+00
5.893079310028903617e-02 -1.465298253314185573e+01
3.860529243118365761e-02 -2.167683040370110348e+01
9.767644772631370320e-02 -2.702968669934698909e+01
4.459262331584696454e-02 -2.204870069263342458e+01
7.223887636665567158e-02 -1.099181345661205711e+01
5.190681265611452738e-02 -9.856675071418406375e+00
4.190324565843023957e-02 -2.890758917946210360e+01
6.815253634071609390e-02 -1.587234338158209646e+01
8.922727244670558555e-02 -2.004113036717355456e+01
3.967786046212606194e-02 -1.260519672801677160e+01
4.806352268039409265e-02 -2.346756058977143056e+01
3.834383164771813096e-02 -1.198719917595787443e+01
1.091154053185605100e-01 -2.723464176184335273e+01
1.161254384560426595e-01 -2.566850702189036681e+01
1.158450069521823750e-01 -2.740430949683445760e+01
3.279558943492121709e-02 -1.347875212754393992e+01
9.745738992331576256e-02 -2.682176966230453985e+01
4.266330331030076389e-02 -2.388466176422902620e+01
3.097698104850613032e-02 -1.208407191475763121e+01
9.723928151367822181e-02 -1.648134653012326822e+01
3.270230390889138777e-02 -1.840998089638837376e+00
3.258229502042710168e-02 -5.840225194548812837e+00
3.334149158046290085e-02 -1.494444513465487567e+01
8.163739456004201478e-02 -2.744218329197586570e+01
3.068019673845604964e-02 -1.161616991201347204e+00
3.153347302477620823e-02 -1.624451282969231869e+01
5.718610476724955705e-02 -1.485252896498641562e+00
6.926924431936606896e-02 -1.327398664977816267e+01
3.398539704428195363e-02 -2.434777701033357999e+01
3.096535339484525126e-02 -1.220638494733130353e+00
3.093854827174270794e-02 -1.076320177373117914e+01
3.192399620229211671e-02 -1.214734429930142312e+01
3.112721585561312176e-02 -4.354837116828846888e+00
3.596005758869110641e-02 -1.876225088125703522e+01
3.114278732058185784e-02 -5.236420683721935809e+00
3.278684701768862231e-02 -1.687570393492865151e+01
4.274196448986807007e-02 -9.560342285447708477e+00
3.166812172566860206e-02 -1.177212100125740957e+00
3.094350063747625112e-02 -7.361895529823393680e+00
3.267461652430679597e-02 -1.419987452565350772e+01
9.741269494914803206e-02 -2.445345165552278388e+01
3.125164311494294661e-02 -1.961863392043048293e+01
3.860529243118365761e-02 -1.652319558028998614e+01
9.633656950592602020e-02 -2.604583971626751193e+01
4.393550386690378562e-02 -2.390817020264156056e+01
3.099804824405337500e-02 -1.124374664186864869e+01
3.421753339936556282e-02 -3.087134308515023129e+00
1.011393418356861806e-01 -2.468024535559676380e+01
1.186250403142980192e-01 -2.446528110082373075e+01
4.162061160985991437e-02 -2.916707285551316886e+01
3.094877245323798473e-02 -1.214790953709872889e+00
5.185238661779362906e-02 -3.248059499891491697e+01
8.206610559132507254e-02 -2.621917039559870233e+01
3.924233771143605803e-02 -1.968409719764513710e+01
9.539839797411316102e-02 -2.425891264964309713e+01
3.169827594344577087e-02 -1.556417499252886927e+01
3.098233171606050093e-02 -1.260851246535706416e+01
3.062824557540155812e-02 -8.048282879073109797e+00
3.206657812889935483e-02 -1.688265419350179641e+01
8.163739456004201478e-02 -2.697353576047708401e+01
1.150601470215787958e-01 -2.705825513595139498e+01
3.073207044530668758e-02 -9.356051274498156545e+00
3.124209985661338673e-02 -4.351477994098359225e+00
6.671895291760948643e-02 -2.335600497669413755e+01
3.116326301351686826e-02 -1.914479618912293901e+01
1.017374113014852116e-01 -3.171672777809277832e+01
3.117794881114510294e-02 -2.144826222497349022e+01
5.289563753093089182e-02 -2.350331390300682344e+01
3.466380173950877469e-02 -1.036903688774730048e+00
3.218482804135562592e-02 -2.635146171862996312e+01
4.815752952810288534e-02 -1.600815381456276043e+01
3.398539704428195363e-02 -2.394274139265536050e+01
3.398539704428195363e-02 -2.394274139265536050e+01
7.021303703044491640e-02 -2.410313972733845844e+01
1.173244025041361299e-01 -6.161028142175555722e+00
5.026880479961456233e-02 -2.226399670742967629e+01
4.670111452455726064e-02 -1.382051715781609680e+01
1.114203688051767643e-01 -2.721341942014370474e+01
5.818806900873836618e-02 -1.628431755581673102e+01
9.321776860723808567e-02 -2.676918742085880965e+01
9.775191373727049049e-02 -2.669969898719949342e+01
3.125164311494293967e-02 -1.674726199376376101e+01
3.067478798809796653e-02 -5.594361461468995600e+00
1.176742619689755548e-01 -3.111252465335343231e+01
3.378413878002945597e-02 -2.219900909873107508e+01
5.777256394411123958e-02 -2.365273747146025940e+01
9.768141569539758040e-02 -2.702825734427360871e+01
4.573967596791601864e-02 -2.224693670762886200e+01
3.133411343123847920e-02 -1.278953031267960672e+00
7.253651288795755214e-02 -2.430197960736648355e+01
3.095693834467438607e-02 -7.660770805432220776e+00
1.167632033731125923e-01 -2.779680215114710506e+01
9.735100437007632168e-02 -2.511238200410230448e+01
3.218482804135562592e-02 -1.903771848168938874e+01
1.091424370790577553e-01 -2.444465199351258278e+01
4.459262331584696454e-02 -2.204870069263342458e+01
1.175575268418947994e-01 -2.767840166986465533e+01
3.124119915547337450e-02 -2.393796530658903876e+01
1.158450069521823750e-01 -2.740430949683445760e+01
3.948767447548460346e-02 -1.289833260994361730e+01
3.692779130851418096e-02 -1.473129564581110884e+01
4.187513966539449517e-02 -1.735298781083918840e+01
7.925230520072043539e-02 -2.648533577266339378e+01
5.592095190577443808e-02 -1.472441339990651876e+01
1.175183177673613799e-01 -2.777323249322853727e+01
9.128266399162728029e-02 -2.250329862713519447e+01
4.253609408682710452e-02 -1.879999384369298099e+01
3.660856691344209490e-02 -8.601906785819025458e+00
3.092821696415613483e-02 -5.285685113159184212e+00
3.589493950658972921e-02 -2.462957284159439553e+01
1.003094951559187070e-01 -2.728463193909477624e+01
3.067478798809798041e-02 -7.989845213456703732e+00
3.076460015379607615e-02 -1.053881959926007861e+00
3.416027717455066143e-02 -2.427774224717235896e+01
4.178205442319683771e-02 -2.855134406038173367e+01
3.355292673323678754e-02 -2.401809008264309853e+01
1.166089245425758619e-01 -2.740091167694178864e+01
9.796974027546342945e-02 -2.381158828471738786e+01
1.193172386464202844e-01 -2.742510077528412182e+01
3.178973087092552136e-02 -1.577056678060676376e+01
3.093030696870915919e-02 -6.175987475642637392e+00
9.575278513395513169e-02 -2.534981439782509582e+01
1.092411516279705869e-01 -2.723815587908348235e+01
4.522433059612061129e-02 -2.106984239190367347e+01
3.100715484712464332e-02 -1.226138098124282649e+01
3.034913757329561756e-02 -5.422886528756766467e+00
4.267151101462117457e-02 -2.514859242114274807e+01
3.138595866790449412e-02 -1.472337799441572237e+01
5.769703201519209290e-02 -2.374731015125080802e+01
3.255234004988787760e-02 -1.870354572778486002e+01
3.067478798809795612e-02 -8.339941652370400860e+00
3.900943175937941071e-02 -2.065064563646543760e+01
4.239413303272153433e-02 -2.710820256411332707e+01
3.073262036209743753e-02 -1.170520234768987811e+00
5.768028258772187056e-02 -3.095535703158754970e+01
3.239192122959463904e-02 -1.868761402404530614e+01
3.596005758869109947e-02 -1.362000544427681348e+01
3.139732537869840967e-02 -1.147649374920149334e+01
3.175936032422882471e-02 -1.113608344208437551e+01
3.152237602237054764e-02 -1.798872990209723000e+01
5.768028258772187056e-02 -2.581871284231547392e+01
3.052103653848834558e-02 -8.032354711893566090e+00
1.176523595164215841e-01 -2.501561008096744487e+01
3.098233171606050787e-02 -1.258949159171021748e+01
3.130906389799864575e-02 -1.454754483401232790e+01
1.174766679091435173e-01 -2.903879002796109887e+01
4.267151101462117457e-02 -2.514859242114274807e+01
1.175575268418948410e-01 -2.749343931597007185e+01
3.062824557540155812e-02 -8.031092877452907786e+00
3.106505132606915756e-02 -1.635354165250994285e+01
5.768028258772187750e-02 -1.365250374170024905e+01
3.243256430449806271e-02 -2.196082534270079734e+01
3.398537676193860713e-02 -2.394273010943677704e+01
3.093030696870916613e-02 -8.430453848158188990e+00
1.171998325130381574e-01 -2.053994986057251282e+01
5.686254502997040161e-02 -1.038454766627089221e+01
8.159604128446698579e-02 -2.089853659547528864e+01
7.945014812566168760e-02 -3.883812284614634081e+01
4.429266776371513364e-02 -1.391894998098049463e+01
1.015945006099895909e-01 -2.505073976740813180e+01
4.316751040670195605e-02 -1.302881158084771762e+01
4.412108565646141733e-02 -2.324702810785082718e+01
3.137247995493391839e-02 -1.171542600043412996e+01
3.430883774720961538e-02 -2.507712694231533490e+01
3.376956576510437014e-02 -2.048870689390442124e+01
5.897175519919202469e-02 -2.729358896495908837e+01
1.114406373634127534e-01 -2.729641755736339093e+01
4.432151611877210157e-02 -2.836418890023235306e+01
4.374317829614803727e-02 -2.039774777094114100e+01
3.067925756761528261e-02 -1.928228716311525659e+01
1.174858781224585452e-01 -1.135353520446876274e+01
3.369370158114284169e-02 -1.917506082462360339e+01
4.152240764547098645e-02 -2.896611430533016573e+01
3.091904028568036311e-02 -1.442765687708470779e+01
3.665776948648781508e-02 -1.006799056277949056e+01
3.153073134614009509e-02 -1.038765055045596419e+01
3.073262036209743059e-02 -1.022551534042018817e+00
1.172930069179310975e-01 -3.059808930654191528e+01
1.176806426314130904e-01 -2.889833490664592119e+01
3.050906003700864372e-02 -2.773058398012365977e+00
1.175606769537479862e-01 -3.108676792019064550e+01
3.066893122203232305e-02 -1.105306176016632058e+01
3.082522343994446856e-02 -1.116148370267544720e+01
3.097890786462369553e-02 -2.032117553730361692e+01
3.167528862407103379e-02 -1.618047981602635588e+01
1.158450069521823750e-01 -2.741798250131068571e+01
1.175606769537480417e-01 -2.766401829478636998e+01
3.135115584639409231e-02 -2.276952635376484224e+01
3.160881321178939801e-02 -1.250953328264794173e+01
6.046757045569874783e-02 -9.271751888267779407e+00
8.292327450432353253e-02 -1.877072776035756974e+01
5.712303842950548771e-02 -3.213911302214918209e+01
1.171030001464461873e-01 -2.707294706057487232e+01
3.299704121682124625e-02 -7.723695487760386946e+00
3.256373316682065200e-02 -2.032455042617076657e+01
4.244726661325629036e-02 -2.712065441452996595e+01
1.183504834267273820e-01 -2.778178524174408182e+01
7.921220483845281546e-02 -2.629810267060803497e+01
3.306092110082298197e-02 -1.528397210472853551e+01
3.107533774026444498e-02 -4.798936990034901484e+00
4.315369936624147834e-02 -2.188258150663034485e+01
3.871548683244830508e-02 -2.526566544786315660e+01
4.392797003593554295e-02 -2.511315785844161041e+01
3.039168924594770615e-02 -1.860007034849883212e+01
4.191851578966230424e-02 -1.779449653539491649e+01
3.123747218568383860e-02 -2.214363093694415241e+01
3.105257808760246777e-02 -1.947284157582215869e+01
1.170116869336069870e-01 -2.764450766463857079e+01
3.410662043128614290e-02 -2.420550670946062866e+01
4.990901850828081965e-02 -1.779059972881563922e+01
3.093030696870915919e-02 -6.175987475642637392e+00
3.117581324062219938e-02 -7.167364771022193715e+00
3.183966686248017319e-02 -1.252904839873368381e+01
3.410740580695231783e-02 -2.425925325129896137e+01
7.644045416376969715e-02 -2.709962806969935301e+01
1.158450069521823611e-01 -2.705817868992128794e+01
3.267047328298191416e-02 -2.726372264319445016e+00
4.116786533849649266e-02 -2.873385230657315859e+01
3.097698104850613032e-02 -1.219463255764565623e+01
1.152604759846194427e-01 -2.769716665164134639e+01
9.152145089209325068e-02 -2.609499679103605985e+01
3.056231031340495355e-02 -1.310954618929235593e+01
7.357539265342040447e-02 -1.549863138844431099e+01
9.858770149975679131e-02 -2.853673220614487960e+01
9.235050080327550370e-02 -2.731075085462326513e+01
5.768028258772187056e-02 -3.095535703158754970e+01
1.164737893531033047e-01 -2.553565608126967490e+01
9.712235746779976364e-02 -2.666565508596383438e+01
9.096495253438249828e-02 -1.564861773507349163e+01
3.125814637438685539e-02 -1.390014510063503472e+01
5.977242919099124557e-02 -2.443070568671369358e+01
3.442450773189077717e-02 -1.662246332464488319e+01
3.141721800953311411e-02 -5.664776473979108218e+00
3.098290886966913182e-02 -2.375481930998595814e+01
3.067478798809795612e-02 -8.339941652370400860e+00
4.923433007703405945e-02 -3.325362051317354428e+01
9.642427769394143477e-02 -2.389019738655466085e+01
5.767631309372875381e-02 -3.110399931698969311e+01
1.164748595673899406e-01 -2.741599050812292049e+01
8.134954070909859725e-02 -2.732885378984793334e+01
3.405904694912806341e-02 -2.245321706463252198e+01
3.624047636156475100e-02 -1.440149575253023428e+01
3.193288932868233038e-02 -1.005850347513254306e+01
3.121787823816776428e-02 -2.081859745201316869e+01
4.211308970852051942e-02 -2.409418298806296477e+01
3.076324624408748043e-02 -2.179687668362191388e+01
3.094771486108027769e-02 -7.451237336953671075e+00
5.732480058031544368e-02 -9.969012068753633216e+00
6.421315982819765511e-02 -1.484888005990332438e+01
3.093740628862109987e-02 -1.683375075013596955e+01
3.093740628862109987e-02 -1.683375075013596955e+01
5.650070174137983292e-02 -1.264770104080711910e+01
5.631722571181164289e-02 -1.702739440736041132e+01
3.490967846108641165e-02 -1.098888503198226729e+01
4.211318205597017195e-02 -5.863845119508123815e+00
3.729181133214058697e-02 -2.675340778503542793e+01
3.062383955650586909e-02 -1.280649227462397732e+01
3.057293220530737238e-02 -1.536537745599617821e+01
3.153354884052760043e-02 -9.185496065860895953e+00
6.687917024280730371e-02 -1.147685815819950328e+01
1.143931469101806819e-01 -3.026828060249429697e+01
4.453226417620273492e-02 -2.736491557342184677e+01
4.210031631667916080e-02 -3.217730135986558793e+01
3.294134576921289165e-02 -2.387419755830635992e+01
3.239960743830454237e-02 -2.051023974448304799e+01
3.078098187327760540e-02 -8.351672417585259467e+00
3.214304168817559010e-02 -2.143980388350107447e+01
3.101740639129935140e-02 -1.071194501954906819e+01
3.097904371902343926e-02 -1.271718645518940249e+01
1.172858084234156689e-01 -3.284447737471609940e+01
3.391342292887323390e-02 -2.317075325089662030e+01
3.111091377259810400e-02 -2.284400808743811595e+01
4.328393231558666510e-02 -2.442816490642887928e+01
3.474332322950397789e-02 -8.316676004243092279e+00
5.718763925264047643e-02 -3.214586893559883407e+01
3.477038574307064062e-02 -2.443687434082120546e+01
3.140241715423016527e-02 -2.102592455967416285e+01
3.380657317743486490e-02 -1.543520362670957269e+01
3.244076629755468510e-02 -2.159286771900586288e+01
3.123768594603679172e-02 -2.454369700822076794e+01
3.905159584658524780e-02 -1.465957995528303925e+01
3.133953520142415683e-02 -1.892504763355630004e+01
3.097698104850613032e-02 -1.076678839563941636e+01
4.458567454232509331e-02 -3.609392094466925016e+01
7.303031863345353647e-02 -2.751149617877654308e+01
3.082522343994447897e-02 -1.172926908817954583e+01
4.178205442319683771e-02 -2.855134406038173367e+01
3.152425595232420663e-02 -1.234796133124793549e+01
3.338851611647965234e-02 -1.654027908658681412e+01
3.152267792791199619e-02 -2.223979314720707734e+01
3.093690410149948361e-02 -9.402691717219918033e+00
8.149897149217592840e-02 -1.292559813588139228e+01
5.281591062124674218e-02 -2.044837924743702118e+01
3.082522343994448591e-02 -1.937797545196607629e+01
3.076866403323675128e-02 -6.915847733190171986e+00
3.369370158114285557e-02 -1.967045436318142748e+01
3.097904371902343579e-02 -1.229533393698358523e+01
3.958533197548644994e-02 -9.865096673133532335e+00
4.507073751766643016e-02 -2.603643728553488756e+01
3.120015577871208812e-02 -2.215817640683642864e+01
4.231001561251538506e-02 -2.506432229405855239e+01
7.945014812566167373e-02 -3.886980973649777127e+01
3.097904371902344273e-02 -1.228005474629564553e+01
3.120464062815002729e-02 -2.642809188624756800e+01
3.357734340575557752e-02 -2.195956915192324033e+01
3.121787823816776428e-02 -2.119820971549514965e+01
3.117794881114510294e-02 -2.156179304800428298e+01
3.410740580695231783e-02 -2.423753422107861155e+01
5.768028258772187750e-02 -3.112753497111405920e+01
4.239413303272153433e-02 -2.678395542412447128e+01
3.067478798809796653e-02 -5.594361461468995600e+00
3.035973587892952519e-02 -2.167317769712547459e+01
4.189999129528323984e-02 -2.328768989972709846e+01
3.094015028257484853e-02 -1.951145611495947918e+01
3.347218106150336853e-02 -2.449011083685219603e+01
3.093742392945216316e-02 -1.683995351026349141e+01
3.095164427149680111e-02 -1.952539367825204764e+01
3.109106973520456632e-02 -2.549268258156602585e+01
3.106693329117773614e-02 -1.832404010493539204e+01
3.133391262247536141e-02 -2.278069727616394147e+01
4.297466637968783143e-02 -2.786019444561562963e+01
4.641654245575806831e-02 -3.195762416884672064e+01
3.731692821708551544e-02 -2.157330555360277557e+01
4.267726244174453037e-02 -2.514949267148679013e+01
4.267151101462117457e-02 -2.514859242114274807e+01
4.150909499711837036e-02 -2.493216400192336479e+01
4.731095124811417196e-02 -1.972972639783814586e+01
4.297162096315338548e-02 -2.726070157786162795e+01
3.162013881369109269e-02 -5.658919664178121423e+00
4.178205442319685853e-02 -2.453934075785342017e+01
3.106505132606916450e-02 -1.813174210638654316e+01
3.094666311247300239e-02 -2.075648778556990948e+01
3.127554639340572595e-02 -1.618444446458550345e+01
3.218294631089626406e-02 -2.576134898013745556e+01
3.398539704428195363e-02 -2.394274139265536050e+01
3.093740628862109640e-02 -1.683996311812518698e+01
3.376956576510437014e-02 -2.048870689390442124e+01
3.093740628862109293e-02 -1.899002536512136885e+01
3.097890786462370594e-02 -2.115143824349111057e+01
4.701598524620446973e-02 -2.769657614260443879e+01
1.169071772502892070e-01 -3.094873084325855928e+01
4.512459965050816257e-02 -2.963822830323379520e+01
4.536854067863274609e-02 -3.116878568838049546e+01
4.196582574297442331e-02 -2.699947247869535971e+01
4.118938777143605484e-02 -2.761084851746820590e+01
8.066092830638517397e-02 -3.419919559824819100e+00
6.019781044918628282e-02 -1.572671164100003338e+01
3.097890786462370594e-02 -2.046169273384531095e+01
4.923433007703406639e-02 -3.452223447830702696e+01
5.768028258772189137e-02 -3.114375684665701627e+01
3.082522343994449632e-02 -1.936826541176370498e+01
3.329905374213074087e-02 -2.444731563502158522e+01
4.296417360399313462e-02 -2.348480859338287274e+01
3.281636761322732215e-02 -2.376587367282221308e+01
3.426455794111889219e-02 -2.412871210811500688e+01
3.087920276374576251e-02 -2.260918905941637291e+01
4.507073751766646486e-02 -1.941509529148905955e+01
3.093740628862109987e-02 -1.683375075013596955e+01
3.097890786462370594e-02 -2.083899353836554624e+01
3.094782165156979500e-02 -2.078567114888691947e+01
3.093673786255153949e-02 -1.606972899011340417e+01
3.357940287952587699e-02 -1.727808619348286001e+01
3.091904028568038740e-02 -1.427698501553847699e+01
4.269835202939587654e-02 -2.581904205100201821e+01
3.379450251810149630e-02 -2.152088888033571834e+01
3.589493950658970145e-02 -2.460298175768273410e+01
3.076866403323675822e-02 -1.125973113099734135e+01
3.037384233897048522e-02 -1.825923362371198166e+01
4.560442034480661350e-02 -1.755676899697350279e+01
3.124119915547337450e-02 -2.610278378770161112e+01
4.309464895627513475e-02 -2.060281985574880181e+01
9.295045388413379628e-02 -6.742737615626843706e+00
5.759469362035841977e-02 -2.658164024251865953e+01
3.411283176441507609e-02 -2.425532160918251279e+01
3.134819916890557723e-02 -2.277167641013731014e+01
4.706352961573494892e-02 -2.810060837928489619e+01
3.119809978160574190e-02 -2.178778381375600048e+01
3.123747218568383860e-02 -2.214363093694415241e+01
3.074943152712144093e-02 -1.694295127104721033e+01
3.093740628862109640e-02 -1.888223945537006898e+01
3.097890786462369900e-02 -2.042791093319602425e+01
3.729181133214058003e-02 -2.681358417300487318e+01
3.057293220530737238e-02 -1.394700453384320227e+01
3.105257808760246777e-02 -2.517646658492544987e+01
3.063027538115930745e-02 -4.347838157627671229e+00
4.134801143052388439e-02 -2.666702451522970208e+01
3.377307285379541751e-02 -2.410158369320330962e+01
3.153731560675799434e-02 -1.160319781964917496e+01
3.114976503604105842e-02 -1.765780383218727678e+01
3.108494046884854867e-02 -2.814582478507968588e+01
3.037172984300753539e-02 -4.908044708463566330e+00
3.076324624408749431e-02 -2.202226125971069948e+01
3.335340525616954654e-02 -1.535068158574238772e+01
4.231001561251537813e-02 -2.991719796423273081e+01
3.729181133214058697e-02 -2.237527784228977623e+01
4.178205442319683077e-02 -3.064233745037587653e+01
3.116455104021150294e-02 -2.123632964692024316e+01
3.120464062815001688e-02 -2.683620467669894438e+01
4.297162096315340629e-02 -2.677704592465464373e+01
3.778878664546797550e-02 -2.584470404303534252e+01
4.239904200172127380e-02 -2.545409175792685730e+01
3.786889324474107532e-02 -2.720728189370256800e+01
3.115831768685583050e-02 -2.394285614514015137e+01
4.267096433141651796e-02 -2.158767497050814654e+01
3.092031577933818456e-02 -1.594283884399897389e+01
3.345936175491541487e-02 -2.582348319285629756e+01
3.058035197229137803e-02 -7.545538865943016482e+00
3.036979006459607222e-02 -5.419198240406007727e+00
3.398537676193860713e-02 -2.394273010943677704e+01
3.116357050478112123e-02 -2.024950775572628814e+01
3.057293220530737238e-02 -1.519379205405465960e+01
4.374326414441254141e-02 -2.611066659743182683e+01
3.157814672607132944e-02 -2.407870632561382251e+01
3.093740628862110681e-02 -1.440685833846741204e+01
3.093742392945216316e-02 -1.683995351026349141e+01
3.666433369254303021e-02 -2.758793082502244332e+01
3.258400371974560367e-02 -2.526385101708315162e+01
3.100388241731800998e-02 -2.549026704842229663e+01
4.507073751766643016e-02 -2.594743806230824745e+01
5.877150272754298049e-02 -1.230207321588970970e+01
8.746892505374220805e-02 -1.069300313676278336e+01
3.191051006288254943e-02 -2.040917057683794411e+01
4.726471125280325147e-02 -1.927738022112020033e+01
3.050830951446364611e-02 -1.512361875286166679e+01
3.805552991375999589e-02 -1.859579355419192481e+01
3.347218106150336853e-02 -2.449011083685219603e+01
3.398539704428195363e-02 -2.396682484460981755e+01
3.141480867276024574e-02 -2.767973922047782764e+01
3.942262247597861508e-02 -2.622267485516510632e+01
3.094015028257484853e-02 -1.897305989792106473e+01
3.416027717455066143e-02 -2.457186744749709817e+01
3.123747218568383860e-02 -2.214363093694415241e+01
3.093742392945216316e-02 -1.683995351026349141e+01
3.185392120342599165e-02 -2.069335618731999560e+01
4.729397226366797991e-02 -2.604982722456761834e+01
4.458567454232509331e-02 -3.609392094466925016e+01
4.458567454232509331e-02 -3.609392094466925016e+01
3.067381455003690902e-02 -2.240251512584531568e+01
3.294161103188601725e-02 -2.087558316172083650e+01
3.254712010288100810e-02 -2.250615036754754428e+01
4.109431174325738068e-02 -1.660624840107562505e+01
3.083563762488158999e-02 -2.093647060212417088e+01
4.924915285368894335e-02 -2.761047259280446298e+01
4.430424440768177680e-02 -3.624441323528711933e+01
3.210938107165074717e-02 -2.632833129878803025e+00
3.147619070310522099e-02 -2.222887817181287318e+01
3.968821868726635921e-02 -2.875081739844607043e+01
3.124119915547338838e-02 -2.394024393446666110e+01
4.512459965050816257e-02 -2.963822830323379520e+01
3.111091377259810400e-02 -2.284400808743811595e+01
5.301655262014655368e-02 -2.957291104137266657e+01
3.119180072526073558e-02 -2.759808841392794676e+01
3.184349089266325095e-02 -2.151099967736556806e+01
3.729181133214058003e-02 -2.830545860471432107e+01
4.650288933811507625e-02 -3.029878713490665376e+01
3.093632657445912273e-02 -2.080878651826576942e+01
3.859452302797412165e-02 -2.717303997373750235e+01
3.158097773933862124e-02 -2.100529719796491790e+01
3.038906185690055245e-02 -5.213003508609414638e+00
4.942141441402253532e-02 -2.773601272957793995e+01
3.063759957711829560e-02 -1.340131437581340101e+01
3.100279334202233478e-02 -2.549116381482339477e+01
3.055659459935949201e-02 -1.574349750240736157e+01
3.302505100787235526e-02 -2.261052614534154515e+01
3.824215604047787043e-02 -2.300614692267048511e+01
6.140540228193219763e-02 -3.448090080597415152e+01
3.754950177411196799e-02 -3.148744364583794919e+01
4.116796498722375547e-02 -2.830533357199619715e+01
4.190315269020847277e-02 -2.972526438117521508e+01
3.078550487195639423e-02 -2.280645551516215619e+01
4.375471964453084284e-02 -3.027699210681314668e+01
4.461198942778574900e-02 -3.453148850421479921e+01
3.099631227558944171e-02 -2.286593389204762161e+01
4.230227203795282331e-02 -3.432251542348833340e+01
4.457860856422821150e-02 -3.148240779274917500e+01
3.106497250457813941e-02 -2.687392706374947693e+01
3.094782165156978460e-02 -2.078169166445659144e+01
3.096767660091170882e-02 -2.075714577298615993e+01
3.050906003700863678e-02 -2.915027200672215546e+00
4.923433007703407333e-02 -3.520401255085926095e+01
4.512459965050814870e-02 -3.005124255327897842e+01
3.343074926013186315e-02 -2.982774640543542688e+01
4.306093562654581680e-02 -3.638030134733455867e+01
3.499047647998922150e-02 -1.945265537926367827e+01
3.050906003700863678e-02 -5.808892737089088598e+00
3.036208838907211022e-02 -1.090371020659472023e+01
3.908770452100617659e-02 -2.794405427490164939e+01
3.108494046884854867e-02 -2.814582478507968588e+01
4.178205442319683077e-02 -3.064233745037587653e+01
5.137230108249887794e-02 -2.388630700400332429e+00
4.004092017007994386e-02 -2.996232413694816188e+01
4.431887249920648392e-02 -2.670318889765547610e+01
4.232595072377449280e-02 -2.721287766255732521e+01
4.441176986865802423e-02 -2.764558570812902261e+01
3.120378840316012301e-02 -2.279620314216719024e+01
3.119803527394931011e-02 -2.456355750029291585e+01
3.083372639112103020e-02 -2.453849817414420187e+01
4.020622483580700568e-02 -2.667679603181363035e+01
3.104450474793228956e-02 -2.071542656327213194e+01
3.058390336082080288e-02 -1.293396419953821486e+01
6.462015722265876394e-02 -5.631779531689778295e+00
7.937641719432020349e-02 -1.719565781424508089e+01
7.697341007889142717e-02 -3.758969564600376856e+01
4.534335585322462475e-02 -3.067876204650537630e+01
6.440774925996931022e-02 -3.183308618054115158e+01
3.495930463745866579e-02 -1.669783818611800186e+01
3.171791064711013131e-02 -2.421675955174562134e+01
4.558017766450256358e-02 -2.415668985818547299e+01
5.884950065708986766e-02 -1.402627518613842206e+01
7.638020096131956094e-02 -1.320293481347123077e+01
4.178205442319683077e-02 -2.845565379689627505e+01
3.218294631089628488e-02 -2.584153246719616348e+01
3.034076556427677332e-02 -7.567957876737158252e+00
3.118675220346548912e-02 -1.724017994169799195e+01
4.384324493707215248e-02 -2.961045218121468992e+01
3.060958260832165670e-02 -1.316288628963661189e+01
3.243749782061922105e-02 -1.181439136651655630e+01
3.177075957908272186e-02 -1.940036870489487697e+01
3.168419522797457505e-02 -2.847245465985426804e+01
3.098171751366579629e-02 -2.398646350528900584e+01
3.366028969772155710e-02 -3.201933415154031337e+01
4.335232694775432299e-02 -2.209366439627773104e+01
6.038468184219535767e-02 -2.488408150943546104e+01
9.586238680649461497e-02 -1.637181350311235661e+01
3.094782165156980194e-02 -2.104769292471448239e+01
3.097890786462370247e-02 -2.057934040793828601e+01
3.156837123096344067e-02 -2.408235116596106451e+01
3.072334128670569861e-02 -2.184735639161486986e+01
4.188080094934396036e-02 -2.708901798787799819e+01
3.065394889278757334e-02 -2.152963837336103481e+01
1.159970732087155371e-01 -3.530215125818475030e+01
4.160660953593180167e-02 -2.478380547501810582e+01
3.120481190611229180e-02 -2.672307690965482507e+01
3.345925198292988567e-02 -2.601734050792389041e+01
3.273997643511587091e-02 -2.300211823484641371e+01
3.137764213137127223e-02 -2.539503978495917025e+01
4.544987179813234773e-02 -3.163258892876520534e+01
3.100388241731803080e-02 -2.380764526336908560e+01
3.247538115534831515e-02 -2.652004110435493089e+01
3.170513229722876636e-02 -2.544088434969666324e+01
