# $NEW GRAPH$

# $NEW TRACE 2D$
# $LEGEND$: $$
# $LABEL X$: $Objective (or constraint)$
# $LABEL Y$: $Objective (or constraint)$
# $BEGIN DATA$
0.2489511476574744	0.19179499887792606
0.23956304972554196	0.14262837392185776
0.28787915054178503	0.21356401176846998
0.10722430551699055	0.1351301118661717
0.1016777460565729	0.2750689492015586
0.08187394940285153	0.11213293190379851
0.252554542002637	0.12678017304489972
0.06125527026176957	0.17942810057510536
0.19371826388753524	0.2526848054139001
0.25686573166938154	0.13280095632170724
0.09262573012830574	0.1084846016981501
0.18732386594970254	0.2621246251835127
0.08511065619632323	0.12155080652094002
0.16204401857306827	0.20756206634478297
0.3141276643378155	0.19709446200574435
0.03702426616300833	0.08783637543605732
0.07448169093198558	0.08227607635942405
0.05327948084462449	0.15024038080084243
0.05880761848448452	0.1008109574799585
0.07803567960036363	0.12207795576534675
0.091204163615835	0.09524570768217976
0.34564786227177524	0.4922751054329052
0.1285366023089488	0.10693688257075573
0.24883269087384643	0.31100783084578865
0.0	0.15872270462373053
0.0735830154565024	0.08286074495364551
0.12189353856915613	0.13183324300638954
0.04188345454521846	0.18328688266097026
0.11493557633579543	0.1708371724977271
0.11051940172942544	0.4590890750493239
0.16229222351523082	0.17197320947839856
0.13875622947230726	0.18805341436063824
0.1859070754888185	0.4708049838415774
0.061828939411416935	0.15064613903716734
0.3177090187409899	0.3955652996039417
0.044469928578328294	0.1561202294819793
0.3921177158360562	0.6050247148391175
0.06546936211397691	0.12416026995533312
0.09554463895751734	0.34407631729869165
0.03346896264533682	0.10097665941207964
0.15071032938852674	0.15061476437630283
0.04504318173094734	0.23710334404324243
0.04309956648187835	0.12369019416645063
0.2554646809384226	0.13845410724952903
0.15883768423647168	0.3242010084724879
0.09257416032036209	0.18951633917731991
0.060606205449687145	0.2867677386179148
0.0	0.10266583028409974
0.04808772438669506	0.08654276107442009
0.11409989718840186	0.09406667368466491
0.07225921197269368	0.14481319259218983
0.1574137801553563	0.11779679827468781
0.18255429932918632	0.15256083985262922
0.11904890742163182	0.09642936148098354
0.03279453043413145	0.15791640864292988
0.171583635682935	0.1043024879408883
0.05564145020521667	0.08394970733346077
0.06558864854594391	0.10760165505786914
0.1524626222492255	0.09551942976301042
0.2955794420403546	1.066731211822503
0.07555250598407233	0.23204974508086743
0.03735866354797653	0.4264481099061552
0.311739379650683	0.28556687185851304
0.32911028844116885	0.440667216793911
0.0576028341100328	0.15817057417425745
0.22385764650255535	0.21402719158806657
0.03383955260643758	0.1422301883586431
0.13664977777503193	0.21400593784773822
0.0	0.12109954423568996
0.32752986979447074	0.47912797256063333
0.0	0.12109084961483954
0.10200925277710224	0.08175566707239616
0.04898333231047812	0.10404190064496584
0.1994288695881346	0.12496005494669266
0.0	0.09143479020116992
0.0	0.13308268353405794
0.0938252411512151	0.35357749011860956
0.2768893058684828	0.5541929621305826
0.06818187384877425	0.12035251215402355
0.05602744354025851	0.0855725274722436
0.3046104856358259	0.15754927878407668
0.13044401686455012	0.16608846675542946
0.09463202929904034	0.12053805599991557
0.15050241104817924	0.226958022217875
0.11937012105747132	0.3641160324498067
0.12170951299594927	0.12379629313658295
0.33050004495235435	0.7474669119686882
0.16458889809137942	0.1590207880836676
0.1906461654927756	0.2973369952208172
0.06721363165535221	0.177517792391303
0.06934339977432126	0.16981093720395413
0.039487690029822595	0.253993246494887
0.21400969036875594	0.19343196168019375
0.391372522165983	0.2835115782611117
0.06753641409167924	0.14555335238203554
0.22014998634008578	0.15702109462341596
0.2683778201407395	0.7848532617493731
0.19908457268361454	0.17866169899299902
0.21852133263886778	0.18837173071054894
0.16761932537418955	0.5144051879200472
0.04263561954535324	0.18281090497001407
0.0690274792323647	0.11262661442061124
0.2145336266925097	0.16926178460636063
0.09463202929904034	0.12053805599991557
0.23232397680115371	0.2291597517401713
0.09828995157406675	0.15862953534454804
0.3000940357771279	0.20063996792149233
0.1954263281843902	0.1855722178665064
0.28508769410684326	0.22603429531736266
0.14004396333169672	0.12798290327148518
0.2547191447120804	0.18096500525196668
0.2489511476574744	0.19179499887792606
0.12638987191145754	0.17724870026008874
0.08139993010662812	0.2323344495234475
0.06046925932285023	0.2864435418107412
0.039487690029822595	0.253993246494887
0.13199925704587626	0.10145546043819811
0.08127885154540307	0.38977677023032037
0.03948769002982258	0.25396288551942126
0.05671256278005806	0.1004590214608208
0.12600781686259094	0.12476826800665464
0.27417946643013186	0.5793419991408782
0.15040647497387613	0.12747423931097718
0.37375446478602764	1.6557717744170939
0.31372276919179864	0.19696073161184086
0.03282456865996882	0.1579893354351918
0.08736768927725842	0.09135872967889357
0.33579128618369347	0.4945927386029676
0.29961421541705524	0.28682021417815967
0.032794530434131455	0.1519373618548518
0.2201499863400858	0.15687647832401796
0.0655886485459439	0.11803743544659794
0.18878401696705432	0.13233576149369466
0.07811350555750883	0.14406286283309894
0.03409709829846788	0.14250655570739326
0.041933032739162275	0.1568179720113687
0.05856599391760282	0.15743081583939675
0.1032319841947853	0.0960500927550083
0.10208671896621904	0.0879647828045128
0.08696825815234573	0.15912702748629776
0.11619698462028319	0.11677286472283115
0.3386621380495619	0.48729460182998496
0.0	0.10277006901621878
0.1574134267972303	0.11769597172004917
0.0960804994593956	0.09865036302424506
0.13430861476575445	0.21941353367068475
0.033411387172300286	0.09238518625217823
0.1355043261030849	0.1843283643361414
0.2458487642732579	0.16853475211459507
0.03343591944417387	0.19339822551916241
0.15071032938852674	0.15061476437630283
0.15071032938852674	0.17542305441863978
0.3482804901942451	2.867271866754199
0.35006815358450805	0.3090002701883349
0.1032359202578895	0.11690603938374808
0.11486907084029835	0.17137539702290078
0.21804785229702095	0.19065011703473092
0.032559316284546	0.09677009075926407
0.10105995726147192	0.07965672373533095
0.10253119337397323	0.10222554170556876
0.15081927932270542	0.11057326618262221
0.1645888950321801	0.22316242052630822
0.08885042622441473	0.23670512010241374
0.22591412088118132	0.13313799340165383
0.09867173652441913	0.15197879179863027
0.1600147752997373	0.3243035449385561
0.04593382197968061	0.12705663560430003
0.31375459171893916	0.6726466090834787
0.07803567960036364	0.12811661578442213
0.15050270167943725	0.09955133625639176
0.056579248799880445	0.12353393714927934
0.09554549806884552	0.1344878145165124
0.11409989718840186	0.09406667368466491
0.12170951299594927	0.12379629313658295
0.08857743608572094	0.08118069289902467
0.06629738161500921	0.09292588621240265
0.07112207208889156	0.08589919827873242
0.039804621314142474	0.3208008889365476
0.25890254594893986	0.19346151311630322
0.08515131605967517	0.1239779084265814
0.21668837887411968	0.15900174299943085
0.039708257662789376	0.19709085956294403
0.10833789245924791	0.09303543688941422
0.039186950726840496	0.4283999030530075
0.05774506719856414	0.09965709268808305
0.23482126371047937	0.12449891296675383
0.16778650926735617	0.13356198590864946
0.21153076556914935	0.31064399736548826
0.03279468863183299	0.15790466869681344
0.036351255602090696	0.13983815708292627
0.08006313630323206	0.09642172481340582
0.052632037468003864	0.16576638648863423
0.07367754533263314	0.12130126265765116
0.034045062630889196	0.14057433782068368
0.10058992208912873	0.12292230245386518
0.03414489277594692	0.100681210574348
0.11451195980745771	0.1831089488529629
0.0394281969654531	0.25396531923492827
0.07560897045582761	0.25607362753016283
0.052212495772201536	0.15673052208430818
0.08441942098563449	0.2398215453702642
0.039487690029822595	0.24438788137707154
0.033323221455010994	0.10179361860727623
0.032817107449753115	0.15573113064303565
0.05730463905546253	0.10886355931099606
0.04594240110663233	0.12712006941579676
0.12170951299594927	0.12379629313658295
0.052353007085845386	0.3151444351500139
0.06629738161500921	0.09292588621240265
0.03801744090157231	0.1588866821031454
0.0804577053560035	0.23262264165715552
0.099729253366203	0.11801111804707441
0.12982708759837316	0.12334705421146432
0.3282305097925639	0.20924640792222998
0.06407855555486387	0.10766088833232398
0.043591815634386924	0.1293270267054498
0.11136394928149146	0.0803433082230084
0.09586922973407128	0.09490756343333275
0.059720786999780735	0.09084157224268657
0.15717666119095203	0.10855209340699094
0.06819316903660308	0.11965113546579918
0.10059004917411296	0.12645504864763554
0.24196774589211958	0.23626760190217283
0.16672242336058332	0.3544669024242856
0.05022941498532103	0.11105721718672976
0.07282493840087143	0.18300347497864053
0.07153676655870223	0.1093189388916981
0.11181324160539952	0.3060078957085485
0.03341170709628245	0.09238562855895557
0.0	0.07894360411615954
0.2058565470252208	0.1313161080562736
0.07667198597915814	0.1220296781098506
0.09249573721662525	0.09510585581042241
0.18117663904326012	0.47025499684870076
0.06558864854594391	0.10502036650374476
0.06082782909190421	0.1493850378247701
0.09566973563795612	0.09148656610727285
0.06837358543032648	0.13862671220887698
0.11283939212000907	0.08700301299987495
0.04620863630092785	0.1263125210313107
0.059556436285609776	0.15698222418351984
0.14936520101913145	0.15053792055425363
0.10253119328491539	0.10222554166117258
0.07565888420604444	0.256159360729926
0.04740515285043815	0.07622705371498505
0.068569185324911	0.11594647224419098
0.032417988033589154	0.09655778531674561
0.09463202931860099	0.12053805601237332
0.21016008376397416	0.11469465891590677
0.13328641750112	0.10858695944399682
0.03752656013314622	0.2430883472356461
0.07588896185843955	0.2559666321500496
0.04273564222877159	0.10089893066913876
0.10151074223857827	0.2066093121802186
0.06937159062161632	0.09806939670581578
0.07912958026386974	0.17850355510647248
0.17884448684887752	0.11650477343819203
0.0	0.19273843927447482
0.3590783525138816	0.559945196258427
0.06159819821085621	0.0999889936755913
0.12186546961557017	0.0952421775443228
0.03331938615759872	0.18317573638892581
0.034125830927475134	0.09138346544807939
0.12681104957207753	0.17620356052247274
0.18285916925611562	0.1050979749691113
0.04630239077973722	0.21252233380302787
0.08696825815234573	0.15912702748629776
0.039804621314142474	0.3208008889365476
0.17269250802578542	0.18104765985089286
0.037106476470328234	0.09548231816957665
0.08410667936149195	0.15456314235784446
0.12970791367631962	0.1332810026726815
0.04807381945947839	0.2346528930112579
0.12046193130594128	0.18907806492090196
0.06686881668505815	0.09021653987407877
0.06845792520868786	0.116004803352172
0.0941084653981797	0.09114129044160477
0.1286894266310217	0.12192165576205864
0.03383955260643758	0.11844371690777888
0.036351255602090696	0.1695691479529876
0.1984716906812962	0.12204093100046046
0.10200925277710224	0.08135596986447778
0.23498333141454308	0.10426336021748728
0.1170423896516643	0.19290866540856336
0.15876516377940839	0.11460912347468973
0.07808348986223934	0.12853292021055265
0.03357879815206156	0.4193536434341427
0.07340059199243489	0.17094195357812436
0.171583635682935	0.1043024879408883
0.044469928578328294	0.1561202294819793
0.06911681715237361	0.11361232618926727
0.10336588245670986	0.11641423733488622
0.1307037892918231	0.10073345266732354
0.03184874928590633	0.158144827752336
0.10722430551699051	0.151652141537987
0.15050270167943722	0.10004480643011131
0.09316926874367253	0.10717364678576732
0.0394281969654531	0.25396531923492827
0.03463068198703056	0.2866470770105551
0.03287708451497225	0.2173094312802243
0.10980187964158884	0.09337590168895124
0.22303738604812287	0.1547627383589323
0.051685294810328866	0.21244289512490772
0.06295168193720087	0.1211225515038159
0.03327977465092914	0.10172723769078049
0.03569348631758443	0.2942087065834659
0.07110980825179077	0.10792288841624605
0.04263073307059784	0.1731984040600108
0.033676233994287465	0.12552889188283323
0.0334566102455612	0.21849496084418105
0.06820330993860992	0.12029534267420897
0.03341170709628245	0.09214751844950217
0.03178554141039742	0.15840867247713838
0.03282456865996882	0.15798929286716584
0.03183904171892771	0.16503695662893922
0.04588970658154648	0.12489325024961317
0.050375343578491244	0.12345844567883024
0.03182513678401827	0.1605721612280243
0.051588603430675686	0.12171818740243016
0.038000595105269	0.15843321759070159
0.46348028377777284	0.9475177950522812
0.06536829011926494	0.10790550947262749
0.03327307155266274	0.18222556094585238
0.3035677345063572	0.22148047113702396
0.03970050352263846	0.09648940466299416
0.1001531480262	0.10525513124944463
0.06167637553981254	0.10291954636689077
0.16300740293601074	0.17367007888244404
0.047541917864322526	0.07484746657373023
0.09412797176156092	0.09315050238352031
0.08827300965350329	0.09712881890007112
0.03277918952332528	0.19377714494124912
0.07456858399337707	0.08135663189798294
0.13170396323312275	0.19728318687628912
0.09187902698965554	0.09075775243503975
0.10780826241614785	0.09291055788557792
0.22462682144171137	0.12674298853592736
0.17202534106584244	0.1897722916993848
0.10267122463732035	0.08804073366193983
0.033542039600731044	0.10093031573716421
0.07134223610896877	0.10596271547482412
0.2517940104756272	0.28097076344703314
0.06614273587607787	0.08632222105946578
0.15205671002692744	0.15641021696082516
0.08207448173905409	0.12137232217979016
0.07787132732684789	0.08898185390319974
0.06939780377566211	0.11049588398991178
0.06731453700928479	0.11412419670437232
0.03331110327151317	0.18284152898397846
0.03286797697734944	0.15278390890636512
0.03401449430899601	0.32479404165724185
0.03411047988304674	0.12213043827329602
0.22002347702599617	0.1936096742700394
0.15766078912982054	0.09203881808442611
0.04112868984028404	0.18406773694236175
0.030732152565950802	0.1957339556403986
0.034440467585516304	0.07959665825733102
0.06296630301123364	0.22565417226439458
0.07128885992567939	0.08000820884493506
0.1015774129667908	0.12230486637147335
0.06724868287650092	0.15700202104338254
0.09298213306851069	0.09217450437164783
0.09170747173105677	0.09472176954506385
0.11654113631586928	0.11997229617962873
0.06854489048576619	0.11506966474060486
0.052212495772201536	0.15673052208430818
0.06927560349328073	0.11558960114241693
0.03279468863183299	0.15815049285713992
0.31105420207611906	0.19402978526945755
0.31179072390317597	0.3232284258244536
0.10200925277710224	0.07913875187049459
0.03178255554494443	0.1146359460111076
0.057291576123823865	0.07763522507630694
0.039708257662789376	0.19709085956294403
0.0565583222825483	0.07744246932811873
0.11242982906983272	0.11119709125550775
0.08305027729693738	0.07935912212556406
0.2228282255631403	0.14390301878026093
0.091204163615835	0.09524570768217976
0.0	0.07958011712726541
0.05271885068236633	0.0947298813975198
0.1897932244340715	0.11560345194419128
0.2256160173888125	0.10498123815516132
0.0517798130106383	0.11617066485120708
0.09334330823146073	0.11590470924111164
0.11101750976763548	0.08084231472749956
0.05867695731856623	0.0998401376186997
0.04162955968779506	0.1717083695792188
0.06615670249680808	0.09848017959319254
0.03383955260643758	0.1422301883586431
0.12258290259173527	0.16678654893447742
0.21666368816704706	0.2479252384005855
0.08315642055281419	0.11501477118366393
0.06860220408504343	0.11272567344629697
0.04717582076173871	0.07603953114545947
0.06674582860675717	0.15364172798097436
0.1553926833052545	0.10117125519518634
0.367763600410811	0.2834204832850162
0.11116077367230502	0.0941394293485729
0.4334733073251312	0.4475095622731397
0.03341170709628245	0.09238562855895557
0.27502248227937287	0.2315633297216544
0.22141145102589996	0.20422205898229467
0.2324056854184605	0.1336052270443475
0.05562417530839237	0.08938102588231828
0.03380621367382084	0.129272684990892
0.07657341264943146	0.09693288843109261
0.3542593939314115	1.1315481536981162
0.03970050352263846	0.08727286582562886
0.032417988033589154	0.1079135441241075
0.054939359533832215	0.10871387204838591
0.04535666859682486	0.15510585916678712
0.07218217441074702	0.09210179365955999
0.056859264965676934	0.10339635257076604
0.10100170630641495	0.0785826947494792
0.11760727301809641	0.11048249568797211
0.12965094258850335	0.1033985784820005
0.23011733287217853	0.14659893002539687
0.03227803360991541	0.1582513720266183
0.03340799292427318	0.1934804352167358
0.03269682050530224	0.09409474412706101
0.06917505722599504	0.09959003878377817
0.03176876021397561	0.07054978921365399
0.048745866261592226	0.24550100144364867
0.05271885068236633	0.10020010429668609
0.03287708451497225	0.2173094312802243
0.057963252822054286	0.07715440462058089
0.05395746117429348	0.10122326832223502
0.05729460368437415	0.08857783835889163
0.04132972738256822	0.12846812623164838
0.06591987730225703	0.08700973309860821
0.0877726311723704	0.07849936152107911
0.032060837745438636	0.104817077672522
0.06500913127272417	0.09950415531255209
0.08810733231630527	0.09268347600484106
0.059298983821561714	0.10337079260034757
0.04008457149557899	0.15431840750946374
0.06997947475187806	0.08186680762810027
0.03269468173778032	0.15755958644447543
0.03192505957302631	0.1525080189588516
0.032803342653560295	0.1553512290358208
0.03341175928850726	0.09379890811051453
0.04085977997281014	0.12800715314434416
0.049913408947092536	0.11368463603713891
0.036937273005161815	0.14000603631242753
0.03217852486417668	0.16426403085697053
0.29538356211285016	0.21271639275539153
0.041781027568634735	0.07717586459297435
0.038333463044776285	0.0767254206386596
0.04240818610993337	0.1665247383441941
0.07606712789806193	0.13203373829186676
0.0932589896755991	0.09081760383462995
0.06611521256886865	0.09765313662267441
0.04104129922320185	0.08464836798818137
0.04620863630092785	0.1253607384373498
0.07787132732684789	0.08934341310901628
0.08815740185999364	0.10270607195694205
0.06167637553981255	0.1049819037107232
0.0977446885949298	0.09691243505093353
0.2746192195009155	0.3277116760208104
0.06242525334899973	0.10223785753172954
0.07626822239905709	0.08959831039129211
0.10200925277710224	0.08135596986447778
0.08826974831985432	0.08091900911426522
0.038651359590460094	0.0813284182886484
0.04244819872017294	0.17338314698744517
0.03337655094001203	0.1012067748137304
0.03282456865996882	0.15798929286716584
0.046345750071114855	0.1191100716786418
0.032831155645016735	0.15680089299965125
0.03452607886156597	0.11612975566446805
0.032824308522039755	0.16727848729340705
0.10601778282699666	0.14341062872662677
0.09667555589238304	0.10160822252464863
0.03178554141039741	0.1462068843236853
0.0318390417189277	0.16513898057647486
0.05877254013722614	0.08025597713679722
0.07070949449388846	0.08078011241215868
0.08923859830129142	0.1360029163263696
0.03947427711768364	0.10107675532125417
0.07465070711165529	0.06573900670229918
0.03341138717230028	0.12870820628647953
0.03178554141039741	0.13991403877281414
0.07472701123861449	0.15598794635073254
0.06267244288722093	0.1128241857436903
0.04309956648187835	0.12369019416645063
0.08618955520457125	0.07793603484759576
0.03545900422004964	0.13942150389424257
0.05662415137585336	0.07544463847834412
0.06894339699514636	0.11275840949208296
0.07788342104697014	0.10335063498969746
0.07401606249943314	0.08129707651923195
0.09556419696787491	0.08094635738962801
0.032982406884644044	0.15781012306105593
0.03415473618700901	0.09698773490185571
0.101975523503211	0.11758311954908866
0.260718732296439	0.1803988930235571
0.31833891814619647	0.29617836485248783
0.04054357956058724	0.08466204698335175
0.03186963116527853	0.16511672946655184
0.038651359590460094	0.08178055641447803
0.037184980282760585	0.14936670959957551
0.1129369944165066	0.2242558467835904
0.3583241467491072	1.7842381664750628
0.0324693008750146	0.13384400276761046
0.0318389307807859	0.10636898642815398
0.03252408283967713	0.14162330728781294
0.1099576116889453	0.15941048317672207
0.03807925790024081	0.1364845479783546
0.03480441550705714	0.09443171283668712
0.03249831578416496	0.13222706853684674
0.04687828920683207	0.087551260671654
0.21369086035870405	0.13166803188793072
0.03345222686138432	0.1425559190477644
0.031577487865591995	0.14944093491990487
0.042370616947199236	0.11659384626689917
0.10373509780944551	0.07450533236044446
0.03610801246708053	0.10075889516076078
0.03216757005867861	0.1204303130058289
0.0354252149593688	0.13961662370811673
0.03947427711768364	0.10107675532125417
0.06507995141630067	0.09583635928572502
0.07051524444865788	0.16590709452992536
0.04145632450727372	0.10864788519203562
0.10865449374108284	0.08813755411142782
0.06822226973331692	0.11022236484511637
0.03259206020847776	0.0859848525771659
0.05607995121182557	0.13421597972347712
0.07870779464759992	0.07738165292314567
0.040971958974593645	0.08771459480637774
0.06648966332463366	0.07250851687773444
0.039182929013498326	0.11007924021913366
0.10100170630641495	0.0785826947494792
0.03414489277594692	0.100681210574348
0.05796294759836551	0.07801730666484051
0.03292011536183775	0.10037878601529675
0.03205138631273845	0.10467727222863446
0.0338021442129554	0.12940718602363735
0.051892685847871614	0.0876832331836511
0.09457796994635084	0.11982880308791378
0.07761969160109014	0.09023173184962315
0.03305350953354811	0.1292180682978286
0.03354330199104582	0.1008199959282406
0.06900555703478614	0.09427120766112289
0.04335942767182177	0.0830039186270753
0.06103352916304097	0.11609869879087949
0.09325976473696611	0.07812340130270783
0.03568029611912838	0.16038268885567022
0.038241102479784655	0.07693600423179497
0.3456589548680011	0.28079285039307994
0.09713050354530511	0.06899931923704963
0.03332523243206513	0.21737927823612382
0.0677856361486819	0.09083280344688467
0.05452263067524332	0.10661463808954089
0.043259303421295636	0.08524171287587665
0.043101155447782265	0.12369247420898753
0.0568367074289446	0.08526262238625217
0.032283981287830464	0.1822058822442434
0.031928530894393195	0.15246172723422508
0.03269302264855062	0.15763560241810037
0.0316216218675959	0.1919985801269157
0.040021686505318115	0.12791496475744146
0.05729460368437414	0.08777640650620544
0.058848633355790034	0.10293027477461902
0.03799366118949113	0.09806095612646146
0.033861331429953685	0.09651435322952837
0.03833346304477627	0.07652528583765024
0.2905524811541068	0.25362119076075956
0.056248623615553266	0.08844337787598525
0.03143842569783003	0.1350541698884753
0.07344613616332857	0.1380066171578178
0.050205628903897716	0.12256876174975159
0.19949028750488687	0.17660068709818005
0.2382688393579596	0.16357235854435473
0.039469153565879204	0.08220687778534419
0.04045444232303904	0.11637449040740803
0.07556252192343753	0.10793228510771549
0.44829305553335536	0.7380813928829655
0.08618955520457126	0.07830144418845535
0.04309956648187835	0.11277869373487887
0.036936219899395405	0.13821044856970738
0.03277918952332528	0.19150553655304497
0.05671256278005806	0.10218596068432755
0.04309956648187834	0.13341810483912298
0.0568175718396642	0.09212608644333409
0.03804035007702955	0.09653585649324661
0.03341175928850726	0.09379890811051453
0.03341170709628245	0.09238562855895557
0.047541917864322526	0.07484746657373023
0.039325388881332246	0.10110372692568932
0.031376964263165476	0.08093212115948159
0.03544253501531317	0.11781027674124259
0.08151682657778915	0.07617953124362596
0.28134783298917987	0.47840653209723355
0.06127287400902188	0.07547642003305194
0.07105885490729197	0.12971446568605555
0.031178975830540388	0.15854972387747474
0.03385486597893968	0.09024135581397268
0.03183904171892771	0.13924265367041597
0.031376964263165476	0.09351936880596744
0.08643199404988401	0.07804905170759403
0.032559316284546	0.09677009075926407
0.03337655094001203	0.10096292816655253
0.047541917864322526	0.07484746657373023
0.05138263336641768	0.09174920764714953
0.16172300959796404	0.13747048538733195
0.18061212290652118	0.0931587604243159
0.08297963514008103	0.09631291368982543
0.030950600640559104	0.07428764393910862
0.03270176181786478	0.10492935708674868
0.03970050352263846	0.09648940466299416
0.03970050352263846	0.08654292379751546
0.23063219475203123	0.10244087297292091
0.22714771765002414	0.17608902832254825
0.032060837745438636	0.09038963097339976
0.03215470388723843	0.14390188481412453
0.03179668732600386	0.15843660922144256
0.03341170709628245	0.09089649277607453
0.0416629441693345	0.11467403056919742
0.03328894468846204	0.12033760050504094
0.08587553279744127	0.07828099002326667
0.2039493317376109	0.14336783324573982
0.043402548280519884	0.09005178947284458
0.08170094324285873	0.07551382835684307
0.031825310441343034	0.16637314252819854
0.03411047988304674	0.12213043827329602
0.043259303421295636	0.08524171287587665
0.03876874251649314	0.10307736575411082
0.09368521302410779	0.17174280048580123
0.4000004166843732	0.47945638973196536
0.08617109786606031	0.07730441186124248
0.3185872690065617	0.3567529196986628
0.03415390525201633	0.10060703435337688
0.031047698556387997	0.19482794910580073
0.0335148801016615	0.1004467060472912
0.05678997129708224	0.07961486790193041
0.129616415332487	0.10750547995476233
0.2974614251031302	0.34988894157672606
0.06897901404727529	0.08482212382400729
0.17149163794839403	0.12903243236873607
0.08120996335525524	0.07387355911554998
0.03199825437290038	0.08309264912262637
0.04809853712852612	0.06917866624837778
0.03314813065774944	0.10258756800983021
0.0322668391826143	0.07624617518958011
0.03139071356175246	0.153762417870988
0.03341170709628245	0.09238562855895557
0.033525785296314496	0.1007936676789933
0.036113503507371865	0.10028757553164416
0.039469153565879204	0.08220687778534419
0.08578849618434198	0.09206439586547062
0.04114489704188176	0.08262138191125334
0.040543579560587246	0.08501422936482826
0.032060837745438636	0.10343092378742558
0.0735967331468961	0.07496950366205979
0.2945555623640799	0.21942780845420948
0.03183733239208455	0.1063663163704879
0.0315567892799541	0.19180116400543798
0.2368336885359724	0.19830661047722953
0.3180139284728468	0.17952745725532626
0.07358142528738731	0.07752290608868283
0.34521508713572574	0.3381387655249533
0.03194501714144238	0.09584663369849848
0.03238402874948056	0.15355473867046998
0.06648966332463366	0.07173623154493704
0.03341170709628245	0.09240553539426198
0.3304754686531509	0.4022695654035462
0.13119823202279246	0.08427122204531688
0.05722765861106844	0.07472837793222546
0.032417988033589154	0.10576176473824252
0.032059606952489064	0.10616396343341812
0.031177222908194285	0.15854524528093838
0.05683208062712076	0.08465233273846831
0.0432250522219888	0.08349709281793025
0.0318389307807859	0.10636898642815398
0.03341175928850726	0.09379890811051453
0.031886113783221565	0.1578996368020172
0.033071966111175355	0.09923004765056354
0.05686295429061657	0.10529919397608153
0.1367121263840464	0.1259822297171639
0.03510181986059384	0.11472837381208191
0.031093463119127928	0.15935809662239514
0.17582465942467904	0.10307300834822042
0.040705492654605796	0.1400657770012299
0.03268802260302181	0.13131481514666746
0.06583205102070502	0.09817519520929324
0.0877726311723704	0.07849936152107911
0.03248313988129895	0.12325064011879064
0.0353346259788072	0.07088674651192496
0.03338483038621253	0.10944583832879114
0.03803761961823112	0.0965323918575131
0.032064383937121306	0.15113864905006757
0.03241970208606176	0.08876518287570166
0.03329712991034557	0.10278003102158902
0.034880354228289084	0.15730539640822977
0.03441737180442694	0.09196604775224748
0.03337655094001203	0.1012067748137304
0.09889318065944008	0.07223784643421513
0.039106411804315934	0.07782457374935291
0.043356763581010344	0.07439165553223677
0.0552042266285584	0.07286975635936097
0.04104129922320184	0.08649189707609237
0.07951696277976732	0.07938267963125611
0.2002360766892563	0.23030554315682847
0.06626081192171222	0.0725271870427623
0.05844034814628017	0.0791162770412068
0.047541917864322526	0.07484746657373023
0.047381391219908794	0.07482625602576355
0.07754674861207023	0.07904172203940461
0.215285181507097	0.15344670423026566
0.033071966111175355	0.09923004765056354
0.03491793550106001	0.10898268484237254
0.10211761627213944	0.06569435559037051
0.08689512452284386	0.07722765128521851
0.04989672030884309	0.09513612669076464
0.16174225057514938	0.09547371395543842
0.03221048366706729	0.1258976353413779
0.04807403832899959	0.0884381011343042
0.031577487865591995	0.14727676849473972
0.03833346304477627	0.07685816727333238
0.09027390976500858	0.07834458288393019
0.031084756480437015	0.1660981730118756
0.03341170709628245	0.09240553539426198
0.03184874928590633	0.158144827752336
0.04744448173602232	0.0791877503212889
0.03341170709628245	0.09220176754968684
0.032226945046740965	0.10279384847528028
0.08170094324285873	0.07746855052706446
0.03341170709628245	0.09238562855895557
0.09089101861561556	0.10048495917971627
0.04150575746596497	0.07665963568632105
0.032533372662919245	0.09637022723239973
0.033500184914638825	0.09102273192815097
0.03153886557203493	0.08736400720267405
0.06127287400902189	0.07417555893028573
0.04104129922320184	0.08631672165543473
0.047528417627808114	0.1458386678347318
0.03832653607419156	0.08112068469939243
0.03307196611117534	0.09108609905784727
0.08367080543821763	0.09871355993081925
0.03601746586594851	0.06945720591458582
0.03807846445869548	0.16521754860547283
0.038333463044776285	0.0767254206386596
0.03833346304477627	0.07652528583765024
0.03184874928590633	0.158144827752336
0.030887604756762648	0.15959102744202833
0.04764513285771054	0.074930322134857
0.031133258280187842	0.15512728938736348
0.032425149051735526	0.1085567803486325
0.031777400931540065	0.1471820587219039
0.057231561715433366	0.078815931394583
0.031862290299610525	0.0924245226644278
0.14693972469710198	0.09751952027923125
0.03304631712880332	0.11327465406755544
0.032245445344042195	0.09661261200904654
0.056812295891202805	0.07625236176461836
0.03198219064768227	0.07244758125947492
0.04997604275737873	0.09114243273821548
0.03716752588879333	0.14616512897049427
0.04148022636538296	0.08343086711602775
0.0652899486865656	0.0751476272467012
0.0329427566583124	0.09747753854516655
0.03799798095446928	0.19168102893199418
0.03341170709628245	0.09238562855895557
0.03178554141039741	0.13805748354006034
0.031005696614265967	0.19265520574622363
0.03182713667404701	0.15815768664514995
0.03847672117046957	0.15589202791626044
0.03823973924678261	0.07684879369527269
0.033413598788604504	0.09235207211935459
0.04104129922320185	0.08464836798818137
0.05729157612382384	0.07718386115945454
0.07277123977731657	0.08035842608364499
0.23566585849575752	0.13543839731429289
0.03929334076733371	0.08353379666620415
0.031313907443574596	0.08149031688546349
0.105104428994976	0.06907195605064416
0.04940040753671775	0.07494897592870935
0.03889026080795751	0.08049093503329124
0.03197848785764036	0.10483999669964406
0.031464854688610724	0.15354655595877184
0.032066872423473516	0.08899901528011836
0.032357109256424786	0.15541319402322934
0.05469024461974727	0.08045061998550823
0.03175570079160568	0.07892647908609049
0.031320164344173416	0.1734326148585735
0.03195799651846247	0.10372627265303822
0.054674016217371786	0.09003844692696272
0.031260777080808516	0.08835523799271974
0.03183395504150139	0.19516897689963103
0.07551183417428474	0.12461891102555363
0.30874909205072976	0.3377231390806528
0.032061425551713006	0.15167620397783976
0.031837207057858856	0.08820630234843094
0.043765817072011055	0.07094382397463714
0.13862093407640416	0.10698245100768382
0.035379627100459596	0.09785234185640805
0.08431247852370112	0.07692930076142211
0.07291046872258573	0.06927874495348497
0.047155074449460564	0.08306344092900418
0.03172728693647787	0.09312316764030742
0.04939444503952641	0.07687824413821005
0.11437760223594301	0.07820137509215597
0.1555822631383473	0.14482154261164276
0.03088585553315193	0.16934337968033977
0.04736335327066739	0.07622221647704261
0.08740058809410996	0.10944535812088405
0.03639543462795888	0.10913707110583215
0.03170353298909328	0.14973362656823186
0.04112861224243488	0.08924969348817378
0.030887604756762648	0.15959102744202833
0.03993817539708785	0.15492855921740653
0.04531780506094721	0.07707561766012018
0.03278060307272008	0.08803653752985513
0.056778483085706655	0.0730380071078128
0.3012947579177843	0.27250523656542086
0.03145295638319392	0.15443986079270802
0.03652234397285849	0.1501705178467722
0.03197546999257213	0.10483504955178308
0.10293782413128051	0.07230945670278514
0.03126293717582494	0.08029502496890291
0.047538484410607706	0.08169395932153166
0.031464854688610724	0.15347732927185762
0.0318389307807859	0.10639559333908594
0.047444426363901546	0.07918770333251286
0.03222697694396784	0.10279389964130088
0.03144933741390941	0.11863133842795404
0.05515960183701022	0.09304151855981906
0.031206778997550533	0.0880232362344492
0.03261795757019574	0.09198010871420205
0.047333378765286684	0.07463152164243382
0.03195257555494812	0.0958676889866061
0.06283739536327985	0.07517598002299307
0.031777400931540065	0.14695149831220095
0.03220081508867041	0.08661302283615196
0.06642358661526349	0.11314255798537864
0.03317157522308508	0.06659977609977
0.03391275297503398	0.09283973730870662
0.04391468288055339	0.10083748171383189
0.03832653607419156	0.08112068469939243
0.09315828808144071	0.07528197131527047
0.03198198001592111	0.06862273247070927
0.08975814859688783	0.07133347209962183
0.11574351268869813	0.09965057533821967
0.04692320794598467	0.06985609485230891
0.037014731350276914	0.0917709533414945
0.03153886557203493	0.08733405773179832
0.038651359590460094	0.081357227358783
0.03176434108681225	0.15255604203860187
0.160328623860028	0.09707538255305209
0.04037995505055899	0.18820124755489218
0.031694103690999516	0.14698796649669715
0.032060837745438636	0.10343092378742558
0.03355604253308059	0.15748910856851803
0.03209268651332207	0.10116694304035632
0.04017052513135855	0.08595703400585945
0.031609387956375766	0.12601276717493615
0.06158413751969527	0.0866926457865295
0.12823043959683988	0.0894505327749455
0.3820095816752744	1.827062067012786
0.04940040753671775	0.07494897592870935
0.03305545880584227	0.07144013947373136
0.03863731075425435	0.11699523722862899
0.07159493642623785	0.09058242746028197
0.07061260784270103	0.07751951763099371
0.2965202129008283	0.1492164453181703
0.031347234442022046	0.0928273170150995
0.04735660105357155	0.07690251519205683
0.03690614825256412	0.07285595827845293
0.032097275907598505	0.1197332781406922
0.04700564128055156	0.07881555014976006
0.031113969770206102	0.15935733269477081
0.1726306357615415	0.09239343028854057
0.21437563254020328	0.28198174546810323
0.03129465439391226	0.07348554554055346
0.07526303301467614	0.07542346283253268
0.03438692386246701	0.08661687818849821
0.03254183478617174	0.09605084581464543
0.07464160786222579	0.06573500007073599
0.03341138136129158	0.09156437933627508
0.03130335597944439	0.07952685799847503
0.031201145665001154	0.15529713159495442
0.031590498934211536	0.13520723382622443
0.03140504940017569	0.1588707882406123
0.046328247294781605	0.06907882411375485
0.03188972197527332	0.14752754026204212
0.0792473792576584	0.08819784627302854
0.04697606428173253	0.07477261321085096
0.031043332688454644	0.08686396730343843
0.07472775322425551	0.06573287584641078
0.030724442981547005	0.19552046047778784
0.03171478754363838	0.13814426922058295
0.031889719286124406	0.12224052331596823
0.03276701052906602	0.12330352363090383
0.03756512103083389	0.14231477906170115
0.047101213162699225	0.21500778688040487
0.035299711237169615	0.15846962920179863
0.03241976904457521	0.07301254226043022
0.06777759056291943	0.08537545713062093
0.25684452779785494	0.12394103030041802
0.03133783795600525	0.15162354110598444
0.03152466418851753	0.08749366622195022
0.050057363229018256	0.13275465613403276
0.039408856801519246	0.08928397948279312
0.03129918370638107	0.09158342825242428
0.04785086695786253	0.07237488024335606
0.06768624874788842	0.07521870847812803
0.04145327526562918	0.07261779114863444
0.07464160786222579	0.06573500007073599
0.0983480019768073	0.06794508555422327
0.09535862263704964	0.1894881624884618
0.36586140313502474	0.17831672005524812
0.2197608787591292	0.17835275113468815
0.040640934012255464	0.08543371464477295
0.052897762264322794	0.0808337946443248
0.03146392627077795	0.09533801726879274
0.04022871619457207	0.07020014596341534
0.033761681408227925	0.09430982085006963
0.06585407390872712	0.07140293447208229
0.09796794342923923	0.08296593726373881
0.03855004580563442	0.1723084235812736
0.030910751097183685	0.15044014034011133
0.03200327191576378	0.090981763905107
0.03585481338798642	0.07268704919012146
0.03196781389768011	0.08137722220649313
0.03798468998067278	0.08478952484189724
0.050073728782945054	0.0702185302432936
0.031263757790099406	0.08030488285257108
0.0318566547172567	0.07308343269177574
0.047150791132267264	0.07636815853909237
0.03275242275794166	0.134184512298677
0.034094601315871755	0.07125568771275675
0.04720242369402156	0.07898240828768117
0.03809528605731483	0.1692392966052199
0.031759974252640245	0.09980796743558878
0.08712483010925522	0.08030209037982076
0.030732152565950806	0.12145521716277999
0.03307699159423457	0.1430135862057762
0.04740872085509299	0.07484825770688844
0.031578888910348504	0.08862381238542684
0.03110651402169138	0.09045736693730981
0.031986486258932204	0.1149578469670986
0.040465081229544786	0.09112617643501385
0.032034286666095334	0.09506504372764875
0.05444656115463627	0.0749570649957757
0.04736335327066739	0.07622221647704261
0.15565919632087255	0.09071790685169398
0.2521166949959241	0.12166667202814493
0.03205640158070428	0.08290062673872162
0.03100067203400023	0.19263956792848516
0.031190155296900533	0.09875594621391091
0.048049925892042336	0.0697281668690566
0.031696552783961635	0.1258645523763039
0.09654196573099616	0.07954878632484111
0.03186229029961052	0.09240489903550606
0.03731063824965136	0.08125190327451086
0.03830168066405421	0.08276957366138918
0.031079960277340894	0.1660910916090197
0.032051702153571705	0.06539816742277078
0.03833335706219437	0.08763564122069367
0.05113496140729271	0.08322395205496516
0.03102717510649689	0.08690017278373065
0.0743953850391949	0.14425564643279223
0.2607507465622213	0.26312642304933154
0.031858059131524	0.14143913968977362
0.09782414364421071	0.07533602434042867
0.046842737751522076	0.07444867208164105
0.03470887261706865	0.08774939417395478
0.06986978733344999	0.07619568985464224
0.11332002645611901	0.09057852900659162
0.03199825437290038	0.0830776432454779
0.0552042266285584	0.07287965197038124
0.04737335202598929	0.07454454737772935
0.03196646020852807	0.07043477741320234
0.031520045905365814	0.08607413158796269
0.035213505196790944	0.11965470550076354
0.05669594844252117	0.07064023484064716
0.06827338167426002	0.0710543978569822
0.06415895439461324	0.07186598450961695
0.046984601101600784	0.07566144447567436
0.047541917864322526	0.07522974851552792
0.031590498934211536	0.13520723382622443
0.09889318065944008	0.07223784643421513
0.03175570079160568	0.07892647908609049
0.03220184193851573	0.14691143027350176
0.030887604756762648	0.16131300907752613
0.0906077780959815	0.06538285393090239
0.031677992396089066	0.07584332704598928
0.031911257607628564	0.06609587190174145
0.03241697811891483	0.09410770151489342
0.05677848308570665	0.07272995297355567
0.04735660105357155	0.07690251519205683
0.031414600514346566	0.07471943911892127
0.08975814859688783	0.07670312540537105
0.039106411804315934	0.07782457374935291
0.03220081508867041	0.08819524742710486
0.03083826011860394	0.1115886464528292
0.0321938863565237	0.12158229091494342
0.06492230821282952	0.09112103531995785
0.30119688687474605	0.13109727771541313
0.030724191643237354	0.1433992469432658
0.031398251146479546	0.18399536925813678
0.031214299576154774	0.10771802654821226
0.030771823229262245	0.16635587091380039
0.031249922968311084	0.08696098574286588
0.03205403353844348	0.08042530103406569
0.03187860801414622	0.08295480601972106
0.03123454130681439	0.08020110533700898
0.039554616719681066	0.07026810012361608
0.03795632361564901	0.07729834658184642
0.03109725306463251	0.1593658163981185
0.0484344845598009	0.07474889564746216
0.10948305263747864	0.1726814251072361
0.39959454333017463	0.24647851329382728
0.06586015599732023	0.07206768372308384
0.03094293057219414	0.16949999692390152
0.24149186059524871	0.11073178302626645
0.2953637838242531	0.14203741297005595
0.03970038698694787	0.06859841034949381
0.047361369889564575	0.06981373801231515
0.03184465699031234	0.07354985931349795
0.030887604756762648	0.16131300907752613
0.031523417057480574	0.09551781241121837
0.03222171432280235	0.06882159779893615
0.038333463044776285	0.0767254206386596
0.031206778997550533	0.0880232362344492
0.03227309106159975	0.148605206406097
0.03111178116581203	0.1592857807718303
0.0552042266285584	0.07286975635936097
0.03178573802526052	0.0729305448182945
0.03119059660322273	0.09340172025394602
0.030890591734028687	0.1594756872939924
0.03102188627929467	0.08957081977348434
0.032780603072720085	0.1900180442677325
0.03134277820405734	0.1526015452995175
0.031538851340819345	0.08733421938795577
0.03198198001592111	0.06862273247070927
0.033453155905458325	0.08258834084050165
0.031766281344398906	0.08605613230048464
0.031729349092320586	0.06656913482763849
0.03297331546259174	0.17654848074612722
0.03258414501770073	0.09164384817477252
0.06844989315150074	0.0703602568468602
0.2373521812589803	0.14281641511906623
0.08275254362256919	0.07093388161645674
0.0770783305446106	0.07250234184383028
0.03136463684115206	0.09239425268622989
0.10445957691323224	0.06903829224772468
0.0318566547172567	0.06932689649300694
0.09713050354530511	0.07242867742092655
0.031158151856555214	0.09946053780180499
0.031169601963602744	0.16527214359162504
0.034480370428037525	0.06743610856273118
0.03287084249332712	0.09385487146239378
0.09480352845828086	0.07549648072311076
0.03172348275365439	0.07193208449160626
0.03175904855924055	0.07907413430370931
0.049992643113428395	0.07811037945045612
0.06267165327618053	0.08390322182426962
0.03690614825256412	0.07285595827845293
0.03153886557203493	0.08736400720267405
0.032073283782823606	0.08286404561639649
0.031239804173601345	0.19285212496952028
0.030928387788913728	0.08138087031830789
0.04776929352536414	0.08326220704861044
0.03115746725875331	0.1551878655006944
0.05028295349208293	0.0694003955109303
0.08584604471459081	0.07299311580656026
0.03133712146494588	0.0796207458894905
0.03130854237209727	0.1031553521239525
0.03278060307272008	0.0866069644160758
0.03129465439391227	0.07411446615884601
0.09982401368430492	0.09103443205129412
0.35530705060150897	0.5465253719743443
0.10510404053650615	0.06907182840801573
0.033409792832935555	0.08078912392172106
0.096617203491983	0.08484806241529776
0.061249089656939024	0.073630997869774
0.031827327602428325	0.06490081253713917
0.07680641282633632	0.09238683923763588
0.03228318592449755	0.0671226575527369
0.03168678614867863	0.09079673152666613
0.04809853712852612	0.06914148903443776
0.031182886296176996	0.080115176093821
0.05369257946679202	0.07003538501210105
0.03175570079160569	0.08084683080271904
0.03084421845802013	0.1453550620912105
0.03158386995508826	0.16131466578357903
0.33730543751359343	0.18815923272270887
0.42755657543354764	0.3839892141783808
0.11262169303335391	0.08053423349269839
0.36860366011301354	1.8926530863771929
0.03135302276674716	0.08037666414438466
0.031021949994098602	0.1919753135851197
0.03120677899755054	0.08641044297116254
0.03220081508867041	0.08742212509899833
0.03184465699031234	0.07354985931349795
0.03159910303906812	0.15568781140224577
0.03175904855924055	0.07907413430370931
0.030732152565950813	0.20050394200931018
0.03190172401653186	0.0691675300644833
0.03198198001592111	0.06862273247070927
0.03327004978310344	0.06877754326998765
0.033206443161295784	0.09634084322078036
0.030887604756762648	0.17763188911006972
0.03073561660269838	0.12181268407435579
0.031348940009356306	0.0794153736014195
0.031918269578194464	0.08298504337728536
0.03148610454557866	0.0798104096700725
0.031015641198665827	0.16465561489709818
0.03141660383478576	0.06558082840268176
0.03121524958429745	0.11226930627746927
0.03193171824168887	0.06886078415246163
0.03328317584588816	0.07378869454668768
0.030988982880357015	0.09183666887379478
0.031351564022816907	0.19373041455081963
0.05484971917135163	0.07700166357732886
0.031189655374748493	0.09875528316373838
0.031260759257419724	0.08705976048535265
0.03278458969071043	0.15703756527037055
0.03107281297407413	0.0987471262208198
0.04763223027670926	0.06922579917337827
0.031153902985068354	0.09380499771275067
0.031206778997550533	0.09473400870327672
0.03173385372834193	0.06797206241408695
0.03215608641761124	0.09109369860302474
0.03436329780286243	0.08120454111289076
0.10059389767729049	0.06564072839822258
0.032202693686637	0.06756733391648578
0.03199049765094805	0.0777315304002237
0.031598083961657385	0.08121956672102794
0.031015411881722136	0.19195504264702007
0.03168091232147375	0.13289021758573347
0.030864368804947216	0.08765439303045966
0.031042053804020135	0.08682903052139496
0.031106382981013418	0.09048767336744197
0.03108291788183981	0.19298514854444396
0.03111130952763682	0.09325926048962421
0.046262990247803115	0.07097578614264947
0.032285595174056346	0.0667013295961381
0.031190774238218595	0.0987569281007037
0.030843757349325228	0.1475478367805421
0.03120809985996186	0.10919738249535424
0.03254309380995017	0.14287563194589772
0.042860750044806856	0.08987147389269959
0.07464160786222579	0.06551091316766347
0.03582075814325758	0.0726524585985032
0.03151154676537838	0.08072482596370657
0.0318680373409228	0.07119645559410107
0.0343045408305042	0.14570762800477113
0.03148406904759358	0.08044168343257459
0.03891655930191818	0.08630045275148762
0.03178573802526052	0.0748712635705746
0.031182462192990274	0.15743419942633147
0.030875936570192712	0.08006338987312621
0.030974313187448324	0.1530515086194669
0.03804747526805348	0.07302538253812026
0.03121275440430562	0.07879786117796612
0.06229752659562867	0.07072666502518615
0.031201145665001154	0.15529713159495442
0.031136817388207845	0.10741753584446949
0.030940956404869865	0.1617371952999232
0.046328247294781605	0.06887746683545781
0.09713050354530513	0.06917399218950929
0.031594798423135416	0.06546107300778843
0.03165870957593658	0.08931877355070969
0.03514031113481817	0.10778494762680196
0.0313402633277471	0.09299541295451282
0.10877750872614016	0.10017828981844319
0.031249712981915454	0.08695033904632217
0.031755700791605695	0.08083812030642651
0.030707341551999126	0.11115766627136527
0.030792493852436088	0.12464305693807312
0.07066591361629905	0.07080806084915015
0.03126234791723491	0.08198287861068193
0.03309278168460402	0.14177488054700926
0.03297469065529531	0.1103635823213717
0.04200908229056561	0.0994091613911821
0.07465070711165528	0.06572540494328141
0.03129918370638109	0.09160598457285049
0.08815828309120383	0.07160656302223363
0.32869491463663303	0.14723074918108275
0.03677612885941989	0.07256908178693848
0.039241556153393996	0.09649152249269899
0.0463282472947816	0.06719436377934628
0.032054033538443494	0.08314053348428341
0.03158891611411403	0.06826485610365547
0.030906437149401035	0.2330547357459017
0.032730242040186056	0.0710877056128768
0.031669815400172475	0.08131136667380105
0.0860207473301536	0.07436169946423499
0.040230402525742996	0.07101929872668143
0.04035487343013996	0.06418465708040007
0.10703557259792935	0.0769916586449562
0.031043332688454644	0.08686396730343843
0.030887604756762648	0.15130225750681986
0.031266414042683655	0.07872461907445336
0.08103962577147251	0.0652270109535811
0.031247789669513134	0.07342653290330309
0.03106886857316232	0.08762998105728588
0.03175167245367338	0.07133311449052382
0.031145423666103934	0.08926190691581064
0.03220576213214342	0.06940144219094058
0.031233008933574474	0.08177943155786543
0.032234830512391476	0.06796479275842648
0.03358263985130901	0.07863719668130366
0.031185553608740695	0.07943734882352028
0.03090865688133494	0.13828519496837746
0.04286728103789944	0.07672718118432173
0.03101432868396803	0.08694876679021124
0.03695132307884418	0.06746163217488683
0.03309726850927884	0.09198546481300424
0.030823577622685432	0.07903112007550343
0.04544318900635649	0.11809816637704372
0.27039452417673926	0.11953115578210498
0.16629568561753555	0.0938175073885755
0.03190598777619826	0.07222345025253468
0.031012362529522983	0.1501516219520888
0.032705684892392076	0.09110009304722173
0.053685799214126854	0.0694479001489868
0.030696859063556004	0.10214604418947344
0.03100937260207538	0.11847657914882104
0.031072812974074136	0.09757102789204519
0.031111309527636823	0.09436458976337489
0.04040494282463283	0.14770354985719963
0.033917051544231365	0.07316538773481417
0.05019145092525487	0.08520006747495852
0.03134417231178064	0.08618226378233987
0.031283666999414955	0.08614353093183029
0.032007820575385384	0.07290777252587866
0.032023764904893594	0.06666722540495554
0.0463282472947816	0.07640291445974255
0.031175141491969132	0.08426293581618868
0.03161804482223763	0.07911824424477294
0.05256791935898818	0.0979479373526757
0.04167954502389588	0.0907515932660184
0.03249208724028043	0.1804298643089279
0.031785922473167146	0.07424101488541066
0.09938119064386419	0.06761538268042096
0.03127556743558637	0.0800013547468757
0.03690429801562952	0.06774883498585822
0.032529044855320315	0.21453021161579028
0.03127922693906843	0.07449192052619534
0.03155677407282763	0.06826929931831013
0.031268996751760925	0.08743057436731909
0.0312266047882609	0.0863371466528035
0.031804137884916726	0.07300740563250264
0.04730747563204875	0.06781214682608996
0.03415361268333351	0.20243913292934856
0.030974313187448324	0.1530515086194669
0.031400688186987886	0.07493215810799744
0.031997577617863746	0.08405384017212572
0.04562527888317583	0.06667437022603669
0.03207354047349736	0.06878764391113831
0.030724284736059742	0.19551672925931232
0.03327222553568349	0.07052302811600832
0.03363718093770634	0.06651116021254656
0.03190172401653186	0.07312450492397447
0.07478853376615438	0.06332230173016964
0.032150061379839064	0.0735707961564759
0.03173385372834193	0.06796376410716766
0.034480370428037525	0.06686631332727606
0.030697902623205243	0.1642115733223019
0.03178354519201562	0.09457979010190969
0.031979757581054355	0.07244481511290349
0.031151276171392073	0.0800744146191574
0.03175654308754695	0.07369590566388391
0.030771823229262245	0.16635587091380039
0.03185665471725669	0.06677632516676259
0.03228318592449754	0.07356123247053456
0.03241679557545496	0.0664697139858988
0.031036067991575766	0.08685377533958505
0.0319757687590841	0.06861536613463604
0.03103874146521198	0.08687305772837514
0.03242583417431156	0.07801889843854302
0.03214246810429522	0.07383061763423945
0.03178532561061508	0.08068803352875012
0.03958821979356192	0.06970659928962546
0.03103964801246561	0.0881675599298955
0.03083826011860394	0.1115886464528292
0.030985216698439743	0.11626228265264156
0.031096136171242725	0.09878189346625409
0.03088585553315193	0.16934337968033977
0.03764619604534579	0.06636145701238809
0.04279055953413981	0.11343375130933947
0.03043749308779381	0.14449682271664518
0.03191767924119856	0.06960591086001933
0.030903774971981178	0.11327833494630926
0.03162420504930328	0.08056206329355177
0.031588667166918306	0.06826458671811962
0.03091093533825295	0.15044058938898977
0.03220269368663701	0.06756317771425693
0.03162345260128168	0.08373133964057322
0.03134540531186691	0.07756414015304025
0.03190915392149978	0.07836868288684844
0.031647146751767094	0.06785402816121557
0.07711210985179476	0.0654672952947727
0.03084637927596677	0.14534911624954125
0.03345530672581293	0.06921815902437514
0.032202693686637	0.06756733391648578
0.12790708162826292	0.07970418511720971
0.23146235427673303	0.10134498688340024
0.22711905616557396	0.14528913175135252
0.03188383346375556	0.07311522730968231
0.07239088818077283	0.06803832938314822
0.031044837075350454	0.09108827108768285
0.03120945100927835	0.07520245688389084
0.03220269368663701	0.0667733517864694
0.031348940009356306	0.0794153736014195
0.03077333692228283	0.11921894240149435
0.030946967921633328	0.11618754602085032
0.031146784965047507	0.0800893062505094
0.031837638526358354	0.0790341303177654
0.03159485122900885	0.06448191765615799
0.03129430752248394	0.07348523069098209
0.0313808334289973	0.08056946712550132
0.030713547993120812	0.19548577066474665
0.03321466106872257	0.0841055401854554
0.031206441507146118	0.08947848033576865
0.031042053804020135	0.08682903052139496
0.030868814285393845	0.08390856209428786
0.030519959363688533	0.09643990632111811
0.03115498802853865	0.10604523729152371
0.03129465439391227	0.07405784210242483
0.030696859063555994	0.10402405807003998
0.03127932589230549	0.0865110604307959
0.03095116133840666	0.1161983251444456
0.04408781808377817	0.0772355487368146
0.03230531588366011	0.06457603821289988
0.03169529561164092	0.09783038002156207
0.0528449948550767	0.18273267419625014
0.031247789669513134	0.06746323312521212
0.0315886671669183	0.07867807713018894
0.080687055023664	0.06577742135823114
0.03101432868396803	0.08480842621791218
0.031924623767135535	0.06885167093621532
0.03159302644731318	0.07322188521732774
0.03188406914730823	0.06623749766432697
0.03179961941051639	0.08392891264353157
0.04806955714852676	0.08597518416789106
0.03523531305985882	0.07835886574867282
0.03181978396704833	0.07641652553285498
0.033456420690648705	0.09789684392834017
0.04112386264876677	0.1208125078302943
0.045715340247001524	0.08705430425991892
0.031068868573162312	0.0832429177151904
0.030724191643237354	0.1433992469432658
0.03216255684580433	0.0680310207464231
0.07472770796578317	0.06573285594070823
0.03307397538825772	0.06869190141266206
0.03179019715615545	0.08836487404833483
0.03070950625130435	0.0925958370143673
0.03759003978772387	0.2261895802134697
0.0712194129819436	0.06561458053331733
0.03077784932287022	0.19495220962450835
0.03159545690109226	0.07273891714868107
0.03199192595307715	0.08544758354105578
0.03181709136623878	0.06665366224529964
0.031182886296176986	0.08072801498122444
0.03150793026136599	0.11236345377627406
0.03106886857316232	0.08762998105728588
0.03084421845802013	0.1453550620912105
0.03199013927525596	0.08594223975764237
0.0678283804053056	0.08156241932545917
0.0316534742996468	0.19963204264210585
0.030693962839109613	0.0999641895483028
0.04731216954055767	0.06714386786386975
0.03123281202805686	0.08160137512369404
0.04975913715178578	0.13668355919399225
0.040280741035254156	0.14219967040665626
0.07478853376615438	0.06332230173016964
0.04335646463860755	0.07738459334814445
0.031036067991575766	0.08685377533958505
0.03084421845802013	0.1453550620912105
0.031189853914354578	0.07982061612441048
0.034433091821717866	0.1074978460304471
0.0318566547172567	0.06658007978226285
0.03406999010229474	0.07840005955547039
0.03231681585820265	0.06648299744594854
0.03171325356330508	0.06800772522784092
0.031043332688454637	0.08702210427612377
0.03083826011860393	0.11138296444546916
0.22616701687479948	0.10452128277952771
0.3062154501214612	0.1381131968410493
0.041025313479070076	0.10210218181297669
0.05210347277695728	0.10640805750218527
0.031253982288524676	0.08302231871533577
0.030984180225876325	0.09182953031480605
0.036178836172977555	0.06754087721408249
0.03101432868396803	0.08694876679021124
0.03171165865448871	0.06655052383036648
0.030742753691925	0.12182683766672704
0.08198050733334131	0.06517976469824496
0.03707653929338935	0.1428616878331983
0.07466532994738986	0.06647246799286323
0.03158891611411403	0.06840073920122161
0.031247789669513134	0.06746323312521212
0.03127898115245434	0.07789637482429337
0.06927852834619604	0.06742449308265468
0.032449573754400975	0.0658124227887383
0.03104888319789903	0.08395965900666591
0.03103964801246561	0.09008013325014375
0.03173385372834193	0.06796376410716766
0.03066924265764096	0.10078216470871824
0.030437093951631713	0.15106106682231965
0.030924882340822447	0.11173822578173832
0.031014574391325645	0.08384010694539847
0.031205564509912402	0.07414179112564875
0.22764287157620092	0.10099287609602196
0.23708934069884696	0.11757774557992488
0.03174839980870458	0.06777945386959917
0.03281486412674439	0.08799277523179304
0.031623314242235336	0.06538728472228542
0.031677476101278974	0.06988175152745017
0.07493311723396957	0.06320824901854327
0.031151276171392073	0.0800744146191574
0.0317272396616673	0.06654126565420343
0.031115044778684035	0.0870228049345267
0.03102695132800125	0.08527241102879349
0.04074252700929654	0.10275514454945697
0.031123728284095094	0.08722483172435215
0.03101432868396803	0.08694876679021124
0.031145767006564344	0.08008668241703974
0.03076144763883762	0.10225361153917692
0.03120945100927835	0.06816886898851605
0.031729349092320586	0.07351060713371593
0.22215475293754858	0.09760158039624331
0.07472770796578317	0.06573285594070823
0.2632097511118372	0.121805502680668
0.2817117091196415	0.28577117173623356
0.031571130063775064	0.06749387625997627
0.03187046219929384	0.0746129249302487
0.07465070711165529	0.06573900670229918
0.047140739578940535	0.15051989324818527
0.23529264303178232	0.1392046714701471
0.26289703448585733	0.11393151074406005
0.08197996609904995	0.06517119748903577
0.03141838201157199	0.06559178146379586
0.031268000498343135	0.079991618365363
0.030908817393611523	0.12177085016468882
0.030823577622685432	0.07903112007550343
0.03174665150191994	0.21532590734894538
0.038118191963731944	0.06525155923908699
0.031228066764192004	0.0873151143415421
0.031027175106496892	0.08655881147959191
0.03126641404268365	0.07906236952829332
0.031541583646080805	0.07192895164676695
0.031764556752939384	0.06873966783546726
0.031151276171392087	0.07301167752728527
0.08923937286887405	0.07398911764102244
0.04037066713611464	0.18989354102915484
0.045176541226198276	0.08984966874054831
0.03204281488608632	0.0753258650519228
0.03125797630075756	0.07283168967917898
0.031014328683968036	0.07962216922823454
0.03083826011860394	0.11718367905218122
0.03171590017102307	0.06736140192610121
0.03121090729363375	0.07440339757018816
0.03101879921848018	0.11210464699595431
0.031696755692129534	0.07225076421646337
0.07680469416412687	0.06551085119257667
0.08093004255053371	0.0656486041525144
0.032048414799554226	0.06679382062599816
0.031239814537869757	0.07786464420814904
0.031043332688454644	0.08853006738924736
0.03077333692228283	0.11921894240149435
0.07105557715104899	0.06576842233879611
0.031182886296176996	0.080115176093821
0.03123212020088396	0.08158733767935841
0.030697902623205243	0.1642115733223019
0.0320088254194271	0.06575984385638103
0.031233008936311726	0.08177943156642645
0.051609442509392284	0.06199117012293949
0.0553576869680131	0.15178605420522195
0.031043850881599604	0.08687370896136672
0.03049433123103794	0.09881158284148729
0.03162900400396653	0.08699800076909969
0.03119614368984975	0.0798108303392812
0.2771430188492318	0.1588805078370315
0.24545862547112515	0.10936168736065066
0.052930135847540055	0.07941960604022626
0.03877629473332547	0.11549288114829438
0.058584732133443666	0.08252746881403204
0.04608947431908711	0.08697051308370547
0.0870746620693585	0.06635426373046747
0.030860460979202246	0.12239529027904843
0.07478853376615438	0.06332230173016964
0.03306531631649324	0.08018081157546839
0.07472770796578317	0.06573285594070823
0.06551000868457835	0.0659670497574112
0.032714541896683415	0.06597771145171553
0.031482305383238623	0.07423321950997534
0.031613910437330923	0.0701434210520854
0.08711843405476086	0.0667000308816618
0.03270881249279459	0.07670120198729741
0.03928807570047362	0.0759113483685139
0.34347966108203204	0.3226549515676753
0.09807293310753505	0.1166269313663827
0.031185553608740695	0.07736380502621697
0.03080434587702234	0.07898677115628475
0.0824456459842543	0.06444265684877833
0.032411562272474395	0.06614746553753918
0.030852885255426836	0.0908122025969036
0.0304770576568832	0.09121258409841392
0.031675247722185745	0.0669023214877386
0.03120744434672745	0.06855691968377838
0.04107713630696434	0.20357612103589529
0.04783050078192834	0.08280605658547181
0.036282013345381885	0.08039576241991342
0.03083826011860394	0.11136998419915307
0.03116683498507258	0.0724538440691735
0.0819853175913261	0.07271355448155875
0.03119614368984975	0.0798108303392812
0.030696859063556004	0.10214604418947344
0.03276287214746669	0.082938503944895
0.03241679557545496	0.0666008839125967
0.031056375559757512	0.08198513697944546
0.03307131998385786	0.07445540860229238
0.060522500603142515	0.06349585108893148
0.03131118129417369	0.08034028510901055
0.03141660383478576	0.06558082840268176
0.040016768919886335	0.08302357197089781
0.051514403964611655	0.11116907346019671
0.05115043437441666	0.10634875461016183
0.03101596460449316	0.0816035219610596
0.03190488048787713	0.0679077001219322
0.033004711088135075	0.06673184607675184
0.07005822500652134	0.06689984164175644
0.031103394800221403	0.09213432221263862
0.031198431448473583	0.07963467451046946
0.07105415822514084	0.06576976703883287
0.07464309723563564	0.06586886475839225
0.03237134722226677	0.08351510466632943
0.07423561539517476	0.0637748219625413
0.031046565207136216	0.0871194210877846
0.03205664242021737	0.08177419807485048
0.03112974978689312	0.08806811968548965
0.31821807677346536	0.19441505448944388
0.1426186855767566	0.13259273959969017
0.0328121772502511	0.08072343748503755
0.030660615740506044	0.10535167508445274
0.03112032529212356	0.08540064144820361
0.030707341551999126	0.11115818395100618
0.03181328788060338	0.06595030334953722
0.07121309744228058	0.06562450068840428
0.030736574314253265	0.12271718690404962
0.03166643029536839	0.06643802307718547
0.03208011596646919	0.06780736423356573
0.03517244913135497	0.06770349885743508
0.06347247241259746	0.0635709591682401
0.030751828260998693	0.10098547336904976
0.030871111392617515	0.11889230137209293
0.030904506780433424	0.0947158492078131
0.03211105900018918	0.08174959641031142
0.031173345880752608	0.08123086078939051
0.030715475030563644	0.09173197504437174
0.03116251935766261	0.07702386433172267
0.031283497384682966	0.07688612141110784
0.06986951657438503	0.07171251444374435
0.03120551089612626	0.06844388646724911
0.03303061025909675	0.07154698514006134
0.04423864765657564	0.06962707540332935
0.031151381896855835	0.07952636227696729
0.030994795524486366	0.080987155338355
0.030709506251304353	0.09629939521988129
0.0746856962770562	0.06571437573629466
0.03101432868396803	0.08729190345890246
0.031165944199956365	0.06767760577023557
0.03135672767213378	0.0771648470994862
0.044150130168311104	0.09581827282405812
0.05440523910280672	0.11018014552749966
0.03124764599163535	0.0683349275332124
0.030507093641178682	0.09883227388170696
0.03456426734017263	0.06511166859473763
0.0690760621042831	0.07640656628041491
0.03576532825936332	0.10810429481533552
0.031148741833100714	0.07964143988402114
0.06151937044420939	0.06612105492692706
0.05368621915754113	0.20470200638404806
0.03125797630075756	0.07283168967917898
0.031145767006564348	0.07660430347844574
0.031889067148094294	0.06712555804457987
0.031243681167569343	0.10299372590767222
0.04867852258434869	0.10521566266171083
0.043683442581894466	0.07746540605375349
0.030994526628465857	0.09207519481428694
0.030719940777064005	0.0894677101249372
0.031086741626889063	0.09626825337144188
0.03196575080931251	0.07237065405017803
0.07422989669979019	0.06619041430176631
0.030868814285393845	0.08390856209428786
0.07714223491712935	0.06544154717547378
0.04768005755558182	0.10084220813812134
0.031677499317315574	0.06560110981761559
0.07213595690210561	0.06337753818695072
0.031306967747445215	0.06855988618287093
0.031138415635598427	0.07420812702092071
0.03115769874618476	0.06531013391633078
0.03159479842313541	0.06859425948233804
0.031239814537869757	0.07558193288663352
0.031157573528645243	0.07399684604714553
0.03094022601807135	0.07679388271039739
0.03174930486426317	0.09443683796916738
0.031026627214901424	0.08334939951353713
0.030864415907999827	0.07936696621300628
0.031212754404305623	0.08036385645832354
0.03271454189668342	0.06827598617555096
0.051597915785284124	0.06198424696329218
0.061266929083949234	0.1356267708056224
0.030823577622685432	0.07903112007550343
0.030696859063556004	0.10214604418947344
0.03142748598361046	0.07406598419776339
0.031178472775564917	0.0727025271453543
0.030847518527742913	0.08690335631496927
0.030558338283564124	0.0944137442879392
0.08198222454262494	0.06517209518783287
0.030668270695853792	0.09623470490260881
0.0320172178098184	0.06546917387962235
0.046790454347056844	0.06450028468475187
0.030997960068116084	0.0917494803363711
0.031194457368553044	0.08090779879536807
0.03337473482836734	0.06698775924644533
0.03133228758736513	0.07247567586309396
0.07464160786222579	0.06551091316766347
0.030875318357244975	0.08002954265902319
0.08197967278287158	0.06452583329222202
0.031212032793065253	0.07440474258412971
0.0975773138568068	0.07673448477227432
0.07415808133157382	0.0638214605719016
0.031594798423135416	0.06546107300778843
0.03159479842313541	0.06769657533453448
0.030693962839109613	0.09991866610593964
0.07105415822514084	0.06578537643172713
0.03049619667752407	0.10482917664942386
0.031239564378913898	0.06749793902657944
0.03269324084091686	0.06590576824229329
0.031666604670147376	0.09177305330887223
0.031173216043486232	0.06555584262287988
0.03138344409369586	0.06875161338372282
0.031925466743534366	0.06529924884791828
0.03141553922670559	0.07998309008178806
0.030997440505875044	0.06571052863789145
0.07915704781893391	0.08325916756603415
0.031150118723688107	0.07964522704981686
0.03127423255244369	0.074488341179658
0.031205381613946984	0.06597461422206369
0.03339325220219575	0.07802675796644448
0.0309972753749841	0.09213768430290038
0.03112178914244255	0.07020769880796746
0.03125907530979177	0.0796413462288199
0.030856040763482962	0.07477894576670374
0.07610957733777955	0.07560730169371103
0.031164869392168004	0.0817049254748959
0.031248081871640403	0.0685810633510257
0.03162284951550838	0.06522599242473211
0.23781518551815767	0.10545773459563541
0.2025677955297623	0.11622723206104134
0.030888733966338164	0.08564471954010311
0.03115014472271092	0.07785192816392893
0.07423605530509816	0.08516864290906051
0.03171590017102306	0.06736354571686642
0.031165944199956365	0.06767760577023557
0.030696859063556	0.0966831975392572
0.031185553608740695	0.07736380502621697
0.03070950625130435	0.0925958370143673
0.03088448673753561	0.07667817946426943
0.030611996034739932	0.09913382466387784
0.04643376500462012	0.0773219648325924
0.03989591380080136	0.07541274157044815
0.08174403657955012	0.06307904744407314
0.0740208030021604	0.06553991688988224
0.07665762534982341	0.06561075739289308
0.031061690839443122	0.07423207347615891
0.07678749715631944	0.06314163327463788
0.06351610412033853	0.06594017794925455
0.0712194129819436	0.06778643766837926
0.031594798423135416	0.06546107300778843
0.031244216244087613	0.07488062337326756
0.030944587059219344	0.07044102547522295
0.08194693374170049	0.06452312185246009
0.03087733031881135	0.0836540705728277
0.03074864256982847	0.09141074478766979
0.04065409269635867	0.07454418231081623
0.03107414756400009	0.08641335923716474
0.03118365073070579	0.0840846585136662
0.048840799789085905	0.07402970702471078
0.031146740450105494	0.07679414332488999
0.031146083733103125	0.07985669672582306
0.031211897772829844	0.07882890169282276
0.04586821553429769	0.09804721525787996
0.040299620315826665	0.08144966352294908
0.060522059368671374	0.06349561963068417
0.03269729679822545	0.09571980328521187
0.03090826214991387	0.08124057110640168
0.03301643798565293	0.06832468109847539
0.03180523381661648	0.09483625049574627
0.0759591962809025	0.0709153573585094
0.03377112428681304	0.06915950156647621
0.055246525009269104	0.06173935986936353
0.031195421723360633	0.06529965560347749
0.03055053948157162	0.09204726508456544
0.10719651116021063	0.07378664350095356
0.03155201518253508	0.07001902360287644
0.03141838201157199	0.06404255924066898
0.03508022531519463	0.0673389294322222
0.030879210644520597	0.08026795482106149
0.031180130304853455	0.06955943243427648
0.031916995845851684	0.06579498391808714
0.0308663265625237	0.07936942475473008
0.030791102201706364	0.07884227858845683
0.0308844867375356	0.0767489955318308
0.03159356922658528	0.06540763638147482
0.03115195235697096	0.07824643874397616
0.038747574882399896	0.06651205485540576
0.030570463724779444	0.10519650995127588
0.0318392101353466	0.06836237841665381
0.034591805213616066	0.09878306000119136
0.229276450581586	0.09525875005441838
0.23446798218061454	0.13550167233833035
0.030818535611895813	0.07681427932966496
0.030935409422788215	0.08397301425303492
0.03087996413307341	0.06637504069946659
0.03850703589631683	0.07483238011417433
0.031209308109754478	0.06632235501932843
0.03375502515263539	0.10009192226922957
0.051860529049991784	0.08181320054430326
0.052536590816503206	0.08967578069955164
0.030668270695853792	0.07792339969608911
0.031014328683968036	0.09317164380342707
0.04816280713635972	0.09250713645739284
0.03984391585179216	0.07257817541072321
0.04679045434705683	0.06460927475803463
0.03116067537578784	0.07362743231600546
0.03173771281995195	0.06518049498194621
0.03050694238154473	0.1034383340780489
0.030823577622685436	0.07618503187181938
0.033008787170719124	0.0792690549345912
0.030896251818915914	0.07820619308163695
0.03049619667752407	0.1061894547032517
0.07415808133157382	0.0638214605719016
0.11213897798948028	0.12301485213011183
0.031383914696459396	0.0656980389702357
0.030802089194957513	0.09604995252360946
0.04293573830474626	0.11016000777569501
0.031257526659721646	0.0894889143929618
0.03123956437891391	0.06478320552374713
0.03088448673753561	0.0803776501745663
0.07120871358330988	0.06561033851292263
0.07677160339667298	0.06314520806436778
0.031247789669513134	0.07342653290330309
0.03070950625130435	0.09647653508490102
0.03124845065600912	0.06770122472286443
0.03141574105401493	0.06711819163550488
0.07548201210215376	0.06278952556452772
0.05301442774689566	0.06395990126457977
0.030869852089109737	0.08037560795924548
0.03080398394168652	0.08244654671019327
0.0317120324608317	0.06558534437183274
0.031459917074276034	0.06736649664426668
0.03126105484513628	0.06541814734593525
0.03049433123103794	0.09881158284148729
0.040372187863646845	0.07763041916215088
0.030561980065128256	0.09782047261688176
0.030788540325542194	0.07926047730980038
0.08111312181480602	0.0652973104641242
0.0314470927026629	0.06543325610475702
0.03118227133662668	0.07916057865844886
0.031324192867657676	0.07429153747732396
0.03137855354299299	0.06512303996619645
0.03094587622351711	0.08756528572184197
0.03201527771522664	0.06510341456667165
0.03166556161173696	0.0657159574701457
0.030766685877432188	0.07772705053564528
0.0304870620204078	0.09248187788027251
0.031018818107864096	0.07385441923869582
0.34584573188308326	0.41732367218039534
0.14833568247309326	0.13080958157645367
0.03155677407282763	0.06826929931831013
0.03133583358277957	0.06867068660099597
0.03121729241333688	0.08542834669800145
0.03834809491611861	0.06411165567204627
0.0312643804185585	0.07353932203457786
0.0308277091309012	0.07609716641168059
0.20651377567423507	0.10801348012267363
0.30122213602851006	0.13609835608673043
0.031209451009278345	0.06705276640238936
0.030944587059219344	0.07044102547522295
0.04646321301417924	0.06227682493395422
0.03088556387863541	0.08375897030382588
0.030898402380444025	0.07334390824059867
0.030437093951631713	0.15106106682231965
0.050105076598357605	0.06549317331395832
0.030508862873265024	0.15123914947457537
0.03082322450536957	0.07903044541851119
0.030984663539665874	0.07923761308484963
0.03077027193785238	0.07992204158225799
0.030922785370955514	0.07448474156209749
0.04037428305391931	0.09171909427812423
0.030719573922086275	0.09265970939998555
0.03043849099103043	0.10585400866763794
0.039207767061103134	0.07758254056229126
0.03161749078019548	0.06527942202919358
0.03833122136022304	0.06494845706123357
0.04839235678257378	0.07201601663659275
0.0417047382301977	0.09818417939064353
0.03147587729353233	0.0655154000883089
0.03889396748875823	0.06895416749617242
0.055246525009269104	0.06173935986936353
0.03227752068938214	0.07624695376833794
0.22823754677050126	0.09473402709316496
0.3582488926797245	0.19291489233163459
0.03081462838451472	0.07368001840671469
0.03154793073790558	0.06975149553357297
0.03141838201157199	0.06559178146379586
0.03089784694563539	0.08892188145859772
0.03201378373364811	0.06446543171213905
0.0846442722197938	0.06244626148384639
0.032358961864236056	0.07594226917549472
0.03500629156299446	0.07966740900604984
0.030803893882382673	0.06885469033018995
0.04333738178534658	0.0752734361176936
0.031374633573803594	0.06568902675158705
0.0305344003507298	0.10348488753503858
0.031259872666247246	0.06864827370195886
0.031019464171699467	0.07918580048510794
0.03170327379789304	0.06547002480881015
0.03142315323605684	0.06829067261481393
0.33082320217291283	0.3154791536548246
0.06690875490907369	0.09996311367653549
0.031159769892769775	0.07376105083280779
0.030859882823781517	0.07471403685495358
0.04555450718563845	0.06438151460687307
0.030474557022875774	0.09886543477957686
0.03170191079898756	0.08286764715595481
0.03511769982692026	0.06895028213798265
0.03064678044569202	0.09023067011483385
0.030953017924103574	0.09169184466406313
0.030766685877432188	0.07772705053564528
0.03049619667752407	0.10482917664942386
0.030491197399147286	0.09058653070101415
0.04059595187120154	0.06411857937112467
0.0315982978904049	0.06525695619662814
0.032206878059765714	0.06518123810464577
0.03163517930414542	0.06539956792197575
0.03084345540502332	0.07892408353671186
0.032330870859807445	0.09624722584927928
0.06403326969995171	0.06392103623113755
0.05528446623580892	0.0767182945445581
0.030896110077912573	0.07820577640209643
0.03137290439007556	0.07092768428311763
0.03433948521146702	0.10911479366318483
0.030856040763482962	0.07450828839115825
0.03173771281995195	0.06518049498194621
0.040056455141249836	0.06535783819361161
0.030555097733272137	0.09857680345443703
0.2544573335135485	0.12210632563509134
0.19633714506056157	0.09086854080400951
0.03049754729159394	0.09007597139723568
0.03151340668604505	0.06746259992022546
0.030563495465817787	0.09449659227736619
0.03143161511099095	0.06458922300130629
0.03085890987706315	0.07655844755728565
0.031388775526987725	0.06804237649446843
0.03675812047118715	0.06520152919151055
0.030640161658960954	0.09901694126214883
0.03126193032755407	0.08700933919240748
0.030864415907999827	0.09442680111384626
0.03173775000284756	0.06497383373742009
0.055246359217491554	0.061909286895444705
0.030823577622685436	0.07826450402345403
0.030947680699723812	0.07273308519630804
0.051609442509392284	0.06199117012293949
0.04353340154877677	0.10665006151201376
0.031202760063982336	0.06844094129281171
0.031212067228727644	0.0663251273727629
0.040262518477085285	0.07437771367181982
0.031155648627119004	0.07923666107414379
0.03146373293738796	0.06577422122312557
0.03132113627703342	0.07338134091840821
0.04966388502062151	0.062096005503258625
0.05591107438667078	0.06378511065394632
0.03182123246644816	0.065718580629863
0.0311588917253554	0.07784892049250593
0.030499310414626685	0.0916003039005782
0.06034112849277321	0.06371129680832352
0.03234301289116902	0.07732742441899312
0.030408549471537104	0.10403766044162903
0.030825741919375156	0.0904446234421095
0.030575025562197683	0.09785314837818576
0.031177061102081145	0.10584297473851617
0.03078991269653364	0.07877316561657643
0.031011701734815718	0.07498630449014118
0.03079461333414331	0.07926830504446351
0.07147797025749754	0.06338984959897968
0.03145820287265666	0.06696736359170165
0.04566706129233445	0.06409561693068411
0.03082322450536956	0.08007575044227161
0.032093182167136684	0.06469334033804106
0.030719940777064005	0.0894677101249372
0.033606559866960366	0.0690369946642518
0.0311908195922179	0.06582630380848442
0.2324600074438356	0.11108402101800673
0.1993558074865871	0.09654680699976362
0.031180130304853455	0.06955943243427648
0.03050694238154473	0.1034383340780489
0.030898402380444025	0.0723402268694488
0.031165944199956372	0.06808932713182372
0.060522500603142515	0.06349585108893148
0.031157573528645243	0.07399684604714553
0.031596268631002004	0.07414292581991543
0.03064678044569202	0.08634937011639628
0.03096752030418088	0.08525997631978761
0.031238811572140923	0.07279022312229644
0.0317229009801721	0.07749668094930726
0.030985983964899835	0.07706891394052102
0.04646321301417924	0.06227682493395422
0.09555058679750716	0.06290937237164033
0.03049438527406964	0.10844836184716929
0.06042997207114748	0.06358522887094552
0.033229151709154886	0.07161055530809925
0.09130071000766608	0.06270931572752506
0.030862668051341444	0.08004206385659986
0.060522059368671374	0.06349561963068417
0.031178472775564917	0.0727025271453543
0.030905958244782327	0.08669850191442798
0.05868650895043564	0.15579532620205797
0.04408814880447226	0.07216052797328196
0.03132021065805418	0.0646989266591804
0.031277648298585994	0.06769548214246278
0.03117847277556492	0.07277367312032713
0.03123885401469973	0.06769846333776297
0.031191367692020296	0.07065615720418078
0.030773103147241	0.08049080216430023
0.23998056908985244	0.10155649650404663
0.22143485739112317	0.11139748870150104
0.04529435875650862	0.0643370823295079
0.05361846716155147	0.08310292789182984
0.20275740320120106	0.09229747394502781
0.031243741951400263	0.07400210765271674
0.35021422027265076	0.5954916501790074
0.11035172487690038	0.11987652275116734
0.2317795821745927	0.10235209301597023
0.19530074364121733	0.08811766634144322
0.03081462838451472	0.07368001840671469
0.030474557022875774	0.09796901789925191
0.03617249434253504	0.07392835298880127
0.03094650268680736	0.07945840412167178
0.3264868972919288	0.20939073320483595
0.13295251106265202	0.11545374991164106
0.03142450407645626	0.06558908135890329
0.05301442774689566	0.06368959284469794
0.060534487840168905	0.06315661448855149
0.030766685877432188	0.07772705053564528
0.06153965197784622	0.11156073626543145
0.057122838725762654	0.07106114333200644
0.031247720624906612	0.06379214312680749
0.034418745386200086	0.08129990263134884
0.031903898435282727	0.07099700982478539
0.03163799030309414	0.06826504262623924
0.03117041782065853	0.07269311195116888
0.030562401349670688	0.09442002271050842
0.06506458869880698	0.06354429956833858
0.03217615241836869	0.06666752395178031
0.030799593545173358	0.07445863778300253
0.0309534656220454	0.06997189749686407
0.03074037672094084	0.08594682935320101
0.057672135118469914	0.06412686418660288
0.030943029138197478	0.06986068599346412
0.030791482046625667	0.07927870793916335
0.07478691858867278	0.06332162668771621
0.030967171676148247	0.07312463746855581
0.05524430612696557	0.06219269205683137
0.030958065712835166	0.07282593391291475
0.03129722924163036	0.06720421807869778
0.0321331455683488	0.07647788066521632
0.03130195289401465	0.09833829726729643
0.04141742969996043	0.06392746819798317
0.04511954333169211	0.07131392508772305
0.057635675058023826	0.10316130408556833
0.0314471208619277	0.06543332836938913
0.0308235031233403	0.07618494521695203
0.0846442722197938	0.06244626148384639
0.0815762391661647	0.06302859840097533
0.03125606527969008	0.064904623749872
0.0411145450667481	0.08831346281141579
0.03129206052089673	0.06833010667978139
0.0637417934450051	0.06926185625190308
0.3021760662143817	0.14928350112276825
0.1422900403253232	0.11725420948838701
0.030753543319387566	0.07931443424116344
0.05907648008867121	0.062484326063886736
0.030657457851103766	0.08303346621971774
0.03130471300648679	0.06809480153285956
0.03068185333676214	0.07402657507016837
0.031006621660331656	0.07252605706881489
0.03201135476797477	0.06446554358931904
0.03126104815132834	0.0654182752599724
0.03082505086319525	0.07302525731832023
0.03078447152834019	0.0744853647009012
0.04555319090624836	0.06437961444708491
0.03097823184915731	0.07826525688776016
0.030885657675927977	0.0745472561883759
0.06372133210678414	0.061047279417413634
0.03087338876766241	0.07382629137825107
0.030924636660784398	0.078632309530662
0.03086733828794254	0.08951248945996618
0.05021423919949834	0.06214662293472048
0.2243054958683204	0.0962473178642918
0.23011423166680395	0.12061878738840778
0.03201378373364811	0.06446543171213905
0.06477172652071961	0.06253010647253643
0.031383287073851684	0.06399719289710167
0.031568241532163754	0.07520228654713336
0.04554335699217422	0.06341663708845152
0.030745201222147415	0.09087318766963713
0.06111228739215056	0.06675895239673232
0.03207240337311966	0.08562377723269801
0.0804739805680142	0.09573969241010137
0.044242007298771126	0.07907068249319849
0.031179477316420366	0.0679928422429668
0.05206013632341733	0.06487099330618701
0.030791482046625667	0.07927669243321825
0.03813700327116854	0.06429302502203202
0.031943284965377544	0.07011630956615206
0.03157017610846161	0.08076532102807234
0.23477375353642144	0.1010049520279264
0.22740270012416855	0.09974342993411887
0.030795542875760452	0.08241533404524423
0.030794613334143305	0.08273966565017314
0.23267154549924365	0.10860555304838719
0.2182729392865309	0.10557326845554647
0.03091952463894678	0.07986606843159792
0.030794995324014675	0.09054782129831467
0.031205518618782183	0.06535672821868713
0.05297995145272577	0.07901464305517249
0.030858247865117372	0.0726278618288675
0.03071472034151617	0.09465511875053384
0.03085738024063329	0.0800155085434162
0.04141742969996043	0.06507269838093789
0.05338235139662518	0.06309265944336112
0.037944458570746686	0.07333188383984414
0.03215332313209166	0.0725756745503195
0.030955324555785528	0.07808484034169928
0.07957805975080912	0.060598152913651934
0.03068672734691186	0.09166109493984251
0.09947272666592753	0.06293751537474968
0.05304481002681789	0.06397034056104682
0.2297641376205328	0.10008341233003894
0.21536468437608547	0.09729113101964133
0.030948429783836724	0.0728514910956504
0.04352145995924319	0.06631167973414603
0.04418220318936281	0.06651945567022331
0.030831669076759376	0.07827897356302081
0.030437093951631716	0.14240435188600487
0.03173771281995195	0.06518049498194621
0.09973790789141324	0.06269178727264033
0.030823577622685436	0.07826450402345403
0.030719940777064005	0.08921018151600085
0.031182006877911804	0.06999223113554587
0.05295523415993707	0.06256219031682865
0.03045973277082585	0.09518292585769172
0.03107939779375929	0.08452187617915446
0.030527829480289103	0.10636864339286656
0.0335207280111687	0.0940496368381121
0.030473811467782403	0.0981571356948555
0.03834811846079627	0.06492485709488029
0.030791102201706364	0.07867051809555924
0.031301368902465806	0.06481285492159024
0.03082307611931249	0.0752589553246885
0.032364003437364515	0.09055753876561687
0.040913038861507246	0.07285946000761076
0.030818535611895813	0.07681427932966496
0.03166745403523569	0.07727902972430338
0.03124833170562213	0.07534644365768002
0.03076668587743219	0.07757859381652712
0.04034975227265675	0.10217899100044107
0.059791148123657684	0.062094813735430375
0.1016971036092863	0.06066447789931444
0.03193595122093204	0.06432396334591692
0.04830508685944038	0.0840667855385398
0.051255131921310544	0.06202934508524366
0.03851175655841907	0.06550365511663316
0.03050614903541457	0.08844773209194846
0.030563576942317185	0.09048872682980294
0.05524857821030252	0.061740507121705576
0.030940525378587175	0.07945620109979942
0.030874072105948815	0.07358147406983528
0.0308235031233403	0.07618494521695203
0.23406978522588878	0.10884799691894956
0.20884012584032993	0.09485836554358659
0.03074012437430512	0.08213877102738759
0.030799170178025467	0.09179741728239296
0.03121951021662145	0.061603701380773514
0.0540634865495875	0.06985608033296302
0.03201473175470946	0.06441735395259399
0.03132012626160176	0.06469858144964362
0.0304870620204078	0.09248187788027251
0.031002167804486037	0.07170826318054019
0.23732247464502876	0.09739050166393114
0.23745861394019804	0.10572837457541143
0.03197392118443193	0.06441376180647077
0.03055053948157162	0.09204726508456544
0.22592500901214507	0.09354108321147075
0.2424672442663639	0.12927613338956648
0.03135109055228906	0.06593872757917886
0.030954230337639083	0.0699727626928941
0.030925516819579616	0.07445954788921369
0.030634575352721884	0.0739912296869769
0.03577822244395308	0.09236686319107751
0.039650272189431325	0.07217718262236214
0.04601855911789159	0.0638940266576007
0.04278154385062179	0.06253742860057057
0.03043529914022437	0.08834490754986084
0.03043749308779381	0.14449682271664518
0.030550539481571614	0.0941823956491825
0.05160944250939228	0.06125847908546341
0.03044599015312345	0.09114818313854113
0.031168294407173894	0.06769074446706436
0.030814475153357238	0.07367983487332375
0.030534838008504855	0.0828551322752797
0.3458382146693899	0.38489088623293227
0.10977328329195296	0.10535732273210091
0.22954791359894003	0.095359949130967
0.22148693572871436	0.12767613692730104
0.04646321301417924	0.06227682493395422
0.03079648415038436	0.07342109906284477
0.0305340532961553	0.09498408551622449
0.030437093951631713	0.15106106682231965
0.03353377384038392	0.06606586795722817
0.05965097258640751	0.06148278011628452
0.23737516315211069	0.1000605074758033
0.23441001600345152	0.11405002667905054
0.03106634449854677	0.070145074134137
0.030953997638490507	0.07340990632065444
0.032010786348202376	0.06446299039390031
0.03076817007170094	0.07772943556006985
0.03134252930035751	0.06718524331836777
0.031171707969694182	0.07004733041805385
0.03081462838451472	0.07368001840671469
0.03331419490389022	0.09244477552348307
0.03236862047034235	0.08237107744561138
0.03976399335406615	0.07032920434530605
0.03195062034859406	0.06474341032273577
0.03125029814906232	0.06550048828113868
0.04529435875650861	0.0645805221928937
0.05014674815105207	0.06223011305322943
0.06049727475046106	0.0614663702834331
0.030720060199228252	0.08921035495922137
0.030805653862859494	0.07870770057000752
0.031033628858708702	0.07330680664808878
0.03144976965203615	0.06997427950917169
0.05363816881700338	0.06428683588925259
0.0312367437720833	0.07213202162985657
0.03104972199041045	0.06600375530255964
0.03041600951118904	0.10270382535762379
0.08293263716314771	0.07773025239350075
0.03151590305505375	0.07483520000994287
0.03839722645448026	0.07468979814677303
0.04755079091268993	0.08311350581427687
0.2283058306490604	0.09779492978233828
0.22636197008051093	0.10880401075234389
0.031275616851449736	0.07401882030485975
0.03142340745130231	0.06729095705996233
0.23293202869883914	0.09958150581175156
0.23287391017722012	0.10272387846350066
0.055678888665642814	0.07730411620775197
0.051609442509392284	0.06199117012293949
0.03144000195317776	0.08376198085095096
0.031168360299757773	0.08546773247473874
0.031205518618782183	0.06535672821868713
0.031652231496699566	0.14931915194377876
0.03185066400412995	0.10007910065685209
0.031788702249961207	0.10687051916833254
0.03055994240043028	0.0930285365226609
0.030618310934737384	0.09549330301727725
0.0314048584352036	0.08517012958859725
0.030437093951631713	0.15106106682231965
0.05517870702743263	0.0634113556516444
0.0529976809987499	0.06166866483311305
0.03138365702797105	0.06764449254231025
0.03146465236873172	0.06990005221831952
0.030874072105948815	0.07358147406983528
0.03817408073545411	0.07574653600682328
0.030922785370955514	0.07482328142155249
0.030944587059219347	0.07201714411600374
0.3010677578674278	0.217835496568139
0.3135532321222527	0.13521886963100882
0.031205518618782183	0.0651652530799837
0.030944587059219344	0.07098260372639532
0.053381222367477166	0.12759827925952383
0.030765619986067375	0.09423690332327303
0.030817108880670234	0.07345069874143657
0.030794486084277976	0.10932003234058899
0.08373770145160263	0.08303600603970034
0.03924122040092868	0.0859222054273285
0.32535529535909763	0.1932917938888887
0.16057020483618956	0.1257839563904915
0.051609360958528756	0.06199112114465097
0.031066336784031413	0.0682386158670664
0.055728448744052535	0.061330123065039564
0.038025423644476974	0.0653381508432951
0.21163117187599065	0.10191537317532512
0.2623447775815602	0.11301254959605332
0.03078538084398847	0.07447620145939512
0.05017447118142367	0.11039280648260763
0.03172476595103296	0.06430889496463307
0.0309534656220454	0.06997189749686407
0.046462936730709226	0.06241494177665533
0.031247822654154465	0.06547268820282227
0.030840409590351312	0.07278669123345011
0.031165944199956365	0.06753908557611858
0.03135198219666576	0.06395897883539799
0.0316910409083333	0.06487526132718396
0.09071713307235275	0.06237402775550438
0.030873949082272468	0.0723190655068698
0.0383801873865869	0.13139396704216494
0.05494351554970854	0.08411615465629646
0.030751985801965073	0.138856103110475
0.030978211677429892	0.07975776083966053
0.03196638191371831	0.06549274202224019
0.051609442509392284	0.06206426973344493
0.038494304428098376	0.06628310523689387
0.030799593545173358	0.07446051174599179
0.034001399466696745	0.06451404879101706
0.05974119771246579	0.061861877628135005
0.03041047971635813	0.11944779632001355
0.03357615378626436	0.07710231882180545
0.055254956929173225	0.06191410407561227
0.03451850183669293	0.14882109962104725
0.03094546709681841	0.07044303809018827
0.030814746882864206	0.07367766674912206
0.030858247865117372	0.0726278618288675
0.030874072105948815	0.0741821920416282
0.05530011995149523	0.06176930001601661
0.031383287073851684	0.06399719289710167
0.04006234724949354	0.06383642775582764
0.030486299652703535	0.08274201867421753
0.051255131921310544	0.06369084756251196
0.030874072105948815	0.07358147406983528
0.04528080428298764	0.06432745498989165
0.04674371007110256	0.062114428628776724
0.037052129491458884	0.0666703490328547
0.05160944250939229	0.06123715575648843
0.03088990611701596	0.0733504874468216
0.03117946386438515	0.06550549729166254
0.045752417140656164	0.14750726621005628
0.05818124748166201	0.06986087484551742
0.0683699725980627	0.06851094872714043
0.03597991205007083	0.08885389074841694
0.03049754729159394	0.08770413032384818
0.030869181192881318	0.08447515553998593
0.21228789485981936	0.09017718720967656
0.23240786182884343	0.11841198215005815
0.03125029814906233	0.06581764811689421
0.03048000105359539	0.08852824522690304
0.03091523616517553	0.06583764916786067
0.040902636312641884	0.07175739188326019
0.031090672876644482	0.06928610201334887
0.030749484948946856	0.07543311858395058
0.031387259598751265	0.0645435827781786
0.031737712819951955	0.065352923037227
0.031157434382439893	0.06531603476782631
0.031244498044481456	0.06549444932880724
0.03120551861878218	0.06148279382327612
0.0638008171557492	0.06639920001681728
0.03049634212525437	0.07868028817809271
0.033716763764924954	0.0836776885218573
0.040343659212122476	0.07124990786088573
0.048902375349713346	0.0807186578667673
0.051430462070079626	0.0621660434508868
0.0526732706386671	0.06310999717866078
0.031880662755222236	0.09007972343603854
0.030408549471537104	0.10403766044162903
0.03067974171385625	0.07327076526723007
0.055063590532275455	0.06247090692936023
0.031055799460506805	0.07272331757869645
0.043979872959829955	0.07720372415014079
0.06990919335946688	0.06094772844854849
0.0304373247765434	0.15106163986818993
0.048036823095397266	0.06225356927500942
0.0393246950686205	0.06416375543717968
0.031205518618782183	0.06505345087390405
0.030926664284361007	0.06777468231337071
0.03091461066338877	0.06812714780299853
0.030943029138197478	0.07353911571241822
0.0450885344059418	0.06137986381912742
0.030563576942317185	0.09179754992419831
0.03096147052314069	0.07357904752053407
0.04773614568925249	0.06779412207337013
0.030561800804969	0.08289171291723425
0.03134839797958917	0.06427873264189896
0.0699231270391051	0.061237354895267784
0.031225389699280508	0.06536225710636255
0.039120415183584854	0.08415207836251999
0.030405107637197705	0.07245203548643848
0.047451414248240446	0.08869120421946619
0.03210072003664672	0.06457154645028935
0.05688626380024197	0.06715437080200636
0.03116672008261064	0.06748777647506791
0.03134316870402885	0.06412591815191451
0.03113063726748777	0.0652533517364992
0.04601855911789159	0.0638940266576007
0.030805263243133034	0.07624263380001253
0.03115110368194998	0.06971841572396105
0.04360936981040831	0.06404348096556371
0.04675128344054357	0.062119104261296784
0.031157434382439893	0.06576775328279626
0.030689434458509163	0.07415227988271292
0.031094629671280235	0.0767925711390628
0.04343688934184715	0.06734663284403991
0.07921039868992949	0.06144423172921285
0.030746871233227037	0.07221257833078183
0.030595851614663376	0.14379920548499375
0.07957805975080912	0.06040981881943917
0.055230652397461624	0.06402811649628995
0.030594351145744027	0.09351310109817432
0.031141703057599186	0.06722866009182252
0.03072164003701863	0.07055817795946495
0.03172476595103296	0.06430889496463307
0.03749644678330639	0.06306771628448499
0.031195421723360633	0.06527849048442821
0.03132012626160176	0.0647181291466956
0.030704269096546652	0.10312384930702968
0.03649100501426749	0.14771246080494743
0.04554377737768872	0.06332582669837777
0.03662790383731735	0.06667672246337195
0.031189201896225094	0.09935693853782342
0.030437093951631713	0.15106106682231965
0.22491973155118114	0.09854087841544505
0.23337327418682402	0.09738324285136848
0.03043725452791479	0.13031402623308025
0.030434264322638547	0.08834831778598182
0.03137978691619773	0.06633365641099814
0.030893388779031906	0.06793418289588914
0.1016971036092863	0.06066447789931444
0.04554335699217422	0.06341663708845152
0.0649759905523178	0.061992144546552004
0.03195011668479153	0.0755293540599531
0.039277510576955305	0.06412524950934342
0.030665297835100958	0.15162670256605093
0.06950363447072318	0.12282791733161495
0.043779429999879556	0.07854499946356303
0.03106054015308758	0.06988915208150748
0.031370586677491444	0.06643091003857803
0.3293376269840072	0.2651530816342334
0.1329435549766342	0.08516565418515899
0.03126503714535217	0.06477738015891366
0.03074908251801483	0.07440574349853202
0.03136838831751307	0.06423453542603495
0.03086132245241137	0.07330044841285402
0.060507982159754156	0.06207290946256299
0.030562511335419686	0.08756172579420436
0.030749484948946845	0.07552428322171893
0.03043749308779381	0.14449682271664518
0.031328231670812376	0.06381997993608692
0.05021423919949834	0.06225406823826826
0.06049727475046106	0.0614663702834331
0.030883107307703828	0.07002325909738558
0.031165844415344885	0.0676756141271662
0.051650282867790394	0.06126274544429737
0.03049939554322328	0.07569536587427259
0.031207891735721523	0.07594018721746304
0.03134389079312452	0.06395071250104552
0.03257904895277765	0.06552939828481356
0.09845693480532168	0.059982635171027254
0.04648061405290975	0.06256858125834559
0.06770666684122094	0.1371259936294462
0.06188374503202575	0.09023740419815257
0.03129665905658748	0.0701610849978982
0.030779389539418486	0.07546984826770146
0.03084973658117047	0.06804203283375533
0.030680094774639514	0.07802941562318548
0.034373579059865	0.06586867490238331
0.030437093951631716	0.14417968443516355
0.034353675015701794	0.0633173186789972
0.031204427243968918	0.0657423193159507
0.05021423919949834	0.06214662293472048
0.05021423919949834	0.06214662293472048
0.051193914554136265	0.06869667404756545
0.052997680998749894	0.06482548500566299
0.344940329094071	0.32305642758829856
0.11462885302811583	0.1667235986102695
0.031175280576449	0.06532504007563047
0.031066336784031413	0.0682386158670664
0.030808998367443174	0.08088777017410136
0.03051824814688835	0.08869600058311869
0.03125457185848726	0.06489825634727397
0.038183383925145156	0.06990330903109782
0.05854189080268648	0.06143699553300367
0.04646521627355524	0.06206121139946881
0.05119993286256815	0.06186354870218917
0.0312277346677605	0.06508198481353525
0.031195421723360633	0.06529965560347749
0.030437093951631713	0.1543132843509115
0.030872026376160204	0.07456425284312543
0.03106776422308537	0.06938774000302864
0.03197598173293303	0.15291071849387486
0.03214458900655859	0.09282619678720311
0.321983044512127	0.18635705507951605
0.10961608691042218	0.18254992544051146
0.032745535171803515	0.06562345751383047
0.04552364481139266	0.06294601953841387
0.3090111216598782	0.16342808941873027
0.14101128783196096	0.11722148995662438
0.046422688008624	0.06226417290286937
0.05575065617036399	0.06171031523885047
0.32384121947643923	0.29714211538624263
0.10366011496175907	0.07348264294768769
0.036933800689879594	0.06561639887571452
0.03079222011529387	0.06891947733835573
0.10092629396689429	0.06085638022636751
0.046462936730709226	0.06241494177665533
0.03214375479954629	0.12627584270190592
0.032093731985981123	0.09938302772527405
0.03213386000285834	0.07186347704669395
0.03585264050203398	0.06998742906359084
0.030988203329809342	0.06983351069749133
0.031066336784031413	0.0682386158670664
0.03125930465443451	0.06473152496420358
0.03127451148772113	0.06509714328393179
0.030698120182254648	0.07309409861733815
0.06968255552764192	0.061105419828957085
0.031003871266896774	0.09508769679476041
0.031212725102528836	0.15370893716246511
0.031284273173913	0.06459234469823281
0.030437093951631716	0.14417968443516355
0.031141703057599182	0.06420469270139618
0.06372133210678416	0.06528778121944705
0.03050614903541457	0.08844773209194846
0.030434264322638547	0.08834831778598182
0.0303188656480199	0.08037348664836409
0.031193057964794643	0.0859674643385751
0.03153823799287335	0.06101157135852784
0.04114647024647729	0.06988259258567125
0.23254513426076046	0.09607294793934733
0.20670511540158246	0.09525788415164974
0.04342460758906319	0.10932828183909014
0.08078342243238525	0.10970092845760708
0.04571565318252266	0.06234346510299935
0.05210036499765546	0.06196663968428281
0.03093146682301841	0.06797608995587884
0.058315245910872525	0.06090928000826924
0.22889895812582425	0.09416953366421528
0.22124373875146094	0.10044660328641504
0.03087583067026397	0.07236420110537349
0.03221110207793624	0.09628253476525583
0.031171968261004344	0.07364688024930693
0.03082766832373492	0.0713400853516587
0.05222537577394286	0.12086641212477833
0.042768928866424555	0.09005471811168658
0.030561800804969	0.08289171291723425
0.03920536276126865	0.093167476946745
0.04452917106824555	0.0971149798298065
0.05574418536835693	0.0890322131023096
0.030649016940267313	0.1252260146530123
0.030448873612166354	0.09733959232925325
0.030871962342098092	0.07004493158752761
0.031236230257611127	0.06738496885365719
0.03217400379773577	0.08098307009513651
0.06739646113304318	0.06984739179026643
0.08332402476975719	0.06057174172555097
0.03072164003701862	0.07414135729167519
0.23258604890136053	0.10704307895863685
0.20740549862378416	0.09106070739818217
0.03066382129744793	0.07551976691988667
0.031805395139028164	0.10412719268254904
0.03080218636223188	0.07341566841447467
0.030437093951631716	0.14417968443516355
0.031947908956444525	0.08176169325693775
0.04415171110935363	0.09313666684520962
0.030499261463225385	0.0887319305740774
0.03169452119315396	0.06395991609393517
0.03274930551082307	0.09067833151231024
0.04366180966259754	0.062266010104961154
0.22546239465151363	0.10572906054659863
0.22575939369467335	0.09588436120923642
0.03072164003701863	0.07056161809883099
0.03138033834738712	0.06475812976839809
0.030497548405954998	0.08770413192744707
0.07809066203808825	0.06058698783537665
0.03126503714535217	0.06477738015891366
0.030779371453130894	0.10160715032374634
0.030509985052605614	0.09128774294147379
0.030437093951631713	0.15106106682231965
0.0829056433230289	0.0998791152441296
0.03553625012985029	0.06324745939610547
# $END DATA$




