# x	y
4.466431839989475766e-02 1.649830638605657984e-01
1.131576219230224084e-01 2.929359986197631605e-01
3.275617986071043680e-02 2.405573428272347880e-01
7.498507258270770137e-02 2.187946443981569067e-01
4.013804514951060942e-02 1.327067848142084450e-01
4.394302356555823685e-02 1.200355626355452121e-01
1.670163413278301368e-01 2.599184652050111621e-01
3.790211907034914118e-02 2.600841900006031215e-01
9.764632924625399335e-02 1.111347078170263208e-01
6.915185219694526542e-02 4.152748755148033544e-01
0.000000000000000000e+00 2.421566047152197421e-01
3.683759023987639297e-02 1.210955159093102806e-01
5.814803928022963669e-02 4.419387045773707223e-01
9.286045751096719258e-02 1.366586483212614833e-01
3.185743408162892698e-01 3.004098220526882912e-01
7.983020660296785698e-02 1.069690012501052917e-01
3.803388032505921473e-02 1.565474218009595408e-01
0.000000000000000000e+00 1.567856683708532151e+00
0.000000000000000000e+00 1.319430067686451769e-01
8.591817883510520504e-02 1.460410903583067022e-01
7.219126534816222573e-02 2.754162137333822091e-01
4.837071093587959336e-02 2.359203696151518093e-01
6.624631729780786071e-02 2.586087521976072057e-01
1.840467177491583173e-01 3.063240219501924821e-01
1.752229294616758082e-01 2.019411465547399920e-01
2.385679887152518941e-01 6.518684391763623909e-01
4.621614379991383081e-02 2.200114693617969408e-01
4.100976937480033807e-02 1.746930367525567074e-01
7.133567345844486762e-02 1.245957499926089035e-01
1.363390192599026884e-01 1.063193778916051935e+00
7.612993587434116471e-02 3.234911310421019759e-01
4.781744339143040312e-02 2.163290588728976893e-01
6.577655465027240633e-02 2.484553426138341181e-01
3.051467305631716531e-02 4.899052160602153094e-01
3.397382028200807147e-02 2.764747574566566723e-01
3.977416983214405316e-02 2.205259099494262520e-01
0.000000000000000000e+00 3.681696234846028037e-01
7.674188274132419385e-02 2.843854527215006200e-01
5.680219542817456502e-02 2.439693168765160458e-01
3.031027184161936422e-02 2.800642735228324187e-01
5.547850184417322389e-02 1.124931790654190578e-01
3.220589113694297678e-01 2.763576259632500309e-01
6.190352737562616198e-02 2.668644858458797398e-01
6.150808024722875106e-02 1.399617950509104425e-01
6.594757696635139554e-02 9.072852704443211680e-01
0.000000000000000000e+00 4.366430614394697374e-01
2.750300930538641109e-01 8.241230181786218800e-01
3.547547580735399553e-02 1.273263507298978137e-01
4.527985862539138373e-02 8.304203200644234562e-01
0.000000000000000000e+00 6.197426758527785351e-01
3.629102774869995968e-02 1.214633616518965425e-01
3.697527777529708432e-02 1.826440371340171398e-01
0.000000000000000000e+00 5.034018191536198117e-01
3.757743587061741775e-02 1.350643729516455005e-01
6.102322364911745567e-02 1.391683544461474187e-01
7.028213874493578761e-02 2.436946512562426781e-01
4.647571714468233528e-02 2.322535278650623980e-01
0.000000000000000000e+00 5.604500288335392266e-01
4.813307390114573286e-02 9.853345391457468683e-02
0.000000000000000000e+00 2.276786197234589582e-01
3.428299506100122157e-02 1.146018099473646856e-01
4.001810149372369424e-02 1.846439923925069504e-01
4.077748436121911846e-01 9.853790859722593165e-01
8.424255913543857166e-02 5.069172272715785077e-01
7.894186222155359645e-02 1.007163846779334376e-01
0.000000000000000000e+00 2.394552322869046013e-01
6.294207743437939262e-02 8.739286579324131998e-02
9.777332626066419230e-02 2.412315233763425992e-01
3.144372230558425962e-02 1.058194467324570093e-01
3.657964883556566460e-02 2.236741245972403425e-01
1.756102708484122976e-01 2.059049749255145723e-01
0.000000000000000000e+00 2.314348073293482633e-01
6.045954063454653249e-02 6.051992659024794108e-01
8.405429439438787120e-02 3.536900173071956255e-01
8.168639973203460636e-02 1.853900748102103035e-01
4.246976356383964923e-02 2.491294601825279342e-01
0.000000000000000000e+00 3.018372667857863734e-01
4.204392309462560706e-01 4.417302483508998567e-01
0.000000000000000000e+00 1.678110159329743722e-01
1.145730593388884638e-01 2.731824410585060314e-01
3.375784040768632643e-02 1.393192800931279396e-01
3.791322840671863120e-02 1.598410404237735893e-01
7.325850164693201161e-02 1.785883398676431089e-01
0.000000000000000000e+00 3.082906678043230708e-01
8.750506487992984472e-02 1.438483821655429096e-01
4.880187283309694174e-02 2.310563621345010921e-01
2.473324138042088394e-01 5.222877001754480109e-01
1.162947948350462335e-01 2.367849453077624511e-01
1.197820331333822735e-01 2.137170346916175689e-01
4.441214737835771226e-02 2.045896126549188454e-01
0.000000000000000000e+00 3.170985868015802067e-01
2.143482203696025490e-01 1.881128168606749085e-01
2.192936270263529663e-01 5.049143455704895311e-01
5.064292017540354685e-02 9.619788250829562626e-02
4.966413528901336694e-02 1.012154739197716619e-01
3.848541577387999679e-02 2.647763106970758007e-01
6.156722871928783924e-02 3.820331364548471553e-01
8.177694391440169797e-02 1.284385045488866395e-01
6.415225763812824888e-02 2.640480212690474726e-01
5.071688134855689006e-02 1.699665404561167548e-01
7.174759943842387577e-02 2.237392275391086038e-01
4.425438682681608060e-02 2.830075220117433399e-01
1.752229294616758082e-01 2.020225189362081231e-01
6.045954063454653249e-02 6.049543956372843700e-01
7.382810438906838024e-02 1.010666616730848122e-01
3.704296688752094918e-02 2.674771367659741772e-01
6.153753367123990237e-02 2.560012839120791028e-01
4.021821067030326158e-02 1.846080335874686618e-01
4.499115233103460898e-02 1.724870461762828822e-01
3.398517061308401616e-02 1.930114273820775217e-01
3.697527777529708432e-02 1.826440371340171398e-01
4.001810149372369424e-02 1.846439923925069504e-01
3.984157409318640763e-02 9.401522874210087310e-02
5.808936715757190977e-02 2.992865185417295515e-01
4.098343603640849930e-02 2.515994436019873270e-01
3.563047309554452646e-02 1.264183927109481798e-01
7.057476559809421068e-02 2.224266938136875149e-01
5.243903819838837549e-02 1.462312461400410990e-01
3.862514150001863933e-02 2.464827046185762427e-01
6.045954063454653249e-02 5.755700709919252533e-01
4.693203834554551812e-02 9.259860291234808805e-02
6.435252903813402925e-02 1.431519399944210236e-01
4.466431839989474378e-02 1.651208982020060945e-01
4.394302356555823685e-02 1.199850327594349370e-01
4.643773980140965263e-02 2.321586057877585152e-01
8.378010122705778495e-02 3.474843203890259913e-01
6.588108391351546467e-02 9.680812268207557025e-01
3.822979676985539810e-02 1.163903310021425497e-01
5.467750268478446807e-02 1.088946903918204118e-01
6.347291105358464358e-02 1.348646621272833190e-01
8.216082432115125178e-02 1.459591189143862044e-01
3.687327212132261722e-02 9.963198122253916211e-02
3.031027184161934687e-02 2.874597042977573569e-01
1.666551150531225822e-01 2.623230884894681703e-01
4.452643201594441019e-02 2.184808238293004801e-01
3.733509291260830171e-02 1.613613195893281727e-01
3.355585443749165009e-02 1.389017523686418287e-01
6.199432552207004982e-02 3.833562231106222296e-01
3.654670509897738062e-02 1.616940452881492352e-01
9.755217534365649701e-02 1.106082895284056511e-01
3.757743587061741775e-02 1.364369536134033556e-01
3.873481523921939312e-02 1.325939262326688850e-01
0.000000000000000000e+00 1.231671889536882503e-01
8.397852868002185500e-02 1.043998208293367980e-01
4.445899983520230914e-02 1.701600404796019261e-01
4.565547765856143442e-02 2.385025922214693284e-01
7.894186222155359645e-02 1.007163846779334376e-01
8.631451867869630035e-02 1.671730722090077892e-01
7.444657285365423316e-02 2.203942189750358327e-01
3.403202415997145375e-02 2.767656986797463747e-01
1.953858388692666925e-01 4.792784244403888727e-01
6.508218754067734979e-02 2.659931267027453861e-01
4.506172330131476972e-02 1.059035904926275140e-01
4.533822709386053224e-02 1.024686434953802489e-01
3.741968042412294887e-02 1.356679928404279090e-01
4.502016203030421992e-02 1.710322246116203204e-01
3.955539169174584341e-02 2.257291773666198487e-01
4.880570531693222136e-02 1.415608449434411775e-01
3.136782062893983536e-02 2.342754526637612633e-01
4.392994073671876998e-02 9.273456574410920972e-02
3.730664475774445737e-02 1.573968935839384631e-01
3.581882158821099449e-02 1.309659001955180424e-01
3.144372230558425962e-02 1.058194467324570093e-01
3.397382028200807147e-02 2.764747574566566723e-01
4.621614379991383081e-02 2.200114693617969408e-01
4.781744339143040312e-02 2.163290588728976893e-01
5.288991022588899332e-02 1.661795659072649312e-01
8.165012528748161191e-02 1.291517352542501385e-01
3.697527777529708432e-02 1.834627660479628553e-01
0.000000000000000000e+00 1.598006161626427668e-01
0.000000000000000000e+00 1.687880104793033631e-01
7.396498932362653711e-02 1.755101110288035671e-01
4.169505121051248625e-02 1.253668019029178793e-01
3.951520078059680280e-02 2.205932701030625387e-01
7.893488509040123835e-02 1.007119125898100626e-01
6.496307886576499491e-02 1.402613732550869463e-01
8.818729837531603943e-02 2.195297502048204896e-01
3.406839578067479002e-02 1.578733680557737606e-01
1.131573710172027319e-01 2.929356738542437943e-01
8.683546410972453611e-02 5.996265805087841461e-01
3.987470611887471150e-02 1.393981124869057842e-01
4.470695753582552140e-02 3.646135859411394065e-01
4.001810149372370118e-02 1.848173070025951881e-01
3.615673452865583032e-02 2.218787938685944927e-01
4.460458109048933556e-02 2.327934086937113456e-01
6.443562125550246489e-02 9.169237594292728444e-01
4.934481158854289728e-02 1.581013106314190508e-01
9.813141783161716258e-02 1.529299105062216502e-01
0.000000000000000000e+00 1.480509034705836946e-01
1.146213809025705271e-01 1.874831054607785374e-01
3.526788155754385923e-02 1.241545379197804139e-01
6.170938357579053984e-02 2.252041502415730867e-01
9.712485298413232881e-02 1.591037760997474904e-01
4.098289976080565084e-02 1.217634894521519712e-01
4.001810149372369424e-02 1.919756235499817110e-01
6.577655465027240633e-02 2.484553426138341181e-01
6.169078227276050125e-02 1.389184409614080684e-01
1.163970948584812509e-01 2.370689550048165617e-01
6.295703299827171140e-02 5.137302375882083494e-01
0.000000000000000000e+00 3.171407592007995935e-01
6.150808024722875106e-02 1.399617950509104425e-01
5.467750268478445419e-02 1.021948152471268134e-01
3.910635813601973099e-02 1.157654210782712578e-01
3.534648898291502944e-02 1.274768371602491013e-01
3.977943238830782685e-02 1.002274379283319278e-01
6.676122209134385810e-02 1.588371419176942689e-01
3.031027184161936422e-02 1.211309417801671312e-01
3.428299506100121463e-02 2.969436368432707418e-01
4.010800671316750582e-02 2.082313896003341880e-01
9.271722568985366064e-02 1.372596441006434798e-01
3.280588334017695007e-02 2.069821738557542645e-01
3.296106087972127535e-02 3.135176337720184114e-01
3.031509730831414423e-02 1.449136169937746965e-01
7.969968819728645570e-02 2.522326988576819584e-01
3.330638453317095321e-02 1.825281337504377488e-01
4.041931323652107888e-02 1.373075937712749661e-01
4.455568201078886209e-02 1.649199641611296119e-01
4.486080444941516199e-02 1.726247543962961262e-01
4.277389584018027185e-02 1.009114665600053529e-01
3.445517887295593967e-02 2.251838362239859670e-01
5.146412139681488113e-02 9.791610247309891213e-02
8.559198042449144006e-02 2.072317327921509300e-01
4.041587880043368691e-02 1.334240409173277353e-01
3.678898929941346041e-02 1.781196665734482432e-01
6.579513967919041473e-02 2.409647557633461668e-01
7.551328041943360103e-02 1.094889104258314066e-01
3.505073097600083093e-02 8.684964850421494909e-02
3.905371734555103391e-02 2.898090619552343705e-01
4.120493386962278265e-02 1.862417587130973939e-01
4.046268575207633694e-02 2.767112037515808143e-01
3.651954112815328224e-02 1.658284097372514920e-01
3.707738189893022146e-02 9.982680265146971765e-02
6.528685670348108316e-02 9.844589912431260526e-02
4.689392808859103173e-02 1.892002399368021559e-01
3.679978643874822625e-02 1.842553953838377556e-01
3.870251759774104294e-02 1.379184344185584998e-01
3.030602309042594589e-02 2.793914866277605880e-01
0.000000000000000000e+00 1.256014778603700977e-01
3.058477854175170249e-02 4.802822034771661031e-01
3.894142609055627896e-02 9.730632953314750921e-02
3.144372230558425962e-02 1.058194467324570093e-01
4.027518405321049016e-02 1.840618409198828132e-01
4.693203834554551812e-02 8.909620279213500971e-02
6.268116202539600335e-02 9.019207001448531491e-02
3.411452561713862464e-02 1.074852887355622344e-01
4.929479263689665741e-02 1.010437408277470445e-01
8.236569447307243164e-02 8.362566805841556428e-02
4.578849446947730328e-02 1.137364227159288199e-01
3.615673452865583032e-02 1.543692767530521481e-01
3.406839578067479002e-02 2.411064031964204324e-01
4.493465690134635510e-02 1.140649106007419339e-01
3.140441301755305531e-02 1.111319251005861292e-01
3.526788155754385229e-02 1.080942135024144796e-01
5.467750268478448195e-02 1.232411328118532823e-01
3.593377744214107383e-02 2.416648989066452480e-01
3.517078306835701162e-02 2.026297118082369952e-01
4.693203834554551812e-02 9.259860291234808805e-02
3.597389307953428178e-02 1.852246090291874703e-01
3.683759023987638603e-02 1.211501321375842849e-01
4.004415341431848130e-02 1.151393779183917526e-01
4.001810149372369424e-02 1.919756235499817110e-01
5.048090590190225380e-02 1.503328882374675712e-01
4.326411935354332328e-02 1.200928721027178236e-01
3.121176697997144964e-02 4.946010790039165883e-01
3.730664475774447125e-02 1.560180175706280536e-01
3.509802183275090304e-02 1.069944700389607872e-01
5.469480592439322775e-02 1.098626219521764008e-01
3.690328278534642237e-02 1.390593353200095250e-01
8.370989057914557385e-02 1.008458798024793601e-01
8.273559743306271863e-02 1.280783520506696971e-01
3.340450381207733799e-02 1.080484574733285297e-01
3.587189100046859341e-02 2.733646426165734500e-01
3.683759023987639297e-02 1.210955159093102806e-01
3.697527777529709125e-02 1.845880957413503776e-01
4.000183298615057892e-02 1.219489136699020426e-01
3.704166697433972782e-02 1.453170861937542191e-01
3.355585443749165009e-02 1.368310722215047015e-01
3.355585443749165009e-02 1.389017523686418287e-01
3.683759023987639297e-02 1.207738967346327630e-01
9.647556230444254144e-02 1.122078399564021139e-01
3.704807418886096188e-02 1.359200374386426713e-01
3.697527777529708432e-02 1.834627660479628553e-01
3.760007413222430511e-02 1.364780452162686064e-01
8.158180891561245263e-02 1.429021880684881451e-01
4.518205743309296890e-02 1.022275222757485502e-01
4.506429082413777876e-02 1.059623193445270867e-01
5.362021948220087320e-02 8.924479997238939089e-02
6.194932642320404720e-02 1.315734775701830339e-01
5.547971810374209556e-02 9.063254114354532542e-02
1.099853992920614421e-01 1.883224235207943131e-01
4.896743108327299143e-02 1.075374000505227440e-01
3.563043619712583793e-02 1.930984577064083774e-01
6.435252903813405700e-02 1.134128586793110710e-01
3.382078882608945819e-02 1.749223945789920576e-01
6.295279031341019516e-02 8.738980740319240992e-02
4.168306622256220256e-02 1.253722553275172513e-01
3.592227258172504128e-02 1.065318849209578866e-01
3.019978027439712900e-02 1.513354669375113204e-01
3.355585443749165009e-02 1.389017523686418287e-01
3.615673452865583032e-02 2.218787938685944927e-01
4.208910261925205565e-02 1.015206083705741391e-01
3.046913745519661681e-02 1.182773940516806954e-01
3.031509730831414423e-02 1.449136169937746965e-01
3.031509730831413729e-02 1.450876960952775796e-01
4.095230096109938461e-02 1.217690755215140169e-01
4.890720943623316774e-02 1.075269940937026991e-01
7.208726281792611490e-02 9.640667952598658275e-02
3.580922755267516855e-02 1.069792281921657512e-01
3.264318211071966236e-02 1.174041101435855522e-01
3.525471995333594871e-02 2.266009129778577824e-01
3.683759023987638603e-02 1.201311508609726464e-01
3.382349246040147056e-02 1.394548030102841230e-01
3.972845669363286175e-02 8.620586244629989403e-02
3.415626390243481358e-02 1.276003649090023118e-01
5.630847225817847690e-02 9.716134272428132712e-02
4.533822709386053224e-02 1.024686434953802489e-01
3.351964357910366260e-02 2.526622199386295842e-01
5.835249887051797979e-02 1.765878133519933058e-01
3.683829169618524357e-02 1.202451334345690237e-01
3.411408399694482868e-02 1.078489776231259661e-01
4.172190178064875271e-02 9.663243288393880137e-02
4.324894683739163165e-02 1.248917192490841405e-01
4.667656858946171022e-02 9.316256845138858045e-02
3.734866022843533889e-02 9.844512969635323130e-02
6.029049133852957404e-02 8.814238987073322318e-02
3.177737871826998017e-02 1.101661201012544555e-01
3.331330450405260712e-02 3.221350148318670725e-01
5.147119208767889781e-02 9.742676447047798893e-02
3.140441301755305531e-02 1.111319251005861292e-01
3.445517887295593967e-02 2.251838362239859670e-01
3.526788155754385923e-02 1.241545379197804139e-01
4.518948800603725391e-02 1.049425508174859079e-01
4.894823042735927526e-02 1.024123476119859905e-01
4.761868178427310083e-02 1.947805221678158283e-01
3.040876774345871100e-02 7.382400305030448751e-01
3.693037053299275813e-02 1.113385209974232237e-01
4.029302184891629668e-02 1.043823805734428595e-01
4.265066669188798121e-02 1.018493745266092071e-01
4.169505121051248625e-02 1.253668019029178793e-01
3.296106087972127535e-02 3.135176337720184114e-01
3.138497633477867893e-02 1.081794451016731412e-01
8.305275426779619441e-02 1.128500609280460726e-01
3.193679765636920492e-02 1.122929980077040507e-01
8.537921536058930283e-02 1.001505504592983264e-01
5.080096141715824409e-02 9.460070298085718199e-02
3.314857242569784618e-02 2.374743233686244515e-01
7.903858888618742196e-02 1.007783892534356296e-01
3.381903330101253963e-02 1.754012076045436963e-01
3.061174134942015734e-02 3.903328612082518356e-01
3.509802183275090304e-02 1.595499504745586383e-01
3.535147174196871800e-02 1.277387271706047212e-01
3.597581794898326024e-02 1.728946102949116270e-01
3.750034142658666136e-02 1.010620224256637834e-01
6.174584389825522879e-02 2.870222870937082504e-01
3.513844579953161879e-02 8.159553657981728769e-02
7.556041732221985274e-02 1.044693928256645171e-01
4.927631492873204427e-02 1.007386566846928955e-01
8.236569447307245939e-02 8.348926831735900556e-02
3.058477854175170249e-02 1.475632647973376954e-01
3.406839578067479002e-02 5.014673279811390216e-01
3.059319177582005625e-02 4.797318226033002175e-01
3.475592617834393633e-02 2.709944425363459697e-01
3.409911496007145965e-02 1.184574927005077327e-01
5.152223159412968462e-02 1.035427386851331955e-01
3.158440127535282888e-02 1.537822106364188368e-01
3.092357534622305545e-02 5.035202111019939641e-01
3.030602309042594589e-02 2.793914866277605880e-01
3.910635813601973099e-02 1.157654210782712578e-01
5.171586963935610737e-02 1.315880113171368215e-01
5.534645321940011992e-02 1.800835104567915512e-01
3.812838934876254526e-02 2.650201773420314821e-01
4.505261334831035802e-02 1.064134086705217919e-01
3.027547836644420634e-02 2.735956888253058272e-01
3.030602309042594589e-02 2.793914866277605880e-01
3.352543377561392063e-02 1.123544695669792398e-01
3.193452030416985693e-02 7.077410600191264001e-01
3.977943238830782685e-02 1.002274379283319278e-01
3.428299506100121463e-02 1.149449851235025688e-01
3.411452561713863157e-02 1.074989700314167573e-01
4.986084614149773053e-02 1.192177087266320379e-01
4.014068596085072077e-02 1.327082874404379997e-01
4.896242177893772585e-02 1.075363316081671128e-01
3.789064582001526460e-02 1.006273541618160350e-01
3.136806755978578665e-02 1.116031373570275792e-01
3.174097902313414987e-02 1.516810836404449414e-01
3.355437481029336505e-02 1.388986899130647268e-01
4.777475811150032337e-02 9.028444442779980095e-02
3.372392101331950914e-02 1.390323679360656317e-01
5.196759622027725262e-02 8.968995879291885576e-02
3.959370488299533003e-02 1.065002456139945985e-01
4.742476565118875637e-02 9.791938247097553560e-02
3.023510188428519055e-02 2.702379518842362716e-01
3.137452104686592330e-02 1.043398851452910919e-01
4.380481926446704033e-02 1.107803180577357355e-01
3.329845907641777736e-02 1.794768073737600389e-01
5.632516351174358255e-02 1.278001458896739773e-01
3.973005485808164816e-02 1.002431799733494999e-01
3.150326330288383964e-02 1.056970915366870767e-01
3.582495539988175826e-02 1.814453741221404570e-01
3.449157446215739969e-02 1.148745286007826771e-01
3.339711866305099253e-02 9.171542075794847371e-02
3.875030655796239676e-02 1.094852829045961234e-01
3.738472371705246766e-02 1.019852547636574264e-01
6.218975545944210870e-02 9.647526479652041020e-02
8.042554211480003323e-02 8.425225500282144953e-02
1.035694538640160589e-01 1.122545184717558819e-01
3.832735868359721937e-02 9.203606999790921173e-02
3.042852331573970073e-02 1.450792869247142514e-01
3.030743703827746063e-02 1.300402068746967787e-01
3.166466161058747314e-02 2.399868562320557619e-01
6.803943096472200858e-02 9.885507016008941716e-02
3.026170717923203080e-02 1.404876136831408051e-01
5.617069912106897878e-02 9.069975432176016761e-02
3.365031906119021754e-02 1.066623026896469789e-01
4.262959566142935502e-02 8.905331203565064468e-02
4.549062563728484970e-02 1.256357783251319249e-01
6.217161233620929067e-02 8.430116402920025120e-02
3.655102743357788869e-02 1.091416903751801920e-01
3.787065937027232765e-02 9.169890194134376615e-02
6.650297956168155222e-02 9.694883218142216763e-02
3.095547181167300141e-02 5.100753266909413552e-01
5.792172396185663735e-02 1.158778434753694880e-01
4.342886392125531320e-02 9.186016446821054782e-02
8.384682498771585391e-02 1.169265907265647358e-01
3.031509730831413729e-02 1.393603156744679383e-01
3.959370488299533697e-02 1.239484280362537771e-01
1.920921036929177927e-01 1.201447636218366255e-01
8.301395464490261833e-02 1.493256252814907370e-01
5.553091466318214181e-02 1.008417868898628944e-01
5.196759622027724568e-02 8.962495625932649645e-02
7.096188568944884756e-02 8.733417673717497332e-02
3.654825990944213232e-02 1.094213581149243719e-01
4.532606794461790933e-02 8.704296251574854260e-02
3.023510188428518361e-02 2.573006588560633467e-01
3.896566849752144263e-02 9.731347497458729678e-02
3.339352327202527171e-02 1.080446628078257504e-01
4.265066669188798121e-02 1.018493745266092071e-01
3.164263883818760337e-02 1.414491823965828565e-01
0.000000000000000000e+00 9.464498155376453725e-02
3.426736744423825726e-02 1.127454487069762118e-01
3.320936355488594838e-02 1.393432294358121770e-01
3.385682897608750797e-02 1.145816928307583776e-01
3.069708650257072305e-02 1.203439025373434917e-01
3.058732209885010184e-02 1.818844700610089127e-01
3.094997138684580512e-02 4.365044934354008754e-01
4.693203834554551812e-02 9.282509713435896370e-02
3.275212952964388219e-02 1.208787322802059722e-01
3.668530148515915246e-02 1.291271028778493146e-01
3.140441301755305531e-02 1.112118005880259192e-01
6.295279031341019516e-02 8.750711527156515568e-02
3.977943238830784073e-02 1.004323038296402598e-01
4.065610672971173983e-02 9.987541207537474486e-02
4.430445188089823794e-02 9.068864675636637007e-02
3.970183705956182446e-02 9.579399320335472978e-02
3.298898790117651969e-02 1.057332040232741577e-01
3.299950209385011518e-02 2.313266332653872714e-01
3.534752756257256157e-02 1.059318812296361906e-01
3.033783981160153090e-02 1.211099231278603416e-01
5.374579513320296847e-02 8.900621734995520229e-02
3.031408136566940414e-02 2.794286293782510255e-01
3.612503998735028254e-02 9.640934401579470681e-02
3.060312526656640969e-02 4.017791118415617313e-01
3.049238142806960303e-02 1.086471743102520177e-01
3.168498366870048377e-02 4.892802698557495167e-01
3.031027184161936422e-02 2.800642735228324187e-01
3.030602309042595977e-02 3.103292100339843373e-01
7.601657904768664709e-02 9.564355294764269322e-02
5.792028127126069847e-02 1.315199488625069246e-01
6.997923797938065960e-02 1.062693133273983487e-01
5.624977238970876869e-02 1.161911163854218720e-01
3.098740348039812076e-02 1.109865204002584566e-01
6.529333815715566980e-02 9.845078569375018129e-02
4.693203834554551812e-02 9.240904119694136332e-02
3.774600500305603373e-02 8.754611514791106608e-02
3.507674979237004192e-02 8.625745632127031215e-02
3.393378920270208321e-02 8.454185264773671216e-02
3.030602309042594589e-02 2.793914866277605880e-01
3.505073097600083093e-02 8.684964850421494909e-02
4.043274126263725343e-02 9.414552188754639339e-02
3.105342649533610402e-02 4.941415459252382902e-01
3.105826703682929360e-02 4.226085604368369220e-01
3.076462015657740329e-02 1.507686203824175342e-01
3.029116710913370980e-02 1.447207083845072906e-01
3.096195184430080780e-02 1.439630004171104649e-01
3.104617210998579166e-02 1.098311561502390843e-01
3.151073311315238934e-02 1.056712263501524973e-01
4.151898081407300045e-02 8.777816389429866917e-02
3.592227258172504128e-02 1.065318849209578866e-01
3.128398188826136267e-02 1.105279105749027990e-01
8.258978489094093156e-02 8.400975589260656351e-02
7.032955657501344104e-02 9.724692276071388031e-02
3.797591947666455886e-02 1.057008039676003014e-01
5.196759622027725262e-02 8.977385946384619508e-02
3.137452104686590942e-02 1.004342039851594121e-01
3.381142334427241630e-02 9.329583417153781977e-02
3.771931481374889844e-02 1.028589191491362104e-01
3.654293257354610663e-02 1.078607914600321627e-01
4.094556412670025819e-02 1.504187430924795732e-01
3.051467305631716184e-02 7.924503718715040224e-01
3.975648709883627258e-02 1.350907764516185994e-01
3.389211414513640386e-02 1.178440584917261197e-01
3.025366118330672857e-02 2.655802401204276908e-01
3.269935968572450224e-02 1.900857307794407980e-01
8.115701524472535011e-02 1.114713891319098621e-01
3.337572388783082572e-02 1.059882108080897611e-01
3.618445043801088445e-02 1.116985629359677629e-01
8.042554211480003323e-02 8.425225500282144953e-02
8.294232115057725840e-02 8.340911461352305822e-02
3.150326330288383964e-02 1.056970915366870767e-01
4.444188462287265023e-02 9.036217374538586811e-02
3.031980321543062060e-02 1.454883369547718408e-01
3.135427710442047905e-02 1.055349540214136489e-01
3.883714996310959344e-02 1.327849271622474348e-01
3.527518931018126108e-02 2.243468487298022895e-01
3.160659437693189716e-02 1.053025418772172150e-01
3.060018326660065430e-02 1.574806824177492903e-01
3.946281113138301599e-02 9.655223545689423092e-02
3.612503998735028254e-02 9.640934401579470681e-02
3.025174566816407271e-02 1.161111025605143510e-01
3.359005691449167691e-02 9.323288668298632120e-02
4.268392097447668704e-02 1.253189083870345777e-01
3.508620138801531868e-02 2.525378606879151722e-01
3.138497633477867893e-02 1.031624616686185325e-01
3.104617210998579166e-02 1.152833957304395807e-01
3.019538546745704002e-02 1.318322805117868590e-01
3.505073097600083093e-02 1.857223518081543567e-01
6.640004528003673467e-02 8.622044500906930753e-02
5.851718906658877339e-02 8.970016837821406797e-02
3.361210929614678183e-02 9.582100231409519664e-02
3.351023091843747387e-02 1.131038267258946683e-01
7.476566244428402286e-02 8.397681224692316038e-02
6.545201907253311857e-02 1.210231410914535122e-01
3.533914133632275884e-02 8.455943359871387344e-02
3.895342423549245925e-02 1.496776652798037788e-01
3.144372230558425962e-02 1.058194467324570093e-01
3.067986418059870379e-02 1.307783293124559765e-01
4.532606794461790933e-02 8.704296251574854260e-02
5.362021948220087320e-02 8.924479997238939089e-02
4.344277924767050991e-02 8.557340847801978012e-02
3.214677287294613606e-02 1.417799749542483778e-01
3.026016067188159325e-02 1.383279459109290899e-01
3.030620497671981245e-02 2.794207443805902247e-01
3.343726879716590189e-02 9.409607214648084417e-02
3.509979493082848040e-02 1.053824869017776222e-01
4.280407107006631295e-02 1.093964440969680818e-01
3.792797711702469016e-02 2.736445260246926359e-01
3.757806742187040638e-02 9.105705419941820256e-02
3.033994943945924130e-02 1.210312186445161586e-01
3.058732209885010184e-02 1.818844700610089127e-01
6.217161233620929067e-02 8.430116402920025120e-02
3.465878879119810296e-02 1.045788017861928598e-01
3.121338028675486875e-02 1.434491076965602741e-01
3.947092968953695713e-02 9.691580601588742350e-02
3.028819617768258379e-02 3.165336105655828791e-01
3.750034142658666136e-02 1.009175115773500997e-01
6.029049133852957404e-02 8.995754926102629556e-02
3.172794018519460579e-02 1.026002570300767885e-01
3.083493517857355259e-02 1.120531937350908308e-01
3.340300162645391119e-02 1.012713743362835955e-01
3.393699668834905536e-02 8.965388992712455818e-02
3.505073097600083093e-02 8.683153002915118546e-02
3.274891762896011554e-02 1.232147296319140717e-01
4.005968320769610208e-02 8.263304993120121344e-02
7.605649235821168586e-02 9.032620031923808968e-02
3.712651714427220306e-02 1.482121792277758809e-01
4.043368165082025789e-02 1.409029314648269637e-01
3.138535786418131246e-02 1.346750628187260990e-01
3.164263883818760337e-02 2.703112716829328965e-01
3.247273158331998033e-02 8.588981753069366287e-02
8.410223414858240820e-02 3.052246855004039916e-01
3.060790605880750123e-02 1.467890715141995928e-01
3.018003963192428252e-02 1.320696968063559129e-01
3.152322113655734587e-02 1.056716163507625816e-01
3.031215643825841202e-02 2.802597106657910841e-01
7.894022998035946093e-02 8.055547086837262782e-02
5.673193323748941530e-02 8.855463805404473199e-02
3.757293939368151064e-02 9.447919117543743250e-02
5.042894348267325244e-02 8.976192085747401739e-02
3.166508103584877304e-02 9.792006273653892923e-02
3.910706400001175836e-02 1.009578726345112254e-01
3.139246081614382317e-02 1.059496629887015096e-01
3.390357216818700586e-02 1.083600183606630574e-01
8.328703380775190346e-02 8.087356398927972312e-02
3.395277596587071428e-02 9.038864146518510445e-02
3.318179574507579971e-02 9.933043241630397369e-02
3.705782185706438941e-02 1.086262896483258245e-01
5.232919748996388981e-02 9.306055261446664895e-02
4.244059690595665402e-02 1.295144446015824014e-01
4.998361759980066155e-02 8.971548278385714503e-02
3.861901107346576989e-02 1.781961179677928886e-01
4.396381538699826313e-02 9.012500526488419206e-02
3.162717149243254866e-02 2.757590148250565476e-01
3.971065367183992945e-02 8.395325238548453917e-02
3.833792959156245850e-02 9.204876116792504170e-02
3.432495979742414965e-02 8.761253960231585314e-02
6.999140194357990341e-02 8.324389629573505922e-02
3.330393098166208737e-02 1.024905333665014906e-01
3.397402710708020968e-02 1.200814738649536723e-01
3.354223981203677957e-02 1.223786462970265637e-01
3.855338437346299274e-02 1.063887091147874414e-01
3.286214622951560277e-02 9.178049525870905778e-02
7.382509087796913783e-02 1.175034301867585729e-01
3.390276102304110029e-02 9.269913741798042894e-02
3.033783981160152743e-02 1.199005934437746140e-01
7.096188568944884756e-02 8.732843197153197790e-02
3.026170717923203773e-02 1.405002562143775890e-01
3.023548040778916909e-02 1.156298104946561212e-01
3.069708650257072305e-02 1.205474385576530277e-01
3.177737871826998017e-02 1.101993061418810455e-01
4.352285508677630754e-02 8.707383894208739483e-02
5.480560630198786504e-02 1.120000052716957489e-01
3.172794018519460579e-02 1.026002570300767885e-01
3.191394507901933880e-02 1.050025124069396132e-01
3.620081713955494024e-02 8.016532098322866340e-02
5.500058736300714179e-02 1.141165358916197969e-01
3.321320751754051892e-02 9.392427772863802538e-02
3.033783981160153090e-02 1.211099231278603416e-01
3.330393098166208043e-02 9.542098746482458038e-02
3.152397134447477989e-02 1.152329753047380834e-01
3.100417008626786194e-02 1.009971486135780444e-01
6.510463507787639381e-02 9.196618972945495851e-02
5.707834417099422186e-02 9.797587778073940656e-02
3.960585847447763153e-02 1.091445725251358329e-01
3.146711226817253820e-02 1.056869253379605911e-01
3.290194614878916290e-02 1.195626958403023660e-01
3.974869015671081418e-02 8.460580144820882553e-02
7.912028131326211133e-02 8.542667538860598819e-02
3.152450099396166688e-02 1.028895173467795215e-01
4.848495900577116935e-02 8.592279868050002600e-02
3.017805059528843106e-02 1.343821035221045290e-01
3.199639234190859716e-02 1.017970623402291996e-01
3.341097704950074521e-02 9.888422677639260860e-02
3.145856653493846189e-02 1.088110546998183048e-01
4.513414423370869927e-02 1.116852938774001436e-01
3.527845765998945810e-02 1.278469140353017952e-01
3.083493517857354912e-02 1.114967217070357147e-01
3.126346130057983813e-02 1.269138154411403874e-01
3.533839564506387199e-02 8.413049608275421920e-02
3.513890256984145838e-02 8.159606691511568644e-02
3.505073097600083093e-02 8.683153002915118546e-02
3.096195184430080780e-02 1.438984682771980717e-01
3.035016634538316438e-02 1.487542159518197848e-01
5.305571337359325096e-02 1.099086958784355750e-01
3.398123701596721807e-02 8.443430159221153308e-02
7.096188568944884756e-02 8.733417673717497332e-02
3.340171776378243057e-02 1.035369756213753850e-01
4.075492767416828699e-02 1.435800500435726323e-01
3.308536168369168029e-02 1.336584929583702896e-01
3.014233143153295311e-02 1.242356059387020456e-01
3.049238142806960650e-02 1.069846891263627059e-01
3.049238142806960303e-02 1.086471743102520177e-01
3.825690805111605503e-02 7.969534481500914480e-02
7.497975160394816652e-02 8.560236571140450446e-02
3.023064076093275390e-02 2.485564774572301405e-01
3.119335555131090565e-02 1.075523761868606432e-01
7.920587050591917921e-02 8.209755064139097336e-02
8.003599040511663598e-02 8.258689151016661290e-02
3.081195259319267216e-02 1.308313046010624037e-01
3.505073097600083093e-02 8.694839591927808198e-02
3.257219118318438467e-02 8.540071928308456961e-02
3.493884093752730458e-02 1.055531389592102298e-01
3.027547836644421328e-02 1.336132120776978294e-01
3.031509730831412688e-02 3.220450896808088603e-01
3.511474857770231772e-02 8.656546828776454094e-02
3.137179607082078714e-02 1.439984340214532366e-01
4.023813472094073945e-02 8.634096856116967034e-02
3.391048839625127737e-02 8.444002040511928986e-02
3.319153030712834740e-02 1.362475268506325166e-01
3.188395239932056285e-02 1.070915280818658666e-01
3.033994943945924130e-02 1.210312186445161586e-01
3.031509730831413729e-02 1.393603156744679383e-01
3.097774308142015043e-02 1.110779866426829660e-01
3.137771240062227351e-02 1.115221213679714607e-01
3.795453961139862858e-02 1.252553885793952215e-01
4.583163306514391466e-02 1.169229342820463785e-01
3.363620609770250763e-02 1.084268380079192462e-01
3.077534373173357665e-02 3.036381858079963969e-01
3.289900966696834156e-02 1.019429592352152358e-01
7.664546054976879852e-02 8.348371505395291159e-02
4.143331437110880922e-02 9.034662415302101290e-02
8.239894787375154350e-02 8.349207764767371809e-02
8.258978489094093156e-02 8.400975589260656351e-02
8.302922148344708819e-02 8.341959300806495170e-02
3.049241738207238150e-02 1.036873951394932380e-01
3.045677817483424463e-02 1.273656794524117841e-01
3.641996991292049957e-02 8.721525664592087723e-02
3.472047752772504381e-02 1.065913891412385572e-01
3.900747823331823794e-02 8.485718304883316243e-02
3.144372230558425962e-02 1.058194467324570093e-01
3.077909273141476998e-02 1.124207628474436366e-01
8.155209738763329053e-02 8.183528131053133259e-02
8.519072470647648387e-02 8.200701263962902055e-02
3.477430529500429024e-02 1.119096812702848470e-01
3.219982961510814423e-02 1.127124209865402599e-01
3.145355975594537473e-02 1.113823739939810570e-01
3.095297613260813291e-02 1.063596052290932403e-01
3.009216809553568947e-02 1.358321193053012577e-01
3.161806872016299785e-02 1.053063952924953167e-01
3.035160248351250617e-02 1.215080118456485642e-01
3.500924588698601375e-02 8.933730018040260401e-02
3.265885861204542023e-02 8.902427306736239443e-02
3.621270298451008396e-02 8.407936793322842717e-02
3.135427710442047905e-02 1.055349540214136489e-01
3.049238142806960303e-02 1.086471743102520177e-01
3.825690805111605503e-02 7.969534481500914480e-02
3.095044938813173649e-02 1.095468829019525248e-01
3.075017567168965987e-02 1.083770593255950904e-01
3.791250427730182004e-02 8.096124332676532531e-02
8.317586747867533603e-02 8.082197873427603152e-02
3.644416665858137699e-02 9.038732545388354633e-02
4.191397131288746025e-02 1.299754254497528794e-01
3.337115453726156172e-02 9.319834295770640376e-02
7.853464836927531723e-02 1.210592044080293639e-01
3.971526240241489425e-02 1.058878232593379320e-01
3.529003565161062395e-02 1.039753140664747416e-01
3.391048839625127737e-02 8.444002040511928986e-02
3.144372230558425962e-02 1.091428753005483088e-01
3.228865590430791965e-02 9.776996211957894589e-02
3.099382908550693538e-02 1.114233205591009662e-01
3.147063513978073934e-02 1.055952080607176768e-01
3.042748103207447430e-02 1.234578605234888105e-01
3.391048839625127737e-02 8.444002040511928986e-02
3.220644779132870311e-02 1.052768740669105529e-01
3.033443264772134329e-02 1.301491556247200698e-01
3.390276102304110029e-02 9.266815711964712654e-02
3.345456095940721464e-02 8.753953576099705869e-02
3.087331324602484578e-02 1.077501006101402592e-01
3.385523976987941247e-02 9.073715537062898573e-02
3.359005691449167691e-02 9.633658998147442976e-02
3.462831776167674819e-02 1.076775439833171366e-01
3.022373031198012996e-02 1.195777928752148750e-01
3.513986691521277933e-02 8.411532410034119889e-02
3.175805975964998695e-02 1.234160205460395621e-01
8.328703380775188958e-02 8.034075375492220894e-02
3.191656549745856136e-02 1.020689155612167498e-01
3.466764978028836347e-02 8.746760041612394732e-02
3.118058800585109952e-02 1.013153017685273355e-01
3.343308269778441644e-02 8.871185599877150219e-02
3.485081854213487040e-02 1.222466176025393952e-01
3.513844579953161879e-02 8.159553657981728769e-02
3.381142334427241630e-02 9.329583417153781977e-02
3.338203321077177349e-02 8.082583751082836332e-02
4.245042526634029700e-02 1.037050226173576312e-01
3.391048839625127043e-02 8.315586584778048018e-02
3.381142334427242324e-02 9.300213782741642565e-02
3.030743703827745716e-02 1.306568951834518322e-01
3.166508103584875222e-02 9.786097930270293288e-02
3.016270636508410971e-02 1.331072086574675573e-01
3.066144163863291153e-02 1.384118166291143370e-01
3.172750723537641482e-02 1.025995570012960406e-01
3.019996519786661768e-02 1.588539881810782928e-01
6.999140194357994504e-02 8.328518607971836796e-02
5.944152170687914960e-02 9.065044321629238400e-02
3.513890256984145838e-02 8.159606691511568644e-02
3.138497633477867199e-02 1.180082311286240748e-01
4.094404848882481074e-02 7.788950105619006636e-02
8.231388434268667453e-02 8.388555362003323468e-02
3.393837659682660823e-02 8.446065895345830632e-02
8.519072470647651163e-02 8.201942178100035674e-02
3.738060691520780909e-02 1.052534213484974945e-01
7.982785806503538140e-02 8.451005481253048846e-02
3.825690805111605503e-02 7.834660737222867710e-02
3.017803950069125260e-02 1.343728580861252575e-01
3.032951676189641135e-02 1.214824234603835706e-01
3.142455450309952075e-02 1.002507443828616479e-01
3.392253704563760741e-02 9.561983845082354383e-02
3.022364713070896033e-02 1.334838347681137904e-01
3.880586720189763833e-02 8.167261804639829037e-02
7.919798786109549793e-02 8.302017766061232928e-02
3.533914133632274496e-02 8.452480431905280700e-02
3.359511184857583155e-02 9.908393082436442456e-02
4.397420395729485787e-02 8.328925020268380941e-02
3.022526047057352144e-02 1.287739478897476642e-01
3.030743703827746063e-02 1.300402068746967787e-01
3.832733268310986596e-02 1.485373521116722662e-01
3.968553422558261656e-02 8.304612763720900515e-02
7.413715291317571343e-02 1.007199797372479999e-01
3.119335555131090565e-02 1.075523761868606432e-01
3.077909273141476998e-02 1.124207628474436366e-01
3.008198872786117112e-02 1.525124315106916872e-01
3.084631068390257524e-02 1.117373949428984298e-01
3.378967079800426765e-02 9.320991635358759353e-02
3.616703491480753596e-02 7.909731599785266298e-02
3.515465907299309550e-02 8.658724566241465803e-02
3.028706182331194000e-02 1.300117829259014313e-01
3.107747451263761021e-02 1.095849630533665131e-01
3.392800159190241527e-02 8.459613368547624912e-02
3.146891020134113398e-02 1.030337417353192064e-01
3.145827575659802117e-02 1.060062009140282924e-01
3.317563914687221560e-02 1.035393264167135258e-01
3.508856500081362906e-02 8.697863721369632206e-02
3.083493517857354912e-02 1.114967217070357147e-01
3.090361546407892346e-02 1.116208714370654775e-01
3.061975836351540567e-02 1.050232821460736071e-01
3.100417008626785847e-02 1.021958965396228824e-01
3.271574643903438911e-02 1.042649189674675625e-01
3.129770396169696822e-02 1.073746845927722737e-01
3.947754789062640768e-02 1.063106743019915645e-01
8.023964682990704367e-02 8.215100568394506642e-02
3.096338434178741439e-02 1.020258720838939648e-01
3.148814400423007032e-02 9.983909851817336645e-02
3.513998004030949307e-02 8.159731790358479286e-02
8.328703380775188958e-02 8.034075375492220894e-02
3.058797251653099653e-02 1.043334535422438536e-01
3.254256105948839795e-02 1.179472034185053281e-01
3.021511430131598036e-02 1.291397966964867861e-01
3.032422064650105997e-02 1.216341366133749519e-01
3.077909273141476998e-02 1.124207628474436366e-01
3.279077912172932013e-02 1.025557151212818929e-01
3.138497633477867893e-02 9.641553453943525753e-02
8.126256179036504823e-02 8.575749517997111049e-02
3.261092303737236908e-02 1.074237065944113750e-01
3.338958256211258663e-02 9.318235755631198991e-02
3.016265712950665090e-02 1.327439343712759068e-01
3.028236982359515037e-02 1.330267494535869732e-01
3.973836953046150366e-02 7.792807081424586724e-02
3.192147370846661752e-02 9.733432601791593142e-02
3.030814284627337055e-02 1.213224604393085687e-01
3.020931787299989055e-02 1.194596644914106415e-01
3.215163373675865299e-02 9.765402601180375730e-02
3.141921756457496245e-02 1.125471642051608934e-01
3.408191913091800085e-02 8.665570188104951277e-02
3.033437914237661903e-02 1.265492315633910403e-01
4.908908078522818824e-02 7.713350595060232406e-02
3.502415669295480538e-02 8.304140307917184938e-02
3.637422834449272752e-02 1.182568644270692720e-01
4.016649759430160338e-02 1.292434169670312050e-01
3.247273158331996645e-02 8.831015567565934921e-02
3.352544997661805609e-02 8.152103707189424509e-02
3.071720841970326105e-02 1.044616168571178838e-01
3.026596792621471035e-02 1.167344448714024013e-01
3.257274610580973562e-02 8.781321858706769845e-02
3.025147902400403613e-02 1.161106208806573503e-01
3.759801813305271162e-02 8.664860373856392295e-02
8.203148483371751343e-02 8.840550407749876716e-02
3.100474168143501838e-02 1.030473194655784769e-01
3.033394328382177374e-02 1.276390838828323493e-01
3.061975836351540567e-02 1.053371666625373404e-01
3.025231909206303749e-02 1.337527224361386990e-01
3.137014010558862587e-02 1.006365809437958642e-01
3.021509198053699830e-02 1.301268498327867729e-01
3.513974626051467182e-02 8.159704647705155744e-02
3.033731898615771305e-02 1.211088835374072303e-01
3.234399190796113932e-02 9.741513882378345646e-02
3.193015553367661158e-02 1.032598269170095368e-01
3.061975836351540914e-02 1.045010192172668995e-01
3.033783981160152743e-02 1.272147488945370164e-01
3.099061326924675355e-02 1.063225405000407658e-01
7.897217554981605936e-02 8.058808835619463151e-02
3.021571434115579574e-02 1.236119771397135580e-01
3.018124048883343707e-02 1.343799844585637782e-01
3.704610319400856305e-02 7.949845402674511619e-02
3.508527928072204677e-02 9.371698201091323288e-02
3.138497633477868587e-02 9.915155045986445703e-02
3.100417008626784460e-02 1.063820270131285856e-01
3.221028264912652317e-02 1.275604905597372829e-01
3.100417008626786194e-02 1.012254563515374156e-01
3.097736374785045946e-02 1.043732785972275451e-01
3.024628554676539460e-02 1.293203042018742366e-01
3.017918483522775974e-02 1.231447101450253295e-01
3.228656735409109885e-02 1.419181441737863425e-01
3.320619021826604067e-02 9.264145560893523312e-02
3.030743703827745716e-02 1.306568951834518322e-01
3.143188308149533899e-02 1.055219470425592804e-01
3.145840036339427048e-02 1.054746898391372839e-01
3.049238142806960650e-02 1.069846891263627059e-01
3.152450099396166688e-02 1.028895173467795215e-01
3.386868912289531935e-02 8.473723734865450108e-02
3.534313854448454389e-02 7.977195345200115140e-02
3.513844579953161879e-02 8.159553657981728769e-02
3.168942935646740927e-02 1.334577699340311618e-01
3.034056436174211932e-02 1.189176902234382605e-01
3.191646195839263622e-02 1.020687500009864052e-01
3.626197673375865932e-02 8.190238409874729675e-02
8.317586747867533603e-02 8.282231008690188467e-02
3.013659271056032957e-02 1.516519415230981604e-01
7.915742150008389655e-02 8.234789686979458734e-02
3.703299159800108042e-02 8.068163645433468201e-02
3.183903697820549689e-02 9.698219585000820986e-02
4.104135830316992667e-02 7.956656737080788910e-02
4.057599271434539356e-02 1.042710704667468569e-01
3.807968176047266118e-02 7.901856733364745478e-02
4.094605749414034768e-02 7.787193617557433556e-02
3.401486452285414075e-02 8.425730367140456256e-02
3.075017567168965987e-02 1.086673452104306159e-01
3.403351539351723992e-02 8.882860065300203500e-02
3.331492472776169389e-02 9.383414038578283267e-02
3.339508202524616581e-02 8.078195021860203051e-02
3.862414273474694404e-02 7.958449018273409947e-02
3.010977872071435996e-02 1.342685492122923929e-01
3.069820708201819945e-02 1.064397857291256716e-01
3.016935901245680271e-02 1.343535308350627677e-01
3.017803950069125260e-02 1.343728580861252575e-01
3.142230404855228532e-02 1.078719606564582795e-01
3.222678032899375239e-02 1.019920055996019342e-01
4.281110492131615791e-02 8.264162437781119586e-02
4.357611231502533933e-02 1.074827656493624745e-01
3.032712626122532548e-02 1.161765093364727497e-01
3.119513026520148377e-02 1.098189234934451725e-01
4.393254178317262254e-02 7.736019806311629499e-02
3.742947823240473648e-02 8.037447915739057147e-02
3.526898907669724637e-02 1.025270899044813805e-01
3.842395106709819291e-02 8.018136892522292891e-02
3.049238142806960997e-02 1.085321900117950100e-01
3.340590231673898347e-02 8.875931206107270932e-02
3.024787606887496816e-02 1.161037062126031305e-01
3.021511430131598036e-02 1.302025202438856777e-01
3.010977872071435996e-02 1.344334101415224358e-01
3.137014010558861893e-02 1.005264382600078860e-01
3.025682011427887827e-02 1.196554931550546791e-01
3.034236233658563556e-02 1.185998359184186751e-01
3.257219118318439161e-02 8.747452321327078839e-02
3.022526047057352144e-02 1.287739478897476642e-01
3.497175903800869151e-02 8.066764131226419887e-02
3.448631113931623776e-02 1.435801405926535879e-01
3.086170697866416276e-02 1.027738747898714888e-01
3.032796254960699531e-02 1.324395136519104510e-01
3.482169442390569553e-02 9.432609814636694345e-02
3.746452400880776606e-02 8.873488690565836667e-02
3.122101204135746544e-02 1.029399812846873430e-01
3.221398717435816628e-02 1.004646507842865966e-01
3.398944302129298933e-02 8.468124319641934239e-02
3.021348529999117946e-02 1.291433850323953636e-01
4.282100221870063089e-02 9.673655059787737709e-02
4.837231272708893831e-02 1.154400142966877513e-01
3.008376505475212140e-02 1.322598111205643412e-01
3.054503338307879012e-02 1.035339665211213733e-01
3.514850420864387703e-02 8.138145715990738327e-02
3.015609709131635355e-02 1.347010802643063276e-01
3.816255438875081757e-02 7.877098885729708067e-02
3.807968176047266118e-02 7.901856733364745478e-02
3.034245909635449948e-02 1.144444761173968039e-01
8.351112541425508018e-02 8.424422994194527559e-02
3.161812591614034801e-02 9.778836816816591226e-02
3.014125173614063541e-02 1.516636636441751340e-01
3.348768590650980093e-02 8.145046773426740938e-02
3.323848498961168990e-02 8.959078888241135685e-02
3.519316297116143605e-02 8.162994366707025662e-02
3.392905602224016715e-02 8.443808550359419018e-02
3.050864128142519865e-02 1.322920932599166710e-01
3.140791578011059570e-02 1.044648182023782540e-01
3.258194461540504100e-02 8.541350456038407368e-02
3.021571434115579574e-02 1.236119771397135580e-01
3.147639900241341882e-02 1.143308571224148223e-01
3.330738618772065285e-02 1.060166434183108380e-01
3.049232867713471892e-02 1.069845965806578703e-01
3.349929903030513662e-02 8.577046543312610849e-02
3.234286512074706355e-02 1.026957335571889451e-01
3.375438254276756644e-02 9.309925185478255816e-02
3.055064210742892625e-02 1.163500167678312852e-01
3.049241738207238150e-02 1.010649264550318449e-01
3.284399160283719282e-02 8.848760566616029055e-02
3.761317509951913468e-02 9.166426175455651137e-02
3.123872703702270867e-02 1.122549268124800464e-01
3.015900497874916472e-02 1.226378365823968392e-01
3.123387062120093136e-02 9.983480336969412228e-02
3.386350975020652188e-02 8.557489376254402702e-02
4.834013615959942278e-02 7.704599332702044556e-02
3.380621950859719060e-02 8.476258913933638894e-02
4.704268297124002823e-02 7.899471472028059271e-02
3.097736374785045946e-02 1.045988649261791748e-01
3.011668024072569963e-02 1.275279957381514062e-01
3.518021493819778467e-02 9.346657174865770357e-02
5.460989054072892118e-02 8.638149645381586195e-02
4.059728965766510461e-02 1.022627392672322971e-01
3.094917580819497166e-02 1.021611292578459701e-01
3.142733604120206276e-02 1.030620275171648809e-01
3.177132861349692139e-02 1.160982570901516880e-01
3.016633484376850249e-02 1.268107652491197168e-01
3.111053369954778353e-02 1.022196249134740692e-01
3.308818314906527419e-02 8.574093250116088250e-02
3.125324917914200362e-02 1.002819215275037867e-01
3.711259779521344088e-02 8.067144574165989457e-02
3.021509198053699830e-02 1.300272788406450497e-01
3.825690805111605503e-02 7.842600522121200013e-02
3.394277435466817178e-02 8.492730737847517530e-02
3.061988829611287516e-02 1.046819194239038270e-01
3.759898217863483216e-02 9.569978441162063643e-02
4.116101288578101480e-02 1.357468342392426919e-01
3.297150212021508070e-02 8.226822429394808900e-02
3.094385522433823477e-02 1.096205925208505183e-01
3.778472052041719625e-02 8.078936574562978201e-02
3.018407014467222246e-02 1.164023760493639037e-01
3.259838643519074458e-02 9.404166427416274510e-02
3.055542248656353474e-02 1.055038274289443190e-01
3.579867077192622898e-02 8.768065099893486425e-02
4.018319702469845545e-02 1.315889990827142919e-01
3.394979018659440018e-02 9.076809898260250475e-02
3.059560885033338687e-02 1.087033933989692697e-01
3.703299159800107349e-02 7.930026450417242134e-02
3.616703491480754290e-02 8.387576872135493744e-02
3.345243999454140110e-02 8.873915499299764309e-02
3.286214622951559583e-02 9.321637331729910880e-02
4.119883813672329392e-02 9.302225357886800827e-02
9.426282853061096478e-02 1.337415572538558639e-01
3.764372471412891913e-02 7.839084293299722339e-02
3.463040095975381677e-02 8.184769605000030701e-02
3.973836953046150366e-02 7.792807081424586724e-02
3.020931787299989055e-02 1.194596644914106415e-01
3.400155235981279500e-02 8.120536668699138150e-02
3.370116833299501014e-02 1.221386199061313682e-01
3.178363437599070890e-02 9.008519600942117844e-02
3.092712680086951577e-02 9.762332204897586352e-02
3.642886774362383284e-02 8.188201627079923217e-02
3.020758159486545968e-02 1.157792472473907902e-01
3.047051945684104216e-02 1.087198603033122934e-01
3.016410897321015333e-02 1.325496131281159451e-01
4.954771707949792020e-02 7.699840292104150052e-02
3.016365473941145028e-02 1.412237395131392959e-01
3.825690805111605503e-02 7.840845143297016373e-02
3.016485594203605763e-02 1.226497321678780561e-01
3.049241738207238150e-02 1.036873951394932380e-01
3.049241738207238150e-02 1.036873951394932380e-01
3.314799716235745930e-02 8.233568370002157522e-02
3.023686983125015854e-02 1.201332602751711831e-01
3.053723439119865324e-02 1.038266800460908579e-01
3.808450294228794136e-02 8.058688596915059010e-02
3.206747767395999593e-02 8.714948612252564064e-02
4.634563240042743892e-02 7.752047944534506962e-02
3.066457113442295351e-02 1.247864623340695783e-01
3.056040344725632560e-02 1.040622723831097080e-01
3.627294324026940353e-02 8.134067985723747451e-02
4.830022751228328637e-02 1.275814632715221164e-01
3.016270636508410971e-02 1.331072086574675573e-01
3.583391312874053408e-02 7.995428458389615411e-02
3.231652259895324841e-02 1.103465555374971152e-01
3.365786172390266423e-02 1.022592117139917989e-01
3.096195977704984531e-02 1.020241494187553305e-01
3.190892460536463165e-02 9.744869507572226364e-02
3.049238142806960650e-02 1.069846891263627059e-01
3.136669821465656871e-02 1.304287070901593848e-01
3.137042848370321518e-02 1.163051254813645963e-01
4.137102680028764690e-02 7.914317511350502099e-02
3.370096179866172159e-02 7.976871023614953704e-02
3.265370962066445337e-02 8.683421304398931950e-02
3.350810911845487905e-02 1.025268033729993811e-01
3.055133462110783474e-02 1.316724360146464823e-01
3.229746796476041376e-02 1.013691845479896825e-01
4.291090558341116579e-02 7.768950454832655728e-02
3.306890729785609551e-02 8.377365867569257218e-02
4.509910464542216113e-02 7.730309459668216476e-02
3.309044199212423515e-02 8.814324122227566727e-02
3.343575306179219497e-02 8.129773946608051527e-02
3.321450509223803499e-02 8.019372309097953788e-02
3.327320080797205315e-02 1.120280354213802759e-01
3.764372471412891913e-02 7.839084293299722339e-02
3.189720521973848227e-02 9.868302428217869127e-02
3.338203321077177349e-02 8.082583751082836332e-02
3.021067961140516331e-02 1.173809521838936054e-01
3.688499330784656555e-02 7.874899187192596628e-02
3.799182380488675542e-02 1.273072147501978779e-01
3.005511831673895323e-02 1.347814437929755749e-01
3.077248112913124473e-02 1.245919623688613309e-01
3.016270636508410971e-02 1.331072086574675573e-01
3.020482823903171063e-02 1.318528937026504366e-01
3.021348529999117599e-02 1.296385519277500065e-01
3.022373031198015078e-02 1.181895384634003843e-01
3.033885832214125791e-02 1.153967564608309321e-01
3.166827678828292719e-02 1.135356490218655257e-01
3.055542248656353474e-02 1.064699481054133534e-01
3.137452104686591636e-02 1.001765780058438277e-01
3.341871310170003301e-02 9.103572265220211124e-02
3.584871067064070854e-02 1.046586836727246145e-01
3.236290874525386135e-02 9.398443401087941407e-02
3.211602398426160326e-02 1.024215488656407824e-01
4.704210638924892496e-02 7.899423053464825484e-02
3.018020271773807703e-02 1.320700536466113129e-01
3.102378729419812478e-02 1.019332440516325655e-01
3.030394729427525816e-02 1.161969191064832624e-01
3.876630633896065853e-02 7.921176262214506270e-02
4.401296012100722882e-02 9.187856493001590741e-02
5.253803658692102890e-02 1.017094104570599594e-01
4.320378821260532215e-02 1.095638191915937615e-01
3.334319401484540923e-02 1.099141807269924526e-01
3.140147804865116993e-02 1.149645708352978885e-01
3.497869682184200774e-02 8.067564246051242560e-02
4.412422011590191873e-02 7.731174623391756651e-02
3.496941036583767204e-02 8.034747673193942674e-02
3.836144736123639487e-02 7.840878935690405449e-02
3.489214587043938665e-02 8.036664259618732375e-02
3.217653281652942121e-02 1.104911278142597375e-01
3.073748603979651467e-02 9.823811174984135863e-02
3.018766643885405568e-02 1.175170763028323684e-01
4.913287351257687036e-02 7.706786154188703664e-02
3.336487757714931557e-02 8.083946190449999014e-02
3.102530260637786919e-02 9.990353419543851476e-02
3.162388136305174097e-02 9.824102190194565487e-02
3.240102011035169566e-02 1.181040927625670450e-01
3.232183185998273312e-02 9.884062957879806433e-02
3.825690805111605503e-02 7.834184812952506294e-02
3.009216809553568947e-02 1.358321193053012577e-01
3.201879132902758079e-02 1.459107788794447857e-01
3.049238142806960650e-02 1.182355384279071969e-01
3.024113819811570861e-02 1.136630459363454221e-01
3.125324917914200362e-02 1.002819215275037867e-01
3.134413644598468135e-02 9.946214723741546304e-02
4.097904543565988184e-02 7.776426447777209927e-02
3.554118538846752495e-02 8.283711454943454289e-02
3.519466472961869929e-02 8.145229508113616124e-02
3.332837777365160736e-02 7.860179844452772069e-02
3.842449314489149170e-02 1.322082868605543582e-01
3.365824555391200984e-02 8.006342003823048448e-02
3.567841985258091153e-02 1.164820270275151587e-01
3.351113712050779458e-02 8.177405717545488395e-02
4.210362903471382562e-02 8.107769934047255600e-02
3.496826849620412320e-02 8.017801343865463282e-02
3.057396696079713039e-02 1.233748864137894641e-01
3.187861016908824507e-02 1.260782659530220451e-01
3.052844409603810982e-02 1.335993041379077984e-01
3.031216898633221427e-02 1.168771085079307326e-01
3.630843757775827768e-02 8.066294382827003673e-02
3.096195977704984531e-02 1.020241494187553305e-01
3.013569046480940941e-02 1.157457273062256070e-01
3.096413609457247459e-02 1.066276255948642449e-01
3.376223024988861399e-02 7.927865296196456857e-02
3.042275026112878367e-02 1.165451619860220778e-01
4.291302294280476687e-02 7.769142137873248644e-02
3.048718725983992628e-02 1.152750912089452878e-01
3.013573625852854210e-02 1.340608912230296379e-01
3.016374254745981393e-02 1.213643898935904963e-01
3.017935438224516806e-02 1.098224415123027764e-01
3.370096179866172159e-02 8.840442569503363657e-02
3.387556478365214702e-02 8.024561281883992037e-02
3.085641527870667741e-02 1.081315774643244187e-01
3.048542457251414081e-02 1.137273210960361713e-01
3.046306556012444086e-02 1.096495241788284225e-01
3.131751650198631026e-02 9.988929887685382703e-02
3.021210375836916665e-02 1.120843958047776506e-01
3.297150212021507376e-02 7.898881416280761902e-02
3.973836953046148979e-02 8.118894450381956840e-02
3.493385495746893776e-02 8.093890489916992503e-02
3.845379675222916627e-02 8.441193148280817793e-02
3.161924670556816308e-02 9.824816689590651353e-02
3.111327893009655302e-02 1.365874746416552710e-01
5.932057942810339823e-02 8.793069423610733182e-02
3.016277112060757395e-02 1.403500345300774943e-01
4.322092613167499708e-02 9.911389870394056445e-02
3.674342218937956539e-02 1.136186470468128068e-01
3.043246526411029496e-02 9.687565822897414858e-02
3.086923019171292429e-02 1.151926103794145284e-01
3.764372471412891913e-02 7.839084293299722339e-02
3.139967073744134862e-02 1.065810827433118085e-01
3.257274610580973562e-02 8.781321858706769845e-02
3.014233143153295311e-02 1.242356059387020456e-01
3.764372471412891913e-02 7.839084293299722339e-02
3.192147370846662446e-02 1.003261286531336588e-01
3.049238142806962037e-02 1.034014213286937461e-01
3.138497633477868587e-02 1.023041727489359953e-01
3.075848855535174425e-02 1.012905558503607167e-01
3.191425050168642669e-02 9.829950770597711829e-02
3.343750144917161105e-02 8.145950796377095238e-02
3.772050140587480949e-02 7.840382714640579953e-02
3.030464948347486726e-02 1.135833147438315427e-01
3.049637847101391644e-02 1.037611326233645048e-01
3.288409429221392233e-02 1.008515820479813224e-01
3.010897041141250008e-02 1.314689362355186408e-01
4.900766909794440629e-02 7.648121806710755921e-02
3.437493674281339590e-02 7.868003455206333541e-02
4.151604806074420811e-02 7.931807092375180168e-02
3.347094732393771088e-02 7.919402955298214530e-02
4.372685421412785683e-02 8.521453493418991443e-02
3.062733861748849831e-02 1.041560426611046197e-01
3.032114449983302693e-02 1.125348241936007382e-01
4.638202030309761248e-02 7.742045490706235544e-02
3.014233143153295311e-02 1.246549980980595912e-01
4.094404848882481074e-02 7.787832112571091425e-02
3.236290874525386135e-02 9.398443401087941407e-02
3.625171524239058363e-02 7.974508232894439441e-02
4.722068245397715441e-02 7.762194503880623375e-02
3.068233295723632112e-02 1.353813381165788476e-01
3.973220151597512545e-02 7.905257085362649150e-02
3.710485863584384730e-02 7.927753832843534298e-02
3.021827275890984210e-02 1.173443514200324805e-01
3.017325769239115676e-02 1.230450371773259832e-01
3.236290874525386135e-02 9.356571568065137623e-02
3.437836144078110223e-02 8.041860486455448820e-02
3.247098322723447617e-02 8.830777965812951213e-02
4.238972202999561484e-02 9.440447258007869658e-02
4.475316428117579598e-02 1.147594721957923419e-01
3.716009182946355960e-02 7.794760499799475995e-02
3.776763162139005342e-02 7.781423834233297532e-02
3.534313854448454389e-02 7.977195345200115140e-02
3.094917580819497166e-02 1.021611292578459701e-01
3.297059363544331545e-02 8.226709087464227632e-02
3.013520499157484878e-02 1.372626216479060357e-01
3.816255438875081757e-02 7.829863031611754287e-02
4.041620326267764823e-02 7.861613650615352500e-02
3.688499330784656555e-02 7.937716510054959596e-02
3.806492565196344796e-02 7.864424729332177011e-02
3.152425011454078330e-02 1.018081289169033149e-01
3.102530260637786919e-02 9.990353419543851476e-02
4.237447786493516583e-02 1.152295014285372177e-01
5.156241169213092446e-02 1.161974369322731349e-01
3.131600460497026284e-02 1.005706468287552308e-01
3.143368221532836376e-02 9.607860267598690440e-02
3.344327406491617860e-02 8.536558052128306873e-02
3.064239933633527285e-02 9.471610226260054888e-02
3.904172224275832825e-02 1.267907581859369082e-01
4.216890119430440065e-02 1.303775899602004629e-01
4.176934820133561960e-02 7.819049766630950526e-02
3.494090792899700454e-02 9.533854374487933658e-02
3.062222650122474465e-02 1.139429695616799854e-01
3.045115656944077584e-02 1.077884404735100776e-01
3.049245319288958547e-02 1.036850875804100763e-01
3.058324885270316540e-02 9.694154423641296314e-02
3.376223024988861399e-02 7.927865296196456857e-02
3.143368221532836376e-02 9.607860267598690440e-02
3.073186325874840974e-02 1.225399654509348318e-01
3.256394373185657332e-02 8.781073800609794089e-02
3.273230046719691200e-02 8.305926490820987607e-02
3.230899215567870769e-02 9.351905876559925279e-02
3.178363437599070890e-02 9.008818201157438310e-02
3.258194461540505488e-02 9.159518997774675209e-02
3.104084648765535748e-02 9.781639926985513656e-02
4.005075458465195276e-02 9.404426630358792005e-02
3.029650657119786414e-02 1.346906484054984365e-01
3.157138081210845992e-02 9.625766973879425203e-02
3.064850200286730816e-02 1.073676291795461618e-01
3.041090127374932589e-02 1.033256832266374187e-01
3.030137941441541846e-02 1.100993919218004741e-01
3.064239933633526244e-02 9.481685479374350745e-02
3.346339772895925990e-02 7.929514976745344335e-02
3.027848064557332741e-02 1.264080663732684018e-01
3.374751248185131614e-02 7.926137045797541913e-02
3.143368221532836376e-02 9.607860267598690440e-02
4.634736812780933940e-02 7.739152499600511492e-02
4.917090932669719583e-02 7.709769198849490690e-02
3.469559408662786087e-02 8.475358047181386079e-02
3.170233343094303047e-02 9.384220123119574319e-02
3.349864380022910676e-02 8.050580721747463420e-02
3.076422278244809669e-02 1.091528452740219007e-01
3.174643654286275762e-02 8.617792193710951953e-02
3.087623449371216730e-02 1.059128343120654542e-01
3.034654324419009883e-02 9.965591626148871673e-02
3.503614712467739006e-02 8.385952089296822010e-02
3.022738297902980223e-02 1.192561540101990114e-01
4.886782125902292689e-02 7.776059472819664420e-02
3.053286599001285573e-02 1.030911108379310298e-01
3.054503338307879012e-02 1.035566921196530710e-01
3.951885532758556141e-02 7.862272751516782843e-02
3.425145974223199608e-02 8.484842744083694044e-02
5.053812250195537786e-02 7.745300889331742378e-02
3.248528292416188318e-02 1.060145116280917649e-01
4.952863516979274378e-02 7.525214523866202709e-02
3.018766643885405568e-02 1.175170763028323684e-01
3.345658742440454914e-02 7.929098225408673373e-02
4.344914356959384688e-02 7.742399626626114695e-02
3.014231796976224800e-02 1.126095688968793279e-01
3.135245416209068992e-02 1.063026711014662118e-01
3.258194461540504100e-02 8.541350456038407368e-02
3.294856264533414097e-02 1.232326749253254000e-01
3.106391319134286025e-02 9.993327687974594420e-02
3.329029890670306274e-02 8.078230995250701429e-02
3.245829809662972854e-02 8.829052737307915844e-02
3.019476698531911238e-02 1.164214498300147060e-01
3.202668383287823189e-02 8.682559097739338261e-02
3.567219954365515727e-02 8.239002556891726614e-02
3.408882443714905675e-02 8.109911010586393076e-02
4.116969563783411112e-02 1.093601024035325275e-01
3.020059153745505848e-02 1.220171524434201932e-01
3.439858462270605627e-02 9.456835692743649491e-02
3.337451581116639143e-02 8.195286720436491257e-02
3.049241738207238497e-02 1.030527167469580813e-01
3.054850953998259830e-02 1.196266147279819170e-01
4.094386071534257543e-02 7.905760201938233367e-02
3.118223375966122299e-02 1.013610452536388706e-01
5.532537973644425372e-02 7.589306477689607144e-02
3.314799716235745930e-02 8.233568370002157522e-02
3.247098322723447617e-02 8.830777965812951213e-02
3.764372471412891913e-02 7.839084293299722339e-02
3.030439433260422727e-02 1.040024522342735680e-01
4.190189483198772380e-02 7.757072434632149294e-02
3.092899689717189607e-02 9.533600249259323312e-02
3.433390623509319228e-02 7.873118956092431397e-02
3.729506654414204564e-02 8.596681310507077456e-02
3.720208020615142080e-02 7.795998233755518925e-02
4.285759896172104677e-02 7.688652548930581532e-02
3.007685917706741027e-02 1.568040545087305282e-01
3.348270049517977631e-02 1.297303227208587151e-01
3.438037396374134941e-02 8.142669533512582325e-02
4.482627755991568791e-02 1.039642212176570546e-01
3.143373562693086570e-02 9.607860153446975970e-02
4.412382199598841731e-02 7.626489835331623501e-02
3.352026776927639895e-02 8.003008280219103820e-02
3.847622577532220506e-02 1.047591086606615429e-01
4.716010300590483401e-02 7.762696467843321901e-02
3.313922318959120622e-02 9.229075542746562055e-02
3.092057030621330263e-02 1.001988447744060484e-01
3.364630289918160017e-02 7.900889421347670472e-02
3.463871613736016486e-02 8.920102074353636334e-02
3.156621835591268133e-02 1.029280129214515394e-01
3.072104406775502672e-02 1.052341578519922494e-01
3.676841960074216098e-02 1.010441328721887050e-01
3.398955373087935578e-02 8.258950058464807620e-02
3.618244202042992380e-02 8.428920413829070479e-02
3.046306556012444086e-02 1.078026939719518434e-01
3.056452482989668526e-02 1.099414015929411625e-01
3.291782593024583647e-02 1.113511822418044722e-01
3.013573625852854210e-02 1.340608912230296379e-01
3.155016412564871919e-02 9.193108166861350961e-02
3.056658817120594396e-02 9.801565051165272990e-02
3.127606213078587549e-02 9.858498328647967435e-02
3.185155079215950397e-02 8.831735299291550156e-02
3.117506049032678014e-02 1.071399609280914850e-01
3.045115656944077584e-02 1.077884404735100776e-01
3.012675586897706204e-02 1.313959694044262716e-01
3.161336147789304413e-02 1.227565682854205031e-01
3.294453007339499806e-02 8.221748056507656444e-02
3.273236166142444448e-02 8.305963952533011729e-02
3.049215816192631795e-02 1.069842974299828470e-01
3.852004616204520587e-02 7.810958206794828274e-02
3.314799716235746624e-02 8.234506204252999007e-02
3.960264675575674714e-02 7.778681567954018328e-02
3.503241279691771126e-02 9.010929608475723440e-02
4.475095634327101723e-02 1.124814255578659994e-01
4.094404848882481074e-02 7.803368635858880242e-02
4.509910464542216113e-02 7.730309459668216476e-02
3.041876818375918723e-02 9.709120741619978179e-02
3.314293425909423801e-02 8.054117525303641778e-02
3.776888359829290442e-02 7.952314813018851458e-02
3.009185018655288410e-02 1.318447777198078763e-01
3.314799716235745930e-02 8.233568370002157522e-02
3.079122205861211520e-02 9.832394597512765511e-02
3.090365595972100962e-02 9.562377921735817909e-02
3.392644942367301075e-02 7.879879039683511388e-02
4.314489332714178949e-02 7.671276811107294313e-02
4.634563240042743892e-02 7.935184525075315853e-02
3.330498962960506959e-02 7.955876788891584617e-02
3.822605429343116368e-02 8.369091010569737477e-02
3.177196978034017155e-02 9.004550740279164411e-02
3.530359223214876718e-02 1.108625599624106089e-01
3.143844224241260088e-02 1.128875923261470210e-01
3.035265367774070758e-02 1.344197629555045348e-01
3.662727328996875226e-02 7.774459451003028210e-02
5.134841349676921851e-02 7.702833493684257959e-02
3.815313978306462267e-02 7.832547921498277110e-02
4.425881901998511558e-02 7.586745451067088142e-02
4.112484475790815358e-02 1.249384465076318618e-01
3.853482238169048113e-02 1.336863596375600927e-01
5.305388446748644793e-02 7.668161319293280431e-02
4.094347347532334425e-02 7.788506460964841893e-02
3.076423939957342174e-02 9.645676201584635345e-02
3.138573619282515603e-02 9.641005376131123183e-02
3.049190931020031442e-02 1.019734181622494601e-01
3.332874529747435755e-02 8.076482797731310281e-02
3.044623700454720042e-02 9.647302152646239359e-02
3.096399312981805083e-02 1.043172481042679844e-01
3.034654324419009883e-02 9.965591626148871673e-02
3.616703491480753596e-02 7.909731599785266298e-02
3.030439433260423074e-02 1.036435255039796915e-01
3.013573625852854210e-02 1.330633004804107067e-01
4.286133966953202534e-02 7.688553867606802428e-02
3.206146426842719499e-02 9.199179070093513322e-02
3.251665343439091860e-02 8.717423583432887257e-02
3.206745953999561027e-02 8.497372578636001872e-02
3.204038737000711873e-02 8.384632119563183161e-02
3.051712588040812746e-02 1.160717723730409490e-01
4.346219971186128517e-02 7.744855184103198453e-02
3.430573756411196829e-02 8.032954876959740032e-02
3.178363437599070890e-02 8.631104852962934171e-02
3.020758159486545968e-02 1.215644650943226851e-01
3.363196272082082799e-02 7.892607988317572321e-02
3.404535574765530509e-02 1.019769449335495570e-01
3.391538741778321597e-02 7.930207188214107028e-02
4.575644218133072261e-02 7.960441111346730492e-02
3.170553915750166929e-02 9.711450962488751837e-02
3.017952634989909053e-02 1.121188184589028691e-01
3.174643654286275762e-02 8.621556474977994100e-02
3.257219118318438467e-02 8.536610676620703941e-02
4.393254178317262254e-02 7.667031026093662494e-02
3.058324885270316540e-02 9.797807942260167158e-02
3.015377395947976477e-02 1.247873853623283763e-01
3.033435416886877053e-02 1.036326431698612743e-01
3.361246299939570775e-02 8.020592300838350064e-02
4.992344026861555289e-02 1.034297528635777924e-01
3.028937994377634696e-02 1.074593103523658055e-01
3.173416670981665799e-02 8.625479061011213922e-02
3.506738867525427406e-02 7.964515344274158970e-02
4.285695274099205615e-02 7.645103408339597173e-02
3.043650287555592707e-02 9.662692639965130004e-02
4.412422011590193260e-02 8.518564269666657751e-02
3.715788108321171901e-02 7.794528621370126753e-02
4.412692186677201478e-02 7.633801164306161513e-02
3.081844904908748878e-02 9.731914926013776612e-02
3.013573625852854210e-02 1.320998899764639078e-01
3.832399820788785078e-02 7.741527609494801287e-02
3.365016823953558694e-02 8.121595143122421756e-02
3.011895191457130208e-02 1.383785462954293388e-01
4.647010693076477489e-02 8.773317831993393545e-02
3.009930696602941200e-02 1.349427606869271490e-01
3.255140237292303979e-02 8.564366388987379453e-02
4.717807429471383013e-02 7.564461622808825447e-02
3.941128287310375483e-02 8.264898424482641781e-02
4.210518678412267235e-02 7.757850747810475511e-02
4.545436861632380643e-02 7.793000647093457911e-02
3.507376328207841010e-02 8.928826863532245139e-02
4.736887976083597324e-02 1.251996214385544259e-01
3.014231796976224800e-02 1.126222184805015375e-01
3.094608718600729697e-02 9.514696698219290982e-02
3.027124570553048691e-02 1.050059407146110846e-01
3.974103583363661901e-02 8.604862165308653499e-02
4.834013615959942278e-02 7.704577006461144073e-02
3.276898104785694321e-02 8.313318763191820948e-02
3.403495730299180982e-02 8.044071683346928903e-02
4.396357919301789596e-02 1.056799995827105987e-01
4.026893739925546667e-02 7.615449474946785202e-02
3.050002551146867302e-02 1.012053156708789398e-01
3.662678532938856701e-02 7.774407659855482600e-02
3.727166830202362918e-02 7.838276671889676805e-02
3.100650209542183192e-02 9.268294377664849926e-02
3.384800361013417386e-02 8.401185139554596948e-02
3.229119112669368019e-02 8.956298385441345544e-02
3.067437168451402074e-02 1.359161876801687485e-01
3.083626072059136164e-02 1.166293341724419924e-01
3.014063444981563214e-02 1.341830959625465725e-01
3.143503670998316901e-02 9.624649788324719790e-02
3.400804636635863104e-02 7.978524648647343509e-02
4.235806635747350196e-02 7.630567116321917975e-02
4.203765803552160507e-02 7.733140857615575237e-02
3.363196272082082799e-02 7.892607988317572321e-02
3.143373562693086570e-02 9.607860153446975970e-02
3.296583805778058318e-02 8.091646388759729525e-02
3.116964633327557258e-02 9.072778258301240906e-02
3.007649196174134662e-02 1.561534637628118338e-01
3.143407799811278464e-02 9.620294396757897437e-02
3.697773929919094538e-02 7.739323512309119468e-02
4.291485151183340591e-02 7.770533418479549925e-02
3.363196272082083493e-02 7.897514779804379326e-02
3.655400070287637831e-02 7.960649519290931286e-02
3.177137913891871918e-02 9.451141854081766824e-02
3.077798753178357868e-02 9.949349273200561172e-02
3.008086400172490724e-02 1.525095803484377011e-01
3.028937994377634696e-02 1.074593103523658055e-01
3.687343999920052184e-02 9.671724511230363197e-02
3.902375257662390323e-02 1.169540387150150990e-01
3.273236166142444448e-02 7.970068583106569571e-02
3.711092798583057184e-02 8.135853364901969587e-02
3.196700814199732177e-02 8.399057236799463422e-02
3.200883578332646556e-02 8.667924723558843858e-02
5.660239879757787695e-02 1.381739766441538175e-01
4.454736742726060628e-02 8.064160127442848713e-02
3.294637107732278913e-02 7.895870520414173532e-02
3.011831073561187927e-02 1.342875713599976095e-01
3.570144708059627692e-02 8.644446459804713823e-02
3.047725083115088163e-02 1.258224165382185455e-01
3.203770421461053092e-02 8.786704059118280452e-02
3.030720131682515528e-02 1.001578372857585553e-01
3.153187285145962054e-02 8.725144286537447891e-02
4.212590577042639450e-02 8.150260270035203369e-02
3.008139274021266046e-02 1.323212228653944389e-01
3.146599111965816403e-02 1.015576932357431517e-01
3.043127848934476520e-02 1.034035086042833645e-01
3.012977177361869999e-02 1.130142153041134301e-01
4.286133966953203228e-02 7.688199753839729256e-02
3.021210375836917011e-02 1.120905081209753601e-01
3.407491665777078599e-02 7.879236231716550687e-02
3.051530853551399913e-02 1.081187438068585138e-01
3.036302169084255723e-02 1.573854964648583321e-01
3.036903176223654591e-02 1.006448237471965351e-01
3.045199491669623934e-02 9.633147717946077826e-02
3.427531549122662252e-02 7.895901456313123012e-02
3.985913544180270246e-02 7.699081095365033212e-02
3.009828627944187082e-02 1.349404726623067707e-01
3.343351479826727618e-02 7.801578226367796021e-02
4.272305382685105679e-02 8.415090569240013529e-02
3.716242114000070651e-02 7.868653837477031232e-02
3.819844505615594549e-02 7.825925744760862945e-02
3.062633652932811659e-02 9.804707591675518308e-02
3.020399574420370298e-02 1.350171462524733246e-01
3.392644942367301075e-02 7.879879039683511388e-02
3.008198872786117112e-02 1.525124315106916872e-01
4.255425353914226577e-02 7.696635100106150040e-02
3.008420540593075010e-02 1.322583963304798382e-01
3.299086464160289750e-02 8.206142361807662600e-02
3.176373336568710098e-02 9.016785791296035024e-02
3.018752033386640568e-02 1.295609692116035661e-01
3.206745953999561027e-02 8.517918196608960379e-02
3.370071640876694252e-02 7.898356017066078538e-02
4.952863516979274378e-02 7.598258838501163737e-02
3.042327908457708591e-02 9.573232285389267349e-02
3.050300785056285491e-02 1.236316793576305306e-01
3.077522734205274599e-02 1.028202014974251427e-01
3.068036025654215931e-02 9.782459847807987996e-02
3.363897293564452329e-02 7.893430528580611116e-02
3.351830459876152524e-02 8.143572036544491355e-02
3.045077107079558268e-02 9.640259279101291712e-02
3.007685917706741027e-02 1.568040545087305282e-01
3.144185911306069531e-02 1.332615788999592099e-01
3.018627896411534353e-02 1.300071316159951695e-01
3.832399820788785078e-02 7.741527609494801287e-02
3.058324885270316540e-02 9.797807942260167158e-02
5.000667139669041916e-02 7.502964900442875285e-02
3.083628042910730588e-02 1.031573921264024030e-01
3.350878719911142695e-02 8.014614923148800918e-02
4.283523503457546677e-02 7.768580432254861001e-02
3.047125617279806964e-02 1.266106805380623479e-01
3.065766697014150194e-02 1.047061815051139461e-01
3.302994310215978668e-02 8.281281958073428984e-02
3.592542725352766697e-02 8.257171363787438323e-02
3.076084820693046618e-02 9.892237468042390514e-02
3.044619351750842140e-02 9.894106216480136329e-02
3.131119286472527213e-02 1.054205040518040176e-01
3.329425692428784889e-02 8.346698564973883960e-02
3.046764818441853248e-02 9.610889323140564544e-02
3.008382477267960292e-02 1.525170857413271075e-01
3.040434224925098877e-02 1.395137589598943462e-01
3.365208088569183326e-02 8.035170131203357713e-02
3.044643914384284611e-02 9.577007260724942905e-02
3.273236166142444448e-02 7.969971200510478360e-02
3.281902480185526494e-02 8.081453636559197962e-02
3.504050045729908275e-02 1.218345500180697261e-01
3.013852064239493436e-02 1.099508344192891562e-01
3.333246761605457992e-02 8.523516610442438690e-02
3.578412331350317582e-02 7.908810379205953589e-02
3.007976044617551373e-02 1.323176327519455797e-01
4.542079564289513982e-02 8.556374649891258788e-02
3.918564097465770252e-02 1.369618551918054816e-01
3.484887704562598248e-02 9.502862713764302638e-02
3.022597699105889629e-02 1.127657478204175945e-01
3.013459957388548924e-02 1.347444114006788318e-01
3.351953432859197668e-02 7.912733206569871891e-02
3.065281992954308268e-02 9.702890247548633107e-02
3.013663134489997716e-02 1.124437028478494499e-01
3.552600372589732880e-02 1.354534284280411727e-01
3.009216809553568947e-02 1.358321193053012577e-01
3.030137941441541846e-02 1.100993919218004741e-01
3.007649196174134662e-02 1.561534637628118338e-01
3.272896396879820813e-02 8.305532845481954085e-02
3.035356877586006807e-02 1.057386340328629604e-01
4.548283029545746592e-02 1.028224952355018124e-01
3.009219650636678692e-02 1.358321834269108630e-01
3.036700047005492370e-02 1.129019555928389706e-01
3.217153328744501439e-02 8.438045054247626797e-02
4.203765803552160507e-02 7.732997787140327706e-02
3.030720131682515528e-02 1.001599735227224758e-01
3.116964633327557258e-02 9.072778258301240906e-02
4.026893739925546667e-02 7.615449474946785202e-02
3.662727328996875226e-02 7.771955187839350854e-02
3.044288838187441532e-02 9.654503508354833619e-02
3.034390988023699665e-02 1.313334813851181615e-01
3.186177406719505750e-02 8.754807000100504888e-02
3.292747993717612398e-02 8.214826097123287263e-02
3.296583805778056930e-02 8.095991771350014021e-02
3.416399312978072450e-02 8.053981228539246195e-02
4.080018332310262480e-02 1.064662563442770465e-01
3.340189738157094135e-02 7.887213422795670559e-02
3.645688189099983295e-02 8.271548502632576627e-02
3.079141027628204061e-02 9.437848283043359654e-02
3.041781448820248673e-02 1.141644497884854170e-01
3.174643654286275762e-02 8.621556474977994100e-02
3.027124570553048691e-02 1.050059407146110846e-01
3.512032167008408146e-02 7.864844721957378604e-02
3.324553562662840855e-02 8.086716756832400266e-02
3.065023768103047885e-02 9.464914266413891608e-02
3.012354496354406955e-02 1.241968827355488386e-01
3.016421251835321379e-02 1.174711043121556692e-01
3.010977872071434261e-02 1.380718346600781632e-01
4.102208393184261087e-02 7.780509337226711175e-02
4.191439874738718541e-02 7.752846534088377040e-02
3.775469277520668299e-02 7.785582158771282846e-02
3.343351479826727618e-02 7.801491426437701104e-02
3.363897293564452329e-02 7.893990588574581468e-02
3.363897293564452329e-02 7.893430528580611116e-02
3.012675586897706204e-02 1.313959694044262716e-01
3.174643654286274375e-02 8.428441063179170634e-02
3.193011549258381598e-02 1.128077497500627885e-01
3.781300692008911918e-02 7.859791620035838644e-02
3.790732969162724508e-02 1.264971742648483277e-01
3.407491665777078599e-02 7.879236231716550687e-02
3.027357570355578009e-02 9.953602647163288519e-02
3.174909318933261809e-02 8.617802836420979107e-02
3.119544332002536710e-02 8.950432703961988534e-02
3.277103311457736645e-02 8.520070310411428927e-02
3.271088542327604820e-02 8.465084606105120757e-02
3.102852345989520061e-02 9.271585133116347355e-02
3.441963716225026476e-02 7.864608515945387124e-02
3.113149770681792813e-02 9.573520335755052180e-02
4.211355997525684930e-02 7.708814127801323635e-02
3.466758998479906040e-02 7.825992305317593101e-02
3.372964608242176587e-02 8.373627277856553197e-02
3.294637107732278913e-02 7.895870520414173532e-02
3.028937994377634349e-02 1.061899804295266120e-01
3.085846246586730277e-02 9.528366510377937748e-02
3.195216090871896841e-02 8.668147587161831313e-02
4.402781918143787443e-02 7.657704714297458581e-02
3.206747474628249966e-02 8.497374593365047968e-02
3.064239933633527285e-02 9.570438833304044379e-02
3.328069791126056498e-02 8.486673128205241001e-02
3.400376303321703264e-02 7.838590614081951402e-02
3.832399820788785078e-02 7.864566670118755543e-02
3.014231796976224800e-02 1.126095688968793279e-01
3.014233143153295311e-02 1.214650423888531533e-01
4.057304779078264867e-02 7.690325974421581556e-02
3.297337008031089173e-02 8.210297028574208011e-02
3.051815077818361907e-02 1.029282300110102855e-01
4.283912031052724417e-02 7.655783066260705982e-02
3.089194763130993088e-02 9.496104242806856222e-02
3.170109869744220515e-02 9.044443278906470762e-02
3.336323713720592415e-02 7.941881967582532786e-02
4.646308208588476735e-02 7.720896377827175805e-02
3.030956407199230165e-02 1.001617415214742651e-01
3.014235421043347934e-02 1.237793517582187475e-01
3.127083825206370543e-02 1.028619533127487912e-01
3.052960744532131135e-02 1.272437380867695866e-01
3.332850612205334045e-02 7.887567747958527942e-02
3.459695250073609868e-02 9.697796543200805364e-02
3.018427487812994775e-02 1.325720748492964784e-01
3.109388692891310035e-02 9.473363058758360600e-02
3.160455567974138763e-02 8.646442136298242154e-02
3.984618659631301851e-02 8.586975257570160502e-02
3.033995078396017203e-02 1.024291332232041274e-01
3.306992450032413683e-02 7.909891790661006949e-02
3.015801930151596616e-02 1.092014347395513785e-01
4.976205802802560751e-02 7.696798320352081502e-02
3.155016412564871919e-02 9.189985144472444245e-02
3.113375275755803431e-02 9.536850355136719526e-02
3.057556707949470043e-02 1.000843283208481677e-01
3.074430693000373971e-02 9.380937018405115235e-02
3.171357294128968052e-02 8.610704996971113578e-02
3.048767499662732514e-02 9.651340014844965454e-02
3.223566293545066658e-02 9.273216014303321819e-02
3.014231796976224800e-02 1.147414144186647417e-01
4.117598494028576472e-02 1.592295749954606154e-01
4.266314794719452269e-02 7.660648144210363553e-02
3.294637107732278913e-02 7.842565770942430681e-02
3.662678532938857395e-02 7.863786099253991524e-02
3.018470615545144550e-02 1.131612361959741381e-01
4.957293371491496015e-02 7.513180001522805351e-02
3.038961059427473799e-02 9.690956448445814386e-02
3.102495779449473967e-02 9.719158108099772153e-02
3.177100825949118190e-02 1.270319332948192381e-01
3.159321005703197294e-02 9.882135321518611959e-02
3.901794827315673703e-02 8.235019047780468837e-02
3.116715720817106808e-02 9.072415976318777553e-02
3.091175620382836942e-02 9.593031299535315082e-02
4.833921778273879422e-02 7.731705224658674824e-02
3.152348102728618623e-02 1.147002499912401080e-01
3.452731754020112176e-02 8.095548849072536912e-02
4.808724662712514364e-02 7.533421843224223646e-02
3.008139274021266046e-02 1.323212228653944389e-01
3.033083229980090487e-02 1.040501264307489293e-01
3.033924840961769315e-02 1.021062467985889149e-01
3.367821426940229013e-02 7.788034006404598308e-02
3.979726905007219956e-02 8.391987571248260558e-02
5.000667139669038447e-02 7.835743964502728254e-02
4.952863516979277153e-02 7.573073340959697586e-02
3.043650287555592707e-02 9.662692639965130004e-02
3.027124570553048691e-02 1.050059407146110846e-01
3.027357570355578009e-02 9.953602647163288519e-02
3.034654324419009883e-02 9.965591626148871673e-02
3.030198980786691365e-02 1.255493155435687402e-01
3.047049443890322701e-02 1.188008060822135364e-01
3.297150212021507376e-02 7.898881416280761902e-02
3.012977177361869999e-02 1.130142153041134301e-01
3.037915906702862504e-02 9.856461806974579909e-02
3.012675586897705510e-02 1.406970617241414812e-01
4.417808792353340036e-02 7.623182077003985702e-02
3.117485842078398378e-02 9.087022879848739854e-02
3.174582114400399668e-02 8.278746314253361549e-02
3.009185018655288063e-02 1.381716527513959514e-01
3.271319696334701321e-02 8.265967238397822769e-02
3.025236307866401367e-02 1.124323085660468707e-01
3.025805436791204062e-02 1.049830579260521979e-01
3.009057162553632064e-02 1.322723895429326613e-01
3.662727328996875226e-02 7.774459451003028210e-02
3.008139274021266046e-02 1.323212228653944389e-01
3.027129301191540042e-02 1.050060227676113261e-01
3.021980835577161087e-02 1.319270814660380431e-01
3.349609797505267994e-02 7.811609386965487345e-02
3.578843988323223563e-02 1.121480098028786593e-01
3.008598240721097397e-02 1.237228732582004304e-01
3.271275212129445831e-02 8.395601064947905146e-02
3.029132858793643496e-02 1.048370066653073057e-01
3.877412638986196813e-02 7.958254127623931584e-02
3.030091314692977614e-02 1.059014477765721773e-01
3.773277379227595735e-02 7.792669606596806797e-02
3.154965851509404506e-02 9.013239917159586445e-02
3.100972512712775811e-02 9.260496914741084273e-02
3.011902491627741277e-02 1.077750374114147536e-01
3.021978638750999133e-02 1.094333980129422457e-01
3.009114181113582698e-02 1.308525190609438893e-01
3.173801998207410185e-02 8.646020889096772688e-02
3.028948892190931608e-02 1.073242653912493266e-01
3.013569046480940941e-02 1.157457273062256070e-01
3.356268191505298870e-02 7.799732094922395831e-02
3.783765238607358916e-02 1.054072675507835288e-01
3.033837697901925132e-02 1.591067237921665878e-01
4.042719784527847721e-02 7.996169311369191735e-02
3.174655269778099698e-02 8.428456482630228286e-02
3.361874291749760574e-02 7.851140477711748833e-02
3.160732857890605207e-02 9.177507489806339958e-02
3.174643654286275762e-02 8.622121026919378484e-02
3.013852064239493436e-02 1.113214454702864675e-01
3.011586926099756034e-02 1.525982936021754166e-01
3.059035290209088584e-02 9.694479330835546749e-02
3.048872366954429383e-02 1.115975974872970983e-01
3.053122910774709250e-02 9.486637293867251908e-02
3.153334485691706990e-02 8.734522420592720493e-02
3.054355165898205507e-02 9.988040263885183956e-02
3.018582835535190204e-02 1.131193057337556707e-01
3.117062786137801342e-02 9.136890621713773808e-02
3.343340667263032528e-02 7.827354038228702404e-02
3.008117107087011216e-02 1.321665765860133290e-01
3.155018374840729001e-02 9.066940588960306635e-02
3.065023768103048579e-02 9.345260398562478532e-02
3.030439433260422727e-02 1.053049530277051921e-01
3.010338927054501124e-02 1.077576980616531815e-01
3.669612105028574600e-02 7.688513015036554932e-02
3.185076708074408708e-02 8.720379382598165974e-02
3.176748767890960612e-02 8.270148292337785312e-02
4.425881901998512252e-02 7.588636547635498053e-02
3.027357570355577662e-02 9.950749400739054840e-02
3.732585115651775726e-02 7.664922481985843306e-02
4.121797605450398805e-02 7.739158963829624593e-02
3.347446414001155335e-02 7.888941589629842877e-02
3.848502592139745049e-02 8.282368170795076368e-02
3.052138839831676498e-02 9.452888083438545919e-02
3.014168907357741081e-02 1.347097730393983228e-01
3.149630053891851189e-02 8.745123189809543562e-02
3.701349373809197790e-02 7.727557724767630809e-02
3.272918038941927815e-02 8.305560306085818523e-02
3.012339273080803445e-02 1.241965689021149871e-01
3.294637107732278913e-02 7.895870520414173532e-02
3.013852064239493436e-02 1.099508344192891562e-01
4.276137765371591792e-02 7.639351194195560801e-02
4.952863516979274378e-02 7.525214523866202709e-02
3.063645868841290490e-02 9.432346777874345278e-02
3.595355308989672122e-02 7.779005768050285818e-02
3.149921363889104931e-02 1.128849720427014952e-01
3.393700630183187072e-02 7.764624296133423864e-02
3.343807465435483239e-02 7.803431302580556006e-02
3.007649196174132927e-02 1.621369771035183482e-01
3.007976044617551373e-02 1.323176327519455797e-01
3.008139274021266046e-02 1.323212228653944389e-01
3.175271210245589337e-02 8.578906205296872589e-02
3.075509238767278053e-02 9.736124062957661474e-02
3.333055217314532387e-02 7.867375107693858061e-02
3.818375555666014137e-02 9.093817110074449428e-02
3.306999984857531688e-02 8.553256072716568237e-02
3.100959499532941407e-02 9.216373285175426255e-02
3.116964633327557258e-02 9.072778258301240906e-02
3.034654324419009883e-02 9.965591626148871673e-02
3.027357570355577662e-02 9.939956041005698628e-02
3.030720131682515528e-02 1.001578372857585553e-01
3.082452606044691276e-02 9.442922151588106772e-02
3.025945867628797997e-02 1.304067508460182157e-01
3.008139274021267087e-02 1.345676525670478629e-01
3.160856274973650182e-02 1.303705189542784526e-01
3.149057617371011503e-02 1.029698919690744952e-01
4.972853320099891034e-02 7.613479693287755756e-02
3.294637107732278913e-02 8.054780981118420113e-02
3.027357570355578009e-02 9.953602647163288519e-02
3.135047929420886614e-02 1.002845252648914692e-01
3.294650751673213612e-02 7.895736482320078742e-02
3.044623700454719695e-02 9.412315578384491954e-02
4.951659535096773063e-02 7.759356393272050234e-02
3.125992223999177200e-02 9.121077670038590934e-02
3.129101520576124673e-02 9.942390783358152906e-02
4.023534463975356190e-02 1.268616539864891035e-01
3.835599789732908882e-02 7.849631724751003625e-02
4.082226168549287632e-02 7.585776693010334859e-02
3.336281556790408886e-02 7.921374199514780168e-02
3.012438931621093732e-02 1.317253394866237104e-01
3.014208136522863318e-02 1.078433673871806442e-01
3.027357570355578009e-02 9.955059358519552370e-02
4.808724662712514364e-02 7.532510825749832994e-02
3.027124570553048691e-02 1.050059407146110846e-01
3.027124570553048344e-02 1.075446467143547219e-01
4.952863516979274378e-02 7.525214523866202709e-02
3.359625670994238061e-02 7.790278954243573528e-02
3.116964633327557951e-02 8.911211987135636559e-02
3.013447136722173861e-02 1.351397162296743559e-01
3.043634412015039370e-02 9.414223722859460519e-02
3.273204426183337623e-02 8.338847473003908883e-02
3.043622011267574021e-02 9.659677216527384758e-02
3.044649116989917720e-02 9.789926463657058764e-02
3.175169868588298416e-02 8.427373460611511935e-02
3.043556084401569106e-02 9.663938085906972897e-02
3.043417406014203158e-02 9.688240878058426708e-02
3.036541298637752614e-02 9.936712449805874814e-02
3.647985928976755360e-02 7.822374887078741013e-02
3.058558994407028706e-02 9.450927391817742773e-02
3.116493910132618270e-02 9.072093128038923038e-02
3.026797134178758203e-02 1.050002611766660265e-01
3.100644493410987731e-02 9.268285834298797821e-02
3.012977177361869999e-02 1.130142153041134301e-01
3.025498206210653143e-02 9.924024875946045599e-02
3.160279951107802104e-02 8.526374331181246768e-02
3.418355305430736957e-02 7.672713071659462147e-02
3.034654324419009883e-02 9.965591626148871673e-02
3.049970394945012223e-02 9.596663946020715652e-02
3.830231031605678405e-02 7.739336436892933768e-02
3.155466365855590094e-02 8.951486966318608629e-02
3.270784403903383153e-02 8.301532312591737572e-02
3.343351479826727618e-02 7.801491426437701104e-02
3.034471098341150197e-02 9.710728336582508113e-02
3.076266578114005695e-02 9.984695283099304097e-02
3.072088163434167143e-02 9.731315592666046899e-02
3.064956606645505635e-02 1.088935646182193906e-01
3.042880178168087119e-02 1.420253104776722231e-01
3.343139945793539153e-02 7.825145421098532450e-02
4.363935609676572458e-02 8.095933553267659066e-02
4.763350559961349734e-02 7.537498431195265025e-02
3.179958365555474176e-02 8.417254028448888092e-02
3.008577365128995568e-02 1.224161889450616630e-01
3.101019137232292541e-02 9.248005649812036932e-02
3.171357294128968746e-02 8.302393922127469794e-02
3.160279951107801411e-02 8.847693021476235598e-02
3.051584209568809422e-02 9.609121325072798869e-02
3.120785311514070667e-02 9.116336845738533257e-02
3.080181842046801968e-02 9.198495475913820441e-02
3.338495172438656761e-02 7.815167872459749532e-02
4.135166796060038563e-02 7.596566615788701016e-02
3.014440676530089069e-02 1.325585041828471755e-01
3.343351479826726924e-02 7.763801806810669004e-02
3.595355308989671428e-02 7.862280919749162211e-02
3.128667406103034787e-02 9.123534883573183873e-02
3.107673331341693351e-02 9.283882129680297302e-02
4.181306556738074304e-02 1.459664618808854397e-01
5.205051722680999193e-02 9.670010386098387700e-02
3.128423861027160302e-02 1.086846968868413615e-01
3.172886043835349695e-02 1.336464755940786342e-01
3.343351479826727618e-02 7.801491426437701104e-02
3.058558994407028706e-02 9.450927391817742773e-02
3.153187285145962054e-02 8.725144286537447891e-02
3.007871023272154151e-02 1.621429561712343370e-01
3.523007418136340357e-02 7.930618787680246418e-02
3.825153973201088353e-02 7.715119820030649778e-02
4.417803073678953918e-02 7.588695803341867496e-02
3.356268191505298870e-02 8.054142033501320019e-02
3.067026619678448959e-02 9.676822304165616506e-02
3.051254949796130406e-02 1.003813203169864193e-01
3.100644493410988425e-02 9.466411836120633416e-02
3.323167253508221147e-02 7.932573757048065610e-02
3.344836174385040078e-02 7.774135137271132034e-02
3.983587446287405881e-02 9.084753026308742263e-02
4.454425517039865834e-02 7.619898766670112067e-02
3.136970047318755200e-02 9.395515036602808401e-02
6.500760999372091897e-02 1.459180561908120788e-01
4.952863516979274378e-02 7.525214523866202709e-02
4.718834658120382025e-02 7.565285192592759167e-02
4.999804722868435303e-02 7.465200688185398559e-02
3.330493596147909852e-02 7.864291778602888749e-02
3.259142241864024236e-02 1.065500004459198624e-01
3.068839038124794236e-02 9.660279090706000438e-02
3.163446854956140225e-02 9.143968996052258269e-02
5.000693753454348023e-02 7.941986807276632532e-02
3.294637107732278219e-02 7.841803721669306226e-02
3.624094810006595058e-02 7.824573235963307172e-02
3.300741020039821977e-02 7.850727088755803107e-02
4.494970767991756516e-02 7.580515320757717779e-02
3.043939552965100118e-02 9.579554376782176139e-02
3.235786926775580108e-02 8.006719395587905130e-02
3.100650209542183192e-02 9.088610297692006901e-02
3.230333572788512270e-02 1.322871124770496620e-01
3.334644010648957907e-02 9.006513144189284836e-02
3.116877789083578876e-02 8.688465763047881207e-02
3.242893425480130459e-02 9.562104395020307179e-02
3.052500433129523918e-02 9.326147598497866453e-02
3.018861682188136650e-02 1.467390233009622513e-01
3.076073544626182349e-02 9.313765482659824846e-02
3.043996282264880421e-02 9.975165274614561373e-02
3.048321215474381757e-02 1.334726656386525379e-01
3.048899991525778896e-02 9.293631011999836655e-02
3.398855363906876786e-02 7.794310805833923328e-02
4.911947679076543449e-02 9.142847519831184822e-02
3.723116555426311813e-02 7.856478718504418535e-02
3.007976044617551373e-02 1.323176327519455797e-01
3.011227424191206120e-02 1.339274494195559495e-01
3.209063198250708404e-02 8.687535293813952730e-02
3.025805436791204062e-02 1.049830579260521979e-01
3.035305005530444106e-02 1.024240013102632324e-01
3.039764308000291945e-02 9.626588556241352790e-02
3.104125467820184267e-02 9.716576923062536508e-02
3.413900568333063518e-02 7.977612511360084036e-02
3.155376298380108135e-02 8.760299074950650411e-02
3.332837777365160736e-02 7.860413230726717715e-02
4.894750076080275902e-02 1.369649058268663233e-01
4.391229865164596874e-02 7.777568912601361129e-02
3.024532266394902580e-02 9.910381179407343200e-02
3.343715879045878331e-02 7.804448327198554303e-02
3.293879393085356877e-02 7.841663876754788320e-02
3.196700814199734259e-02 9.114243977988931156e-02
3.517485950658368749e-02 1.254844959848062935e-01
3.007976044617551373e-02 1.350043080901912884e-01
3.430217932937123376e-02 8.212766735806432961e-02
3.043981951046581882e-02 9.615132559815173230e-02
3.314643327610285878e-02 8.025256594721444370e-02
4.521251124445831854e-02 1.021465052322082651e-01
3.669612105028574600e-02 7.688513015036554932e-02
3.117573307819022921e-02 9.789154090162657806e-02
3.113596809959973816e-02 1.014024925463097582e-01
4.494970767991755822e-02 7.579682921692784681e-02
3.343338531792813123e-02 7.763745740157457220e-02
3.149642845645840572e-02 8.708749301958187972e-02
3.293845387374379208e-02 7.836221804923586276e-02
3.732603861716365934e-02 7.596772117841392447e-02
3.016450974685919856e-02 1.039645360730419160e-01
3.990027845546911811e-02 7.630378935873724511e-02
3.669612105028574600e-02 7.686072439184062077e-02
4.418248745035987385e-02 7.612503265346960701e-02
3.056663644088558271e-02 9.331398537966384410e-02
3.019269684926734545e-02 1.001830432652388719e-01
3.185422858914003369e-02 1.257920394913458473e-01
3.016437262931752697e-02 1.355526858308805094e-01
3.418114330216204255e-02 7.672442600632299603e-02
3.100885883599722309e-02 9.190986479343524196e-02
3.149630053891851189e-02 8.414177270090676675e-02
3.065621023169974591e-02 9.758460298298145263e-02
3.393228870326137764e-02 8.001317022638317067e-02
3.350234602667660072e-02 9.887385047498459256e-02
4.382354472503607878e-02 1.269620976034997462e-01
5.478177645329225520e-02 1.029465594796049044e-01
3.025498206210653143e-02 9.924024875946045599e-02
3.090946093645048631e-02 1.337337574272528251e-01
3.343351479826727618e-02 7.801491426437701104e-02
3.343351479826727618e-02 7.801491426437701104e-02
3.009896728713474731e-02 1.299734299466396015e-01
3.344091724807211202e-02 7.907623683992266728e-02
3.300429631740291192e-02 8.079153020091651982e-02
3.009203855862965446e-02 1.316853141358241830e-01
3.343987324000978478e-02 7.699525038967049151e-02
3.189548492627452408e-02 1.127332738252474625e-01
4.430314299227184477e-02 7.548011965300732706e-02
3.343358004548871443e-02 7.800145675886749341e-02
3.044780150913500502e-02 1.221418751404616393e-01
3.005925285383461570e-02 1.347917589940359484e-01
3.332157021758969107e-02 8.040122393114786103e-02
4.138474705571498768e-02 8.578269570742635963e-02
3.056877211826136351e-02 1.129667262162676600e-01
3.099560283852350814e-02 9.322142373796572790e-02
3.105449941761365129e-02 9.771791135871166212e-02
3.173751240848299987e-02 8.282336707923136643e-02
4.999965170314930873e-02 7.464988546922350643e-02
3.669612105028574600e-02 7.680382320593263923e-02
3.433564926788263555e-02 8.024722224163143014e-02
4.878602926515211019e-02 9.805209427685804280e-02
3.623881866864788609e-02 1.165120718207800637e-01
3.100470608860445704e-02 1.022954183369290254e-01
3.199573191399579519e-02 9.248503652356186711e-02
3.032176778434172645e-02 1.328945073900726359e-01
3.504001383868695502e-02 8.315091447661386581e-02
3.023011754694857056e-02 9.942310082579197683e-02
3.044624239449304076e-02 9.412240560854710780e-02
3.415644811490999022e-02 7.758247193698555866e-02
4.059493545684729476e-02 7.612928630223640691e-02
3.012712482602638089e-02 1.322674920397942100e-01
3.297516695639203521e-02 7.836906095786760895e-02
3.007976044617551373e-02 1.323176327519455797e-01
4.823892217630160878e-02 7.493476677963462063e-02
4.480217667466104142e-02 7.620321963676332522e-02
3.010797918373485718e-02 1.587326980234947671e-01
3.007857621226082273e-02 1.621213957921573967e-01
3.343351479826727618e-02 7.801491426437701104e-02
3.282699736626702031e-02 8.306745767362175292e-02
3.271356325909342833e-02 8.251110100579310547e-02
3.100644493410987731e-02 9.265602812638984442e-02
3.202349033936926354e-02 8.675637294284054002e-02
3.297684532808999730e-02 9.495008481966348002e-02
3.122401861834453451e-02 8.736969323130594489e-02
3.222292813021981200e-02 8.349374654989442923e-02
3.008598240721097397e-02 1.236539294627859442e-01
3.008577365128995568e-02 1.224830754057329579e-01
3.293878508747278416e-02 7.841662396038129312e-02
3.160279151890310612e-02 8.526375772059471836e-02
3.253330881948619802e-02 8.317434568662858407e-02
3.100599676428205873e-02 9.608388006449554430e-02
3.203818105281627110e-02 8.384343423327829392e-02
4.991509686312016469e-02 7.485859260114480218e-02
3.010960107290752696e-02 1.109298297847150228e-01
4.965911838525194355e-02 7.511440074303096792e-02
3.418355305430736957e-02 7.672713071659462147e-02
3.007976044617551373e-02 1.350043080901912884e-01
3.657961881155750300e-02 7.674750504422606090e-02
4.427969883383039984e-02 7.603780463425796610e-02
3.197676466228853431e-02 8.350132836304130501e-02
3.133839005527464666e-02 9.346557718067298459e-02
3.043718953270202823e-02 9.325624686610388403e-02
3.044623700454719695e-02 9.502627525497374383e-02
3.112859250394895208e-02 8.882810237294544442e-02
3.046110715475004380e-02 9.620319615503895860e-02
3.343351479826727618e-02 7.801491426437701104e-02
3.007976044617551373e-02 1.323176327519455797e-01
3.278416434610693930e-02 8.274408189457740925e-02
4.946709197206073522e-02 7.542275893053100588e-02
3.254880828401009174e-02 1.102315107993707133e-01
3.121540450469854205e-02 1.213853785613280417e-01
4.196771335381595941e-02 1.511327493150352030e-01
3.637245919556710699e-02 7.985545433739073273e-02
5.131487941400219438e-02 7.486212706735254074e-02
3.865256679892711822e-02 7.662271436315351569e-02
