# $NEW GRAPH$

# $NEW TRACE 2D$
# $LEGEND$: $$
# $LABEL X$: $Objective (or constraint)$
# $LABEL Y$: $Objective (or constraint)$
# $BEGIN DATA$
330.66049219379806	-75.93236670603223
368.73698470391986	0.0
181.81001856829866	-41.75022581435174
308.3445180975315	-70.85266540242269
320.18164419254424	-73.54377830693652
337.7143579464606	-77.56570285758941
142.63303378253954	-32.768691435452595
244.5531377394605	0.0
456.4144058975035	-104.83587043326123
456.550322751748	-104.92110270659786
386.48380240387445	-88.85793261198388
326.7883041026624	0.0
352.6366601184373	-81.22836190955854
125.25557033884864	0.0
560.8781718280377	-128.14038803549275
84.50052987888917	0.0
97.50626677249416	0.0
286.64642709199546	-65.83511475404092
55.033555353129984	0.0
123.21427776761696	-28.332630532562234
233.6009036072676	-53.70808852420689
241.9452458456238	0.0
466.7502371833957	-107.19657497639999
370.170583552615	0.0
462.9270803377313	-106.32884531543813
174.93789822300494	-40.23133563422674
157.8396390165505	-36.252481881305094
403.9691055405883	-92.78747536718375
429.64303093043696	-98.6947390366635
41.248394739325896	-9.470686484183846
103.87049789599098	-23.85737821160199
616.2539079602026	0.0
240.2733785813123	0.0
138.74193949749755	-31.86826656428161
339.76198264828315	-78.02682265315666
4.467709569852219	-1.029101238170983
392.38078479315897	-90.11947242838531
488.63596047056456	-112.21838805449516
551.2115027580501	-126.61053792667057
275.5193006288563	-63.27298520958774
135.7759806859592	-31.197504518724934
167.21098732187556	-38.43862972938333
92.91943768439026	0.0
358.8036205793023	-82.40749108629844
285.1565372436777	0.0
211.89053687684805	-48.661501819471376
449.3061420277937	-103.18894970498296
591.3126808572994	-135.94105006972686
42.25011924382761	-9.704580147152356
15.020417130277249	-3.450173236134023
272.8536922038244	0.0
202.06653900822343	-46.40628758588431
41.04533131313923	-9.44597228638713
370.9573905605014	-85.20336824471272
262.98372198358936	-60.39642758506781
100.93438973526011	0.0
537.9036716095977	-123.54060749305941
285.19921669141587	-65.50277571486197
186.8108550476283	-42.903507215209174
567.2828100729115	-130.36518613828835
273.290987472496	-62.7628127559488
572.2806146784711	0.0
381.89219615930824	0.0
220.62997968986195	-50.675600780229146
316.25824766834216	-72.68257511719158
572.3742882345052	0.0
332.91385612020207	-76.4598415660654
133.5433088781471	0.0
470.24865026199257	-108.0206262709604
101.90724998961917	-23.40318108867029
68.82124212737781	0.0
291.88142948246485	0.0
256.70105663785813	-58.94908240985822
282.0218003507681	-65.00236681963598
6.788801131321986	0.0
167.81009690757946	-38.564204217521954
74.60693766717516	-17.13544221981343
115.83288611162743	-26.60163156072766
59.23026666022963	-13.601791291492976
108.29212026016262	-24.87399710713659
485.3418392226815	-111.45771404133889
459.10329127165494	0.0
110.47248985446357	-25.4013247089678
27.456195733007497	-6.306929124449953
140.38328585003734	0.0
131.91473329133524	-30.296243819323433
201.9688874206605	0.0
149.34981799139638	-34.30016556938911
271.900088155602	-62.45441726215917
206.76184926737906	0.0
366.50945874748294	-84.18407154023969
268.03446550639626	-61.55247085100364
437.3133185742511	-100.44892834401382
395.41965897395835	-90.93137585094183
67.35654274204009	0.0
359.79988190947773	-82.6439177815773
117.9699700209434	-27.09339821240839
392.83708196373493	-90.24050598702816
11.881072322722083	-2.729112784410208
163.25710580769083	-37.493405487667275
392.81112171658543	-90.24026343379096
83.60741603905734	0.0
329.7307659213793	-75.73135018004896
403.6868989871407	-92.7266962363317
139.50391277836357	0.0
182.78743429678443	-42.00139707840662
183.47573558032644	-42.14326865438358
135.57568655334157	-31.156441721107704
579.0071133970789	-132.97267792677243
323.7729033930469	-74.43983590603723
430.76945532940096	-98.93530812236185
358.8309439042891	-82.42177105145196
366.50946382644963	-84.18407154023923
337.71432054443665	-77.56570285758869
359.8077494467805	-82.64392433142135
339.7619746115324	-78.02682265315683
249.17599358280933	0.0
251.54267508358845	0.0
312.0028647898687	-71.69329527876201
98.49059677074817	-22.648118194866182
149.74047035164713	-34.44549039803624
290.9621673315859	-66.82637424229874
303.1332328703136	0.0
50.28062233234565	-11.549267926490215
147.68095831546108	-33.91618227701927
342.0253824087993	-78.54993300435717
307.4152722568936	0.0
395.41965897395835	-90.93137585094183
104.02133582900576	-23.88958709345894
149.30160896664464	-34.29278278223232
344.5436529784063	-79.12490849181445
6.386260422287928	0.0
84.50052987888915	0.0
3.2676248832749137	-0.7526713096902934
77.71644877121511	0.0
305.9478642580844	-70.26882996052866
127.69241388545422	0.0
268.81161742543577	-61.73016791603609
455.24018147522327	-104.62001548667021
42.25011924382761	-9.704580147152356
42.25012724567424	-9.70458014715243
101.90704380666	-23.403181088670163
310.7575439575378	-71.40518073461209
268.03446550639626	-61.55247085100364
14.820247634485845	-3.404194523886554
154.68274360108973	-35.52316699898599
257.80626021554434	-59.21539199959092
102.42592336558855	0.0
4.4099280480816425	0.0
145.4061972541835	-33.394594967596376
175.2262327792924	-40.260268653132
233.58305785083533	-53.69818487146012
15.019675710874502	-3.4500280499478126
93.8016884866793	-21.540861818238955
110.51323459356098	-25.40625636075851
275.8790527310143	-63.355602250887664
429.6275506315837	-98.69473863195451
359.17282581064313	-82.49988668184072
463.66198152480274	-106.49130146074832
462.92732188044295	-106.32888814595024
350.3040475737958	-80.45376820623743
365.1848582755713	-83.87331564283211
242.09864806674094	-55.617842232324264
358.0028963535844	-82.22358637991087
456.4144058975035	-104.83587043326123
22.12663656892811	-5.081252998644659
332.2866932619514	-76.31580198376383
328.10840860406864	-75.35322252075218
437.0969707385601	-100.42937808942678
110.14282406869363	-25.299395400600154
66.21576855142224	0.0
466.75270770877876	-107.19657499183641
157.10577444215613	0.0
591.8380232100931	-135.94259091726104
540.6074751417718	-124.28316665332932
184.60715787683657	-42.39697977566488
577.0897277806488	0.0
167.21098732187556	-38.43862972938333
4.653837846250598	-1.0703534090290425
211.8954571921118	-48.66202019796709
112.6753904693343	0.0
281.159495723486	-64.56984738729052
202.06653900822343	-46.40628758588431
190.75482052641237	-43.8093469294469
260.5192041784442	-59.840271387767245
427.88314957523494	-98.46554725578741
145.3123220506768	-33.37155433475029
291.8748347398149	0.0
11.881086582764578	-2.7291157964877684
396.0275403144958	-91.05586060236345
454.70553649557934	-104.44294097705513
472.2597972818568	-108.45570790941848
282.0218003507681	-65.00236681963598
84.90174782650877	0.0
74.6062080123872	-17.135334492748377
445.2263145477621	-102.26491601017075
131.89364720168788	-30.296237658963225
# $END DATA$




