# $NEW GRAPH$

# $NEW TRACE 2D$
# $LEGEND$: $$
# $LABEL X$: $Objective (or constraint)$
# $LABEL Y$: $Objective (or constraint)$
# $BEGIN DATA$
0.2489511476574744	0.1450334080993972
0.1973923655577156	0.2092730881185503
0.10989454772410773	0.47193681522588665
0.07311729699152378	0.061791494140067224
0.0	0.10072686761732177
0.03859887191236593	0.21686940094749793
0.12931724292334784	0.0914365682996954
0.05849178130733578	0.06697483906248343
0.04814154672320838	0.080097396320476
0.31022955939638314	0.5094491587513867
0.14516359705826684	0.2691723154653552
0.2796976975294944	0.11506090015621737
0.10596351746256569	0.0851457860983691
0.1989286241613931	0.25255340337261284
0.0	1.5087511382949
0.11805583825026195	0.1896675620631497
0.24798525439727231	0.1435817986778247
0.38174149557032766	0.8499551072878436
0.14218888011142217	0.17220410683088314
0.05576552029283473	0.10856535257302281
0.0	0.2901455506381582
0.04399201017351191	0.13324744519455736
0.09156296666056866	0.3535265715393869
0.2907942540929033	0.16613338317657889
0.07930934050851002	0.0686043740113654
0.10070041408001065	0.13538032664525365
0.03449313136109123	0.2143535943248662
0.039172992224058435	0.09924710868127114
0.13876918986426906	0.1427897955416422
0.27285559665388126	0.09975089351881612
0.05272099910856555	0.12295213515116796
0.2569831222861782	0.12105829589464726
0.09777400483736708	0.11135167609112144
0.1337495790888658	0.1266501112907543
0.12349167677515535	0.16733977266473862
0.3221954309033628	0.23291387723823678
0.05462669651124859	0.11189978691015047
0.36282693849955594	0.15892707416455365
0.2137985975728912	0.281817536219036
0.04403151848405336	0.11916487712048153
0.3118107641059574	0.32367574934801957
0.030792979877143477	0.1075478782555872
0.26337677717199715	0.1572329788588007
0.37520974361337706	0.18311101985010036
0.045144597899936974	0.09093687645536054
0.0	0.10483673127264934
0.3079618300749001	0.6167521316900657
0.10906768080920558	0.4945743257098402
0.06651681948542776	0.24900661792094725
0.05247309664317391	0.11849290521736972
0.03114454206966651	0.061623774613263384
0.35649842281480315	0.17957987123877545
0.16653835924406923	0.17788491438414472
0.03578314976274163	0.07234308210915476
0.06317300803088996	0.08767109855991159
0.0564821382403911	0.1652293617354925
0.07165954083838956	0.08398203699115653
0.08093085961721062	0.09349657239005607
0.20817121982319975	0.11138217100313663
0.08203181903241476	0.07986173237538795
0.0	0.09388856513376162
0.08830161503354744	0.21394431598290387
0.07412591762162916	0.06668148806488586
0.0	0.12185368381666238
0.06434387936779602	0.0641016339545775
0.10364759713843752	0.1004106633801518
0.185611197692624	0.22675265066074307
0.30172425403487046	0.14663692852452623
0.08725566691691558	0.251539645405182
0.29107953557940014	0.22162083710595706
0.06618072347465681	0.1671351433158768
0.13213336572061146	0.08369649518986383
0.3922275399051226	0.6029929756795314
0.03959522436816529	0.15082742250503414
0.0	0.23655721781591052
0.2909577777402043	0.12804407157293113
0.21582120058179802	0.10649720956809017
0.0479475342693772	0.08465646721737756
0.034882425845963495	0.06453386389761268
0.19754741193679734	0.6090571767543816
0.17709697178130446	0.24798444287684185
0.18219689796936286	0.17148347404909742
0.03666939697859436	0.1236365508371062
0.1615192255447623	0.19868699690855235
0.09865384458089413	0.13229094530324212
0.34666133722625303	0.3674205188559252
0.20974484872516022	0.09447340249384291
0.19882233451980416	0.14538493455318055
0.06243625394689913	0.07376528179885038
0.26651086190360196	0.12112927894056795
0.0	0.07605514957000128
0.04402697045974261	0.09796977784473564
0.34556434825591376	0.20519366531351727
0.036689751655041805	0.11970390534405952
0.13451569034522137	0.12531455282301285
0.059290907499325446	0.1465354683437967
0.09862510840697065	0.0726342318654144
0.34264140431095746	1.040370831266136
0.11048877117496277	0.11362024496927442
0.3204184061949628	0.7225929139291752
0.07055469051229317	0.1270863011005926
0.043307866109125515	0.1097299757063815
0.3447339771577914	0.49274469603844895
0.07553415362462093	0.10510475071767914
0.2081480284827338	0.11139082416721206
0.2097676126610341	0.0944684608045582
0.21069077405073522	0.12379302402866847
0.26557759223342164	0.3612255403411776
0.039038484126027964	0.12106715851642945
0.08821009223122482	0.13032822675974814
0.0	0.23340067923264893
0.34515618873478043	0.35978896645468494
0.0822987873156071	0.07193954606627403
0.39243348736327915	0.7235917460630501
0.185471072746144	0.22489397180634332
0.2877675752769204	0.2207953913908073
0.05607424120197965	0.10850517750645898
0.3221954309033628	0.23291387723823678
0.2137985975728912	0.281817536219036
0.03815321560280902	0.12294046083600892
0.14478496419353884	0.08553511668311134
0.08026352607790063	0.3551985455141615
0.30763767144254944	0.45436526531181254
0.11141565317359779	0.13474342801849162
0.09847080358399318	0.09492964934181101
0.10596351746256567	0.103365265990621
0.05648213824039108	0.06590649557796853
0.030808203649665532	0.2969681833944294
0.12318740912778686	0.13624875988803486
0.10438925124419027	0.1370649883866977
0.188439695137463	0.14332930565680757
0.042613245231902575	0.1949528457038266
0.04888886277098302	0.07923224564870744
0.11943041584276283	0.10303689502830045
0.3514118880906069	0.225589218374421
0.37919619909205154	1.0080513867638596
0.2077398299810049	0.23774853948733585
0.0593051320939617	0.16744262930470677
0.057611091637266715	0.14171511997320685
0.24997371723772527	0.1433973558162998
0.0	0.15006295910022682
0.0416197960534478	0.08886905960014244
0.07357521264038522	0.3321999681411582
0.0450748449415908	0.09373406421383837
0.18219689796936286	0.17148347404909742
0.17730602763173284	0.25018429470284
0.09514920333457105	0.0799031661663801
0.03783454746435932	0.1619079770591506
0.2903154133204991	0.16650746874574207
0.3628396938724449	0.15875475727046556
0.1411025204483669	0.12280406784536768
0.0	0.06913950533896734
0.12361135571428593	0.15150098090574887
0.04949490877019521	0.11102097272874935
0.16682155374402086	0.12320656217404544
0.08528627207060036	0.11606963222966982
0.13850874798148188	0.13988081181540485
0.04102632335388414	0.12937415098248925
0.20974484872516022	0.09447340249384291
0.10906768080920558	0.4945743257098402
0.05074844105707855	0.10751716058801795
0.07036910358640928	0.26080970644444684
0.24620836732528226	0.1396822599330317
0.15806228893901125	0.5441627666201224
0.3221954309033628	0.145630289471309
0.23795968651280458	0.192292479433205
0.046367011581225505	0.13979237282940737
0.044938303707589985	0.09354522142110111
0.35649842281480315	0.17957987123877545
0.1805181989114467	0.1524332876355024
0.2195807661240553	0.17053062111704367
0.04399403538123967	0.1073639755133899
0.032015472997782596	0.12336285741189183
0.3017242540348704	0.2680323647191582
0.23018261095040282	0.16477200488268762
0.2869606323375865	0.22792189304984845
0.05248053982893908	0.1160361578060925
0.13213108897302092	0.08921648855856068
0.1393707870268876	0.1410897956257072
0.24875705765790648	0.7042490159958656
0.3063506907777206	0.13180022955951573
0.21363285105724072	0.12703508613920408
0.08652119097500371	0.06672682377152175
0.10906768080920558	0.4945743257098402
0.030335999424493422	0.11038420641519303
0.16495134096356995	0.19696832271678408
0.35490267754219906	0.1791041634475694
0.19755381171300346	0.6090672090782622
0.05918815667952717	0.15389310412347756
0.08096677674355195	0.09165736186362246
0.18491827252653062	0.14819254241173885
0.35496774480340315	0.5235096889837124
0.045150705835125794	0.0909430368640401
0.0	1.5087511382948997
0.09092787905036895	0.1367868680779802
0.04765377229377219	0.09222513917658906
0.10760236907568092	0.13126672501502967
0.048221498974753	0.08015422467009561
0.21058522153041012	0.13329331507211617
0.09865384458089413	0.12418531913138359
0.21107783665278873	0.12499691266006777
0.11633914234794947	0.12229934976117325
0.04981715456001071	0.1195650037923554
0.10403692631723419	0.10034765663033755
0.09494618586850467	0.09860141363512992
0.10905436835340435	0.08235042858118202
0.10595810848402294	0.08516034391865283
0.0	0.10154616177635253
0.30777359254794695	0.24290593394596607
0.06380760534021375	0.1279052256375916
0.15025964825455496	0.14739478629737454
0.05994396483095678	0.07589676928822431
0.03784323831569125	0.15010156910475686
0.04351599247512595	0.16114301605392134
0.09822213016889456	0.2808617724127422
0.04576563550555632	0.12005859716039431
0.09110043265506468	0.070467149410604
0.06171781105873345	0.129077752019693
0.08094715305451211	0.09350601938229645
0.04402697045974261	0.09796977784473564
0.08093085961721062	0.09349657239005607
0.04503832967909708	0.1413496010076017
0.08528627207060033	0.09767658523308144
0.10002174389482778	0.08405201911341936
0.06434387936779602	0.0641016339545775
0.04402697045974261	0.09796977784473564
0.26493890457336844	0.1496846324072554
0.17738138793390623	0.0965083373789128
0.08290954541471252	0.09075640766336139
0.044353373675554496	0.0933651256992429
0.07947216932897615	0.0683304111614941
0.04759400695439651	0.06686581512815168
0.08116865568642252	0.07940151546905445
0.04888886277098302	0.07923224564870744
0.043932596873831845	0.09363711582695987
0.050049968536428006	0.09461206332250234
0.0	0.18876883675090406
0.07777771521519533	0.09014819244841056
0.06846553954238467	0.0752495464935142
0.04367129301768585	0.13822258532000806
0.03784678045719248	0.14899593404888845
0.0	0.12201744128419079
0.0995042805378679	0.07964409428875546
0.055865759048542275	0.3320360394263688
0.24203595541675108	0.11396043546946276
0.036689751655041805	0.11956547624788925
0.14976269053289304	0.1432565188647718
0.06821853345174762	0.10800724575377205
0.0929188735699061	0.08940933091854543
0.05492201716509932	0.11038399660997844
0.0914576331751035	0.13900439189832264
0.0605269749852205	0.13638194923655284
0.05711328373917099	0.06607522696350594
0.21302266539126458	0.0952715232578613
0.059336165251196914	0.15416800932380828
0.033918218113871	0.09221843132425724
0.06434387936779602	0.0641016339545775
0.03783454746435932	0.1619079770591506
0.21593943821307057	0.10622153735661928
0.08096677674355196	0.09165482864683709
0.04514459789993695	0.09128692450754947
0.16123549248411104	0.10639600993283528
0.11141565317359783	0.16786007713518036
0.23434975951328244	0.12277973688652094
0.0	0.10005352100258888
0.044938338408312996	0.08708582912923059
0.0	0.16036900643052193
0.05607424120197965	0.09603662568639464
0.05502034254219499	0.12003903213579395
0.09688824700993873	0.07746590601260976
0.0395064406466755	0.15765082485635937
0.15944220127130718	0.1348693329985365
0.12011247550981959	0.1565833822659574
0.1341824946399976	0.08317320145070277
0.06808040126837261	0.4025873192972531
0.28234990954260597	0.12978844455965965
0.08281350990695888	0.42317676624181033
0.1411025204483669	0.12280406784536768
0.03815321560280902	0.12294046083600892
0.04475592127704488	0.062299393509613894
0.1286748422230952	0.08971900838901807
0.04572851988052659	0.09031694186107202
0.04713784000609542	0.09295174657099735
0.08096677674355196	0.06304026793225569
0.03903848412602795	0.21012477082912154
0.09895042037040053	0.06985262055558401
0.21093852099806754	0.11300902861204491
0.07999844615291592	0.06780161069801668
0.11051758958604894	0.11493110165548061
0.20594795826484252	0.09893797336374206
0.14508723866332923	0.09590699247665706
0.26651086190360196	0.11970155347194492
0.07432317567469228	0.09609029566682398
0.16629143724939807	0.08742525146412962
0.0	0.11971931081339482
0.033683235821441906	0.1711063911050522
0.04148216092455718	0.07227516733021991
0.07957095912278324	0.09059008749087198
0.036618083657704525	0.09334101105174265
0.09856035709044954	0.09537114299761143
0.06644617729274911	0.0771501779184825
0.04765377229377219	0.09222513917658906
0.04351682626304917	0.16114455983644208
0.046684397545195974	0.08724233512613264
0.034779669625996525	0.13710643619993326
0.04468139801073121	0.12212711065661427
0.055935539614437514	0.1103766146302598
0.08869473917560985	0.11362605362683893
0.07392452463820572	0.07753174811265238
0.04355532352872141	0.08988369609710797
0.04508435189678782	0.09374397032506174
0.04539865226881857	0.1495713908296492
0.07154091156435999	0.1312282786875169
0.03129315681923182	0.10144530595184424
0.04247152571867457	0.10319923817840429
0.04272601200141021	0.08902896851206149
0.06416839255378246	0.06490949726169251
0.04393259687383184	0.08342340141767356
0.034650699489923234	0.18396512355165856
0.08094839011809622	0.09024514499471563
0.045160472810493325	0.09088123464091938
0.05847873952165169	0.15648074388669422
0.03952531562064722	0.09063163085945532
0.0713996188026471	0.06304950488614124
0.0	0.1084994528940904
0.03468231757378316	0.12295416545921406
0.07733252295454193	0.10374576874520115
0.33760556898274824	0.16562571210293045
0.2155746943011563	0.18926608745425655
0.03677899266083266	0.09553466155750422
0.0566336044199186	0.06213104388319274
0.04417032505585216	0.17679544508679954
0.12186344315452448	0.08800099804577192
0.06596135035544526	0.08496118762039151
0.03377150672489211	0.15492887072537964
0.03881564825674919	0.09264977840330647
0.0460515697328288	0.11507750930937669
0.03643842751934586	0.1269453075620159
0.04720070525374509	0.0936754857240374
0.03808831987713456	0.10415556121644835
0.28360588422968724	0.14259760545440778
0.239876248709161	0.10070840501141202
0.0	0.07628935725292114
0.04280989777992691	0.06710975398862189
0.049391046215971894	0.1284053817116489
0.12622561345966954	0.08115171339162668
0.06353124394442647	0.06985193497204858
0.06434387936779602	0.06410153387563232
0.08203181903241476	0.07986188707999943
0.07100910909800873	0.0732134314917412
0.06389866715404774	0.15937921689543466
0.07596828447656674	0.07877135390037861
0.04438148130440479	0.08162647435101661
0.037834547464359325	0.1728272802325179
0.13580774104697832	0.17556993549934008
0.031063517429650817	0.085561291030762
0.05818680717792863	0.0801696525310451
0.03754389075040931	0.1314997318890004
0.03903848412602796	0.14316011947471602
0.06846553954238467	0.13634109271243328
0.049818353924893005	0.08159364023773352
0.07110869211795576	0.1313231142955262
0.20535464056627342	0.07979397417949562
0.2926486043800487	0.20080007021441057
0.03903848412602796	0.21528437070305118
0.04399403538123967	0.1073639755133899
0.045144597899936974	0.09153149905837091
0.06434387936779602	0.0641016339545775
0.03941625703013322	0.09170240840390674
0.08652119097500371	0.06672682377152175
0.08351099214651114	0.09109081581191761
0.059808889073001616	0.07456296507616225
0.04178902675606334	0.08904985295266425
0.03657087322228188	0.26624209375692215
0.27026727973943143	0.23789915996891914
0.04537305136769548	0.07560420797677678
0.14145900021899938	0.07055488080424624
0.09291694595571505	0.08940840350959689
0.05711328373917099	0.06432375646026627
0.2589179586467188	0.14834185197207386
0.10596528868370583	0.08514614605105505
0.03431736595993885	0.12579744359102146
0.044353373675554496	0.0933651256992429
0.03815321560280902	0.12294046083600892
0.06506710099692445	0.06483800177837531
0.038543712515276204	0.12836097895068943
0.03799918258476696	0.10800860332227324
0.04707888431468551	0.09349943511366418
0.05003411056458627	0.09477201217515677
0.043308479330863264	0.10973075256950454
0.10703060837802418	0.13085459453461554
0.04980103217592587	0.11573821701972663
0.09113895238386005	0.06718164499628765
0.08528627207060036	0.09773210088371465
0.07977643949210476	0.09165407466195079
0.07549279991914196	0.09600807855292863
0.032542048525290794	0.15301986559014688
0.039769741269748526	0.21206776607203057
0.04402669953116287	0.10050145601225502
0.07789352349122268	0.0650935566299603
0.053686314667760617	0.08142199679700508
0.05745399759296596	0.08680135742615239
0.0416197960534478	0.08613642821020488
0.03657087322228188	0.26624209375692215
0.04435060915862912	0.11159441515082624
0.04399403538123967	0.1073639755133899
0.047054910294003355	0.09332115005780806
0.0416859004353776	0.09142599471892086
0.1404818708468438	0.12266504935574656
0.0392377437095244	0.12277511685796019
0.04315055036558441	0.08146683841789504
0.04498196008131624	0.09317694276293642
0.039704502038339834	0.11751339963005916
0.044831380551118766	0.11101718230088246
0.04765638879129466	0.06354577307441774
0.04330791570553428	0.16859181311347954
0.04173234409658287	0.0875549529168531
0.04607654459488987	0.0927918461454029
0.04876028088458395	0.07497810265074342
0.03651079700472945	0.16367328604864
0.37665962062689873	0.3235739593635393
0.044938985749476794	0.09215843123180777
0.03541384725933092	0.11717527792502776
0.040388877036420696	0.09187240187599859
0.06434387936779602	0.06410153387563232
0.0450748449415908	0.09373406421383837
0.04576902479938517	0.09035699077674511
0.03466580516472536	0.1840053002571991
0.044938338408312996	0.08706565336739619
0.03677899266083266	0.09555684145842472
0.05245372347164582	0.06374267113445385
0.03138004811134022	0.15804457230545513
0.04522652505526729	0.09338417348042788
0.047122997580734544	0.0928521564090415
0.20997254089071218	0.139594203187006
0.24144440575180348	0.17718815748077435
0.05615691513248337	0.1333364331868518
0.03784678045719248	0.14899593404888845
0.08019629108301372	0.06492490129228005
0.051369006827159114	0.09442514444076908
0.06433797833299695	0.06409868138291568
0.036691566539954326	0.11970686751261317
0.036476747578718265	0.1091813163683372
0.036570873222281884	0.24576066071888125
0.07224412651367905	0.10521260219496141
0.140363230583373	0.11171807969269898
0.038030911086427824	0.10862699027479097
0.03799918258476696	0.116438253493569
0.09306995678121661	0.06949862528851788
0.044667547805342045	0.16868314399511522
0.03787705930453763	0.09912272573923965
0.06495467001874763	0.06361842523613179
0.08004390258014539	0.10931985495945161
0.04160738922389536	0.08016779964659901
0.037778514179046666	0.11745587095139023
0.04925340453389619	0.09323514899000043
0.042791019289063786	0.10033039444026982
0.04510682018213039	0.09133931483010291
0.059799002367834884	0.07455680168675267
0.046684397545195974	0.08724233512613264
0.059808889073001616	0.07162109647841092
0.08532223547056694	0.10734316772549095
0.06918096440358856	0.06531945898320479
0.03810545748091723	0.12294879058600376
0.039415088374113574	0.09717729915447611
0.10031381628524785	0.09480024773096446
0.039038484126027964	0.12478335206636205
0.05308008787751379	0.10123221516408003
0.07741487320942202	0.1041523368081548
0.06414057586396205	0.06498728171511524
0.04908394654681795	0.08927455434656155
0.039197852251422534	0.09062734259918134
0.043181479251292613	0.0731444002821908
0.06692148760420202	0.09270889945263251
0.03526573067346726	0.09246420148778982
0.044353373675554496	0.0933651256992429
0.06434387936779602	0.0641016339545775
0.054430319575882236	0.07234286102146514
0.05077307824549811	0.15790422854305255
0.04281023677458938	0.06429901881264644
0.03129315681923182	0.10865380919031611
0.04649716759287399	0.09656347292297218
0.03985252341492005	0.14239565176967658
0.036250671649410066	0.12286396058770375
0.04178902675606334	0.08664814442165317
0.21295300096561026	0.13767544697734083
0.036045898967968684	0.12266737600530254
0.043641999986790275	0.08568154925669
0.042863311437793955	0.09811925158564576
0.06434387936779602	0.06401636943812512
0.05980314893430157	0.07425500039850012
0.27614790243412307	0.10652861668970763
0.09519161232274265	0.13713471861150459
0.06416839255378246	0.06574711593051463
0.03784678045719248	0.15451988598183622
0.04514459789993695	0.09128692450754947
0.0	0.06604442619643645
0.03522549787483506	0.08114768275334257
0.06506710099692445	0.06474316532163696
0.03395580519557551	0.18210932543663158
0.03118329606149083	0.12489513862021462
0.04759400695439651	0.06310878542111005
0.03129315681923183	0.10994573475016992
0.04514459789993696	0.061690063623261626
0.06434387936779602	0.09393706649185576
0.033351322482712796	0.14093162093851513
0.06434387936779602	0.07435397241390687
0.04514459789993696	0.09222179765173506
0.04514459789993695	0.09024599440399088
0.074956181861137	0.09776743681474566
0.040659873726728676	0.0882796596931111
0.03218323107892865	0.12032448370788251
0.045008243985265206	0.09512015772411582
0.059808889073001616	0.07167691132270713
0.06434387936779602	0.06532510238940666
0.05741785595196276	0.08656720927615466
0.035833112671907676	0.09646690215955421
0.045160472810493325	0.09088123464091938
0.039415088374113574	0.09717729915447611
0.06432401761260262	0.06416563254098989
0.06419850185627367	0.0664175869307516
0.03659690959141545	0.08461833412477429
0.036689751655041805	0.11956547624788925
0.04178719633232022	0.13291469789255478
0.046684397545195974	0.08724233512613264
0.036437465016999716	0.13058728523877264
0.03625154509309918	0.12288267506215568
0.17313292749429077	0.09348921070854846
0.05648209786305359	0.06591058785350316
0.06270582639747865	0.07770861989862879
0.09041346226322315	0.07715036278116653
0.055470330772354665	0.07494544085859461
0.08288276811655551	0.0666872256759528
0.03791615908132335	0.0900656854886181
0.03201547299778261	0.12336083515195433
0.0530152923896171	0.056074101521484704
0.06416839255378246	0.0773369245303353
0.05478466323310366	0.06632197843486758
0.04266329798242259	0.13623247453593265
0.06519743694008456	0.06553772868473105
0.03391835637536336	0.09221861927996337
0.04163599468307462	0.06372703707263748
0.03391904059952936	0.1391249124530235
0.03901670885695447	0.06201005924653933
0.06570136444866238	0.0962191405638318
0.03368323582144191	0.07853439647246586
0.03680946268232251	0.2938512361628263
0.03586696829625332	0.11479369579284605
0.05995436992076609	0.07248371735731587
0.05687744546615986	0.07228245324437658
0.3519789842367312	0.2231615554539321
0.03101589676957015	0.09180841556031491
0.04795611436960166	0.06861009853803073
0.05208197531588106	0.062183975261846075
0.03702054344418529	0.09872547661968625
0.04272601200141021	0.07099291738533968
0.039599170934404467	0.19755966847252535
0.04268746881104083	0.09206491244600812
0.04513856447122166	0.09133987114483516
0.0416859004353776	0.09282401645482796
0.0435553235287214	0.08988111892168364
0.09935007144732862	0.0979111713871926
0.049818353924893005	0.08223649360331972
0.07122312263589745	0.07136591634590375
0.04280989777992691	0.07048070026870792
0.04338285538663932	0.06417071542627525
0.10654940363344896	0.06574759294763208
0.0347563438865406	0.09387587001736256
0.04271795900464651	0.12748921433032145
0.05677819223254156	0.08780422449366498
0.10390502347211863	0.10754798806382787
0.0643470388856922	0.0642019325836491
0.044938338408313	0.08714557790672933
0.12847473023075653	0.0714230504912173
0.03506943174850607	0.09517011308036304
0.041789026756063344	0.05865864782159949
0.06476282075858396	0.0959988639911399
0.06434387936779602	0.0641016339545775
0.03881564825674919	0.08897438121822437
0.03479491931545953	0.08505236279602381
0.05478208102295673	0.06581141694107649
0.10228843581442248	0.07871477544863828
0.05108716793409944	0.10125578235392754
0.039197852251422534	0.09062734259918134
0.043969742627169885	0.09391806299272794
0.06154917197920281	0.11858324822923336
0.03942478291449992	0.07211131059611006
0.0632256996656766	0.06794075195642355
0.1073795747528561	0.09660201466964105
0.10477878856454595	0.12158070785382799
0.04926875022908745	0.1649725781797466
0.035427692949844596	0.06113004883751864
0.03787705930453763	0.09912272573923965
0.046079672859811294	0.11966889847907053
0.030316539992973898	0.10373656016247414
0.036689751655041805	0.11956547624788925
0.03129315681923182	0.10865380919031611
0.03519451706518398	0.09874621714570389
0.03770753419888577	0.07277727552697494
0.09708665975319963	0.06618324477446809
0.033001706825398526	0.09097796134789635
0.04061974829042586	0.06007306188926147
0.06201593260649174	0.10824718310764761
0.041915671500027916	0.08918500526657308
0.04759400695439651	0.06310878542111005
0.35595048574649446	0.2708229094844213
0.054910441791050285	0.06453115077014483
0.041732344096582864	0.0859885806237118
0.032015472997782596	0.12336285741189183
0.0372561017492974	0.10412798270845236
0.035228828602931805	0.08515972691060905
0.036530587429576704	0.0634605124477002
0.06779107117682232	0.1418857398371066
0.04360100390023336	0.08105539719975224
0.04184266648827999	0.09521258868666567
0.05420918734655095	0.12215295238642335
0.03592408257841212	0.10472449692951583
0.03636181992557442	0.0819645913757814
0.035869785243382225	0.11479823366987672
0.031191242640210927	0.0858793481922847
0.036476747578718265	0.1091813163683372
0.07624602300828989	0.0920258821803881
0.03367843851379453	0.08064865354712976
0.04520282889264726	0.1356876086416332
0.03483088375956586	0.06525024925502532
0.03375229087085565	0.13678026008999786
0.06670325696551767	0.06378469995801574
0.08253324741532224	0.08983486559888386
0.036225344061115994	0.09654750842227039
0.032163279792703774	0.18043610687117365
0.03933895486192645	0.09153552404293475
0.03521131429161626	0.07992381083137813
0.03666206561339098	0.11781949285011552
0.04733622229980591	0.06976416159141467
0.03174474348872533	0.15519687711305635
0.045052114745070974	0.05779347033634785
0.04765638879129466	0.09615747653090219
0.047052988531828877	0.062033415130624645
0.0686776218858679	0.09032386966751567
0.04281021005048241	0.06346122791195814
0.03138004811134022	0.15804457230545513
0.03583254956544491	0.09646614418256813
0.03135588765362167	0.1252403096914611
0.06173782146016506	0.09095290033570724
0.08371508821996586	0.13079298834163572
0.03436214889181127	0.0615747086638036
0.08388082217326737	0.08685677574413263
0.0389005193981153	0.12915974849438713
0.03538366716325869	0.07903702539694443
0.035142785003592004	0.06018279761187113
0.08190841548439105	0.10317853330325057
0.06233996644289323	0.06512647296679921
0.05854053458144556	0.06244998107107544
0.058092410434732296	0.061873991406624584
0.13181485500776366	0.09667654663886431
0.04106960192099546	0.07390726099553217
0.031395197302939395	0.10137584845645357
0.04985305682687739	0.08216998468193897
0.04329923808261737	0.06369122409107175
0.047941913224147606	0.07376340308646973
0.03282096116329852	0.1298598315666409
0.03217867373399103	0.058308475175052374
0.04788218159178392	0.07339524906942382
0.032831289038054226	0.07946748224654106
0.037197160663526276	0.08519694341671873
0.03477966962599652	0.13620597722748645
0.03148005796506418	0.12495422965443281
0.0341247284377223	0.09019581127057373
0.0488743990171953	0.07945409308920053
0.03851976348047096	0.07445542568251473
0.03181398992395173	0.12056793030429931
0.06195999777697134	0.10109445380370645
0.03241134039656346	0.08364465050172067
0.0511220314206662	0.08693804059693595
0.031273046952937436	0.1075964471657426
0.11438262588281889	0.06139578623359523
0.04888886277098302	0.07923224564870744
0.03486710759125817	0.12290563379261926
0.11681051627717631	0.11156113333228737
0.056623046329058416	0.08324330651455043
0.038734388399713826	0.1332414198838268
0.04338285538663932	0.06417071542627525
0.04795611436960166	0.06861009853803073
0.13646859237670686	0.10215705820761038
0.03259866635836175	0.0808324482099244
0.03873880266027236	0.12137159287481417
0.03812904192932415	0.11368603493873927
0.04651236765734461	0.09953139722964777
0.03140206274079372	0.13778967545687887
0.054534108573748505	0.07827037597420437
0.11511905312236367	0.11740439964617909
0.03701446825646769	0.08988862786633184
0.03626393101438752	0.14865410679820504
0.044211712359175356	0.09123692587074948
0.0314132594431475	0.06090029030023051
0.11054174609012063	0.1277243762268837
0.03447170507532511	0.06246188321419019
0.042811178393641194	0.06447477129508566
0.03377150672489211	0.140122153039721
0.07467571776092376	0.07058986688563493
0.03638933717991026	0.12669956917791503
0.03436214889181127	0.0615747086638036
0.04106960192099546	0.07390726099553217
0.05297539404952432	0.12373698665867792
0.11839744260680245	0.07483888940754475
0.03391416640336247	0.07794058529511622
0.0447023208233214	0.06380936359990952
0.03803901223912478	0.06056482981626096
0.13251890270217148	0.25572115321724165
0.03653050287340401	0.06340368239678551
0.032363847323016136	0.08357365454211572
0.032163279792703774	0.11880562143846929
0.03349405310495211	0.14714297558891148
0.03241134039656346	0.08331069849967897
0.06213532929403971	0.09927642337484259
0.041050777578430314	0.07457940438562495
0.05637866291749043	0.06637099300539516
0.052412547088108205	0.06342863719199299
0.03437013059070955	0.06015901608545314
0.03469469704615775	0.059779346678153655
0.05507534481473309	0.06333157961653843
0.030725660295886734	0.16559863156447593
0.057754074345305384	0.06507229092199196
0.07411966801099036	0.06293898707523381
0.21542943267978873	0.0965197302664861
0.03287744194501485	0.09116708584161147
0.036200911889530174	0.08968083014544533
0.041666652870883975	0.06384460100788164
0.03942478291449992	0.07211131059611006
0.062416974670289366	0.06341421690142919
0.033351322482712796	0.14093162093851513
0.032308383400327045	0.09056805624620559
0.073924128265204	0.06855637552773974
0.051432929273282024	0.0644739249699425
0.1732517009123064	0.217316588163249
0.05652178088185076	0.061040383265015846
0.054068426353898844	0.06472956768991388
0.03468231757378314	0.10663558966783798
0.03129315681923183	0.12774610464247246
0.035192875741175585	0.09874390166135011
0.03151942568690657	0.08551983963802055
0.03201547299778261	0.11868770670365254
0.031380048111340215	0.15281873088584438
0.03176565902409375	0.09928734532511811
0.03127304695293742	0.1103012963794282
0.03201547299778261	0.12351326108573937
0.03989930258625052	0.07159080007307028
0.03517954072733875	0.09427620139009876
0.03851976348047096	0.07445542568251473
0.03851976348047096	0.07445542568251473
0.03140206274079372	0.10606915971580332
0.031273046952937436	0.13956488758571078
0.03329037761126463	0.0944291152958819
0.06482319673956398	0.06396459115356484
0.034079963873663625	0.08918907397378274
0.03375229087085565	0.13663151580794192
0.03415416574047204	0.11817276962793928
0.0320154729977826	0.12851199170524735
0.03901324951836732	0.06135274786260154
0.0320154729977826	0.1254064230720379
0.06101964279724604	0.07171680563887936
0.03050093774766035	0.07572376967642157
0.03650645919669971	0.0811756420842289
0.035291319949197215	0.08334234378552079
0.037105753719234996	0.06635749912967533
0.0503039579473303	0.08261794026504712
0.05204851030353649	0.06367509300281607
0.03537450093822184	0.07908226108777135
0.06518582486354123	0.06197792056256482
0.2990682639431471	0.12978788409255737
0.060985774883668	0.10009912806150591
0.031487347605895104	0.12716243801461027
0.04057883547292303	0.056964610785170726
0.20149219632247803	0.11042361806495164
0.03118651403518276	0.06050912307878466
0.034364316942014125	0.08941261366311921
0.19529207919717384	0.08228444752268821
0.1796687945438884	0.15740426909020816
0.03335132248271279	0.1428294716695759
0.03174474348872533	0.15431887815151363
0.05477612966607308	0.06618351102103595
0.06848937127971841	0.11217527041648426
0.03645141685202766	0.06427917018143943
0.03535320376463415	0.09900371335245627
0.03218323107892865	0.11960966034084415
0.035142785003592004	0.06040891971727785
0.11813431599037907	0.14451734585629306
0.05010017581059247	0.06013283841180425
0.046619993916593404	0.06279456764130162
0.03368191556004592	0.07854162855038044
0.03901670885695447	0.06164970211967366
0.07596475590922253	0.13682874725051397
0.05155042030585968	0.12989581087977994
0.11484796397430926	0.09613537057710055
0.03789640010496149	0.07948505067744606
0.03532148472997967	0.14181341448722165
0.03186907536517469	0.08104241976318298
0.03155462522682262	0.1256366296270589
0.03659690959141545	0.06541107013492849
0.03282674254871955	0.20525457458469024
0.03139471611254656	0.2037880587478551
0.03327521821735738	0.07298952908742316
0.03560472995392406	0.09342812275397182
0.03862921931977459	0.07606288500702961
0.04162082176162322	0.0717610929405204
0.032829435915162596	0.14565661040885616
0.04658273380955389	0.06276941671137143
0.03135709249527023	0.12139568619437233
0.03118651403518277	0.05985636074157511
0.03534331227092917	0.07923804538174752
0.039486488431589875	0.11008216804629656
0.03389830420416452	0.09049406195691577
0.04655516629095752	0.061702690156664984
0.04066695220395351	0.0892182104377473
0.05704422424738853	0.06287711798343933
0.12261544847566275	0.12788712697884505
0.05987044682748413	0.06210359754031549
0.14775335364077813	0.11583919789045057
0.032598666358361734	0.08282165647125089
0.03127304695293742	0.1376258356548304
0.033001114226108415	0.09265802097906736
0.031930886516822424	0.12342553889798952
0.034988387145021733	0.058967717869046844
0.0334128136895808	0.08239443817761552
0.1295093018846868	0.11471446588975681
0.06738040934684633	0.07569509194243379
0.031103952422505996	0.09173944050299274
0.03129221563520997	0.1013059721841542
0.055614039987335745	0.06115052027299246
0.03149108989257791	0.08153831121926648
0.03201362547215342	0.12247542377969478
0.033910051094982664	0.07793716006287893
0.10303493712116718	0.12494576805739252
0.04519355194895631	0.07381125746771522
0.0344506888938713	0.08852765484519988
0.04544165539374291	0.14248693344767863
0.03585382315490308	0.07148436408343257
0.03194544191773614	0.11510649012439694
0.03510860273175174	0.06040279337343969
0.035333114157182564	0.08026848008368637
0.03076299066932855	0.1182006466263712
0.04556563434760741	0.059445329151629325
0.03398055227109012	0.07911297510642064
0.03424552064428065	0.13962124421473598
0.03174474348872532	0.12836570309702017
0.03173399537662616	0.13877451502791469
0.035610223261084796	0.06287594173401295
0.03455348289403478	0.08082670644981392
0.033683228535393274	0.06572324780119405
0.031026453614070703	0.12921156041734988
0.06562160410009509	0.0651927655860428
0.03360132269895075	0.1020112440880251
0.03174474348872533	0.11418088035490981
0.03122035553189154	0.1434058518538524
0.03913429315131954	0.06060366540012578
0.033792289102929814	0.078615905995391
0.03650119212930056	0.10799199501477771
0.04515427262876781	0.061706125578543054
0.08675127195518408	0.061042772318648124
0.04281021005048241	0.06346122791195814
0.03437506631046515	0.06624977917806055
0.03730485078825675	0.07091951733331915
0.035103907588120896	0.060149376934324886
0.04547732044994926	0.1249607094684279
0.0359663321778084	0.07382775436286598
0.037707534198885784	0.07775970013590079
0.04242710015691824	0.059916427179396145
0.03204256992341894	0.1338737883334789
0.031181725590496687	0.12458057954369257
0.03129315681923183	0.12774610464247246
0.03129315681923182	0.10144530595184424
0.03436214889181128	0.0653380917319277
0.03273535578341642	0.06006221544002479
0.03080093804139126	0.05905659208113003
0.03338757404245945	0.2068360856235441
0.035531215411759375	0.09098467465971273
0.03877374296840873	0.07393346730225052
0.20204067480270016	0.13815307140722244
0.2264490680408501	0.18429890798679482
0.038012523919940054	0.08509376944094955
0.045145907587631914	0.061792937186512444
0.031192434368244436	0.12001405133698743
0.040509443376621365	0.08273767013891893
0.035156036664129475	0.10758398604785978
0.05378696291105989	0.07386043288736936
0.035125589904310965	0.06498941063647869
0.04514459789993697	0.08047068238148271
0.15092207730866228	0.07605419972962688
0.036120298246936425	0.06124844837911126
0.054495212177723275	0.06078969625661803
0.08886221615909487	0.16908023153306914
0.036530587429576704	0.05888696913044931
0.047052988531828877	0.0673424067176136
0.03479491931545953	0.08505236279602381
0.03928664600526878	0.08866622234663854
0.05737016922225176	0.06204132988572729
0.10177768455355064	0.06053883119180118
0.031022839042590403	0.12595885714342714
0.03462957968699701	0.0595667851310175
0.032094051440402026	0.15109202377219605
0.03151230702251456	0.10130419076127006
0.03371759396736354	0.06886500074481326
0.05256137087752579	0.06842383796395816
0.030733851629802415	0.08101883996387502
0.03118329606149083	0.12489513862021462
0.03287978848121909	0.06876122351431743
0.033980552271090106	0.08920748792018746
0.033599839564643325	0.07653721637513752
0.03903153368863688	0.061367138635145056
0.03366765018250905	0.06000193781393263
0.031078837004347434	0.0641071008087424
0.03437049887291242	0.05947789149002426
0.04122023726506168	0.06223998273541356
0.03337653952181546	0.067243011977859
0.03700888806447903	0.0706164910789499
0.03643158236618242	0.06350453477056581
0.06325461277954604	0.10118643859494497
0.10614813977107238	0.07068242867429494
0.03100008979787621	0.12594022957657372
0.031268092101106475	0.1296713943821145
0.04757802509789085	0.06334216644874334
0.03707428271284617	0.06679101661555428
0.03455348289403478	0.08082670644981392
0.03138004811134022	0.15804457230545513
0.12482374620635026	0.17476173824385305
0.3661934494788619	0.13880350593768692
0.03521191151504666	0.06507198570780186
0.030754200493527412	0.1181837567588618
0.03745354795603982	0.06043250190056541
0.03742262638886035	0.05968837231498796
0.03137127684735764	0.10139146309232717
0.03906674560098243	0.08025629727912616
0.03469469704615774	0.059776436978636244
0.0318690753651747	0.08104784504152292
0.03109263830721827	0.05937309734384649
0.04075947795941013	0.08219084419902935
0.176906409131716	0.16165413231829553
0.05033113478223578	0.06269302193507593
0.031189237249116545	0.09216583291907429
0.03738138547123884	0.09377294903863623
0.040449986051040575	0.05994471106081098
0.03385212447242755	0.05886886278653311
0.03671180192643257	0.08289452664578086
0.034259245426664926	0.0768566792490443
0.033176151805760896	0.11425095440747769
0.04350467107163555	0.05988254906458278
0.03080093804139126	0.05905659208113003
0.034340110686533414	0.06497138538828338
0.04512717884005274	0.06198783245732246
0.03084273703809653	0.10687281216427962
0.038302548249461825	0.07688924308064002
0.033063064565100185	0.08097213559991819
0.08484729907145454	0.06271280414969287
0.033520823693069024	0.08044976595958882
0.040275950325727686	0.06474251597005759
0.03127304695293743	0.13895081696368544
0.031191242640210927	0.0858793481922847
0.03129315681923182	0.10144530595184424
0.03392924699414622	0.0810913530250811
0.031839541499040135	0.08432658384059816
0.03298802428636455	0.05806238869570003
0.0353475055074183	0.0827917134991446
0.034363418986680314	0.061567960499945444
0.05656232558285676	0.06211508301530636
0.03778020408827287	0.06642174789738946
0.031139719163465064	0.06777055784137127
0.03118651403518277	0.0598715598094443
0.031151657307014687	0.05984962344552442
0.03901670885695448	0.06169867001935501
0.031103952422505993	0.09780759886763214
0.1922229807419089	0.08039263615330414
0.25819386969402336	0.20746372298355184
0.035150701594680166	0.060253219293196235
0.03140297616404462	0.13779167952791951
0.0327686284607549	0.07931458942825993
0.05678353591737598	0.0606165130785741
0.03901324951836733	0.061806976084720966
0.03469469704615775	0.059779346678153655
0.036154954729583764	0.07864959244789918
0.03437540880234718	0.09075346948591137
0.03436214889181127	0.06269871834539703
0.03129315681923182	0.10144530595184424
0.03901670885695447	0.06189617578887552
0.03927022361619093	0.06155552613569664
0.03537450093822184	0.07908226108777135
0.031191242640210927	0.08854336249579847
0.05943485611460083	0.06258988241000205
0.03192303899845924	0.06031006136224912
0.05683259221560827	0.08739941069344469
0.0313608152288795	0.12611589465109777
0.03331252868540868	0.06728172058787821
0.03136832195087596	0.07578732883539145
0.03080093804139126	0.05905659208113003
0.03118329606149083	0.12489513862021462
0.03622821224780942	0.14006425881634454
0.031488242998024066	0.08124830737780049
0.031191242640210927	0.0858793481922847
0.03127414732253818	0.10089260420018091
0.0307371747546435	0.11897700664845594
0.03358270642564864	0.0876009239599071
0.04556563434760741	0.059445329151629325
0.03210258576699137	0.07685947791390996
0.030962760337326964	0.06127331431174581
0.03350960158996822	0.06171390898397704
0.03115165730701468	0.058168189122607926
0.04061974829042587	0.06175000799175383
0.04253680803612775	0.11737124792599697
0.0341532778541407	0.12247695194185722
0.031512307022514556	0.09991158666870499
0.03414724424280746	0.10053823591150828
0.032798410681992025	0.05874609523468159
0.0351467667318941	0.06018350731117063
0.03270912278805189	0.05915031875730622
0.03462957968699701	0.058867098920679886
0.03510860273175174	0.06040279337343969
0.031181725590496687	0.12458057954369257
0.031273046952937436	0.10719194443663352
0.03129315681923182	0.10865380919031611
0.0408658708026402	0.05975157338268003
0.03152431304402391	0.05954793398125888
0.03156518866924809	0.05721534728241173
0.03147559452088988	0.06127962077596078
0.033784270649821035	0.09015008468082972
0.03130740165951958	0.11181022163899114
0.03149108989257791	0.08153831121926648
0.030989770843071907	0.07853920339582421
0.031188637728814392	0.05757597507476497
0.037687892709966156	0.07714688779513292
0.037387507086644206	0.060959047910944746
0.030725660295886734	0.16559863156447593
0.03178837330047909	0.058990280855268695
0.03509810506952323	0.06566236395927162
0.03520954271270541	0.0603796826167681
0.03156029320043952	0.11082797160283421
0.03158403870715559	0.12223901252410442
0.043677027123463504	0.13191884930096592
0.031191242640210927	0.0638715025882878
0.03129315681923183	0.15719409337624077
0.03080093804139126	0.05935558643545493
0.03100008979787621	0.12594022957657372
0.031191242462638397	0.08587935925747758
0.03437044944758987	0.059477882757353
0.03534298155389245	0.06003407864559577
0.032823147807784184	0.058586268153072704
0.031796101590052965	0.08355611818350177
0.030902533772149774	0.05925042150267574
0.031183296061490822	0.12972540954126308
0.032718772944860856	0.07109261567335223
0.03454598340555252	0.07055736443796837
0.03329665716301137	0.07398385830429834
0.1447218428185778	0.1561721391168727
0.059861508846031225	0.05469280459524509
0.03086124145855513	0.07830138994959493
0.03234190443223204	0.12934525596324278
0.03241193306991663	0.08471702494587677
0.031191242640210927	0.08859434278034137
0.03437049887291242	0.05947789149002426
0.03149108989257791	0.08153831121926648
0.09248888309950362	0.13976163707732742
0.048947503813053475	0.05734448328299694
0.0329773674880874	0.06036266511363166
0.034062184882135554	0.06758907004529031
0.06789016036911551	0.11114809880150817
0.16943783753697775	0.07666720496975876
0.03337653952181546	0.067243011977859
0.032041865178163875	0.10110693361236998
0.03354335325506293	0.0674110585027532
0.03100008979787621	0.12594022957657372
0.031492566304333	0.057176325732679854
0.03266411758081694	0.07277453728076098
0.033088964254888484	0.05921328160841079
0.031082826412270153	0.10206089803575938
0.06190434490351884	0.07368433572627854
0.10793508138130661	0.07803447985664305
0.031092638307218264	0.05952460845418214
0.03129315681923183	0.11857478831151226
0.03440880332707656	0.060704816689100216
0.031189795658672404	0.12991876188999368
0.10834901585199934	0.1443290426682999
0.053293453997984276	0.06179623175550499
0.035131452576622625	0.060399142665745253
0.031108547583664704	0.09174623791301045
0.031339265913341734	0.05871050228839731
0.03179869500116308	0.08205491814555907
0.032768628460754894	0.07929790988893894
0.03436214889181128	0.06385780139254225
0.0413750888594765	0.05796299839743757
0.0334869866663166	0.06800981832817518
0.04346585964487896	0.10358023803616842
0.031105188431038818	0.09783300963370957
0.04289518335779004	0.05991706192421912
0.03124393774028542	0.05914995898188508
0.031186514035182765	0.05655696263202159
0.04556563434760742	0.06319998506237351
0.03080093804139126	0.05935558643545493
0.03100008979787621	0.12594022957657372
0.04047625444402211	0.06029979018711244
0.03370417819343521	0.06009412007462384
0.05628268769916415	0.06024564959042279
0.031749034754984966	0.08482533569606235
0.11317463544674838	0.14012998344720703
0.059706372504999765	0.058304937124615916
0.030773282769848188	0.08366233244969037
0.03290050034162045	0.06973436271529376
0.031153833420440865	0.05898977071210353
0.030904200831716026	0.0599898660024398
0.032371379427611625	0.05975948754783293
0.03083898219329322	0.09134701062067958
0.034167331497350295	0.060967328718930576
0.03153920405529048	0.08550509561029392
0.031375701169716316	0.05916713426379793
0.03100008979787621	0.12594022957657372
0.03108941673434669	0.1258532391437896
0.03282456049884248	0.058588288836895576
0.03297832305293116	0.06036066974477482
0.031339711152018494	0.05767539968635385
0.03080056476750545	0.06018564720084749
0.03385650286308413	0.058989039042727766
0.03118784630483622	0.06093189222357969
0.031117226443881766	0.05940966209864929
0.030993885901956387	0.06183886010856843
0.10593719000778855	0.14820841024212628
0.05243113223633202	0.05806936830045717
0.03192303899845924	0.059996986782391085
0.03157797348103961	0.08063388430975699
0.031740396639466734	0.08110274133178452
0.04482915782991388	0.060474289416111195
0.04095958504533359	0.06159777786716475
0.0314715754343398	0.06127822772963722
0.04956496250805795	0.08596880664823084
0.10077587414132343	0.08641091025174386
0.03529367069575472	0.10356628666801347
0.03460201011502531	0.08261660033254095
0.034537929464324886	0.05987152332881278
0.036529311110363026	0.058886787610216255
0.03469547923499877	0.059776580779418186
0.031186514035182765	0.05655696263202159
0.031024650089407108	0.09254008083600013
0.03230096038118035	0.07903114037151561
0.031026453614070696	0.17469164608129734
0.04786551314180886	0.08453349049739664
0.031191242625259914	0.06356348640809834
0.08228578239763129	0.06698354126562592
0.05506315346133101	0.12199633022326899
0.03081363810021472	0.05929380737014384
0.03084273703809653	0.10687281216427962
0.031186803389594613	0.05746142362486451
0.030754200493527412	0.11549444698901386
0.050380064663793085	0.07082842063799151
0.10393246552622763	0.07038556120868823
0.03133926591334173	0.05842665766193471
0.034694697046157755	0.06323422515986797
0.031138351335599147	0.05694999530978654
0.03107827702905846	0.06060596628186223
0.03402481658803937	0.05939068213147575
0.03461705914983693	0.06141034166604176
0.18368426863311219	0.13211289745551325
0.05969048650364765	0.056345940519939255
0.030939266425995843	0.07246223679524953
0.05450680712166378	0.07157077198864498
0.03199311717963212	0.05799327968791398
0.034606065297946985	0.06338052763292445
0.031290786607185705	0.05625771936182719
0.033069839677135594	0.06078402987687043
0.03298802428636455	0.05806238869570003
0.06393688256092964	0.12528281883685705
0.031471738263177014	0.06168044090181305
0.04131784858516633	0.13533216278137405
0.031152415205409876	0.07758588876259992
0.0309831705965126	0.058994215306136605
0.03194970120206348	0.06093142830031121
0.032150003283715645	0.061117077641205594
0.05003128598752146	0.059813469092352016
0.034422344357095375	0.059522746956161644
0.03507784801497923	0.07937169065735213
0.030730756740680158	0.08475206765448266
0.03446921269558039	0.05888550253432038
0.036519654041461395	0.062140459739879896
0.037393814101588055	0.05916121861489839
0.03385212447242755	0.05886886278653311
0.10044210605424486	0.10061649501425651
0.05987891700068356	0.07405061954523524
0.03787562071134961	0.06144096995337573
0.03298732435371346	0.06678479669150246
0.030900133658301725	0.08342855749498632
0.033557423368946224	0.08335250931698863
0.03163139084698931	0.08440314978250102
0.03208493177697636	0.06014806353561819
0.03176579747960146	0.05752773169588602
0.03625140761318687	0.07072568930565933
0.031186514035182765	0.05655696263202159
0.031339265913341734	0.05871050228839731
0.03132956532159107	0.06210028281831522
0.031195159506588823	0.05900282069235392
0.031138351335599147	0.05694999530978654
0.031026453614070703	0.1286552988326689
0.031836132028464956	0.05897359261885572
0.0309831705965126	0.058994215306136605
0.03199311717963211	0.05805356925670405
0.032456349151660326	0.057292441219248556
0.031153833420440865	0.05833076471842659
0.0311140211409886	0.05975339793115992
0.03431572499067125	0.060096250293200884
0.03531930122265593	0.056057867618205956
0.03149027648452425	0.05710597630512983
0.030856962109096636	0.060707186944588584
0.031175261150575735	0.07305185697395153
0.030447806857658855	0.08927513405206293
0.03494239610868584	0.061073776399598156
0.031706706566104643	0.060347685636196226
0.0314132594431475	0.06090029030023051
0.031163506097468485	0.06488619542717036
0.03192303899845924	0.06031006136224912
0.031103952422505993	0.09136724243290836
0.03231755400191474	0.05885276158633943
0.03718576322458376	0.05581448769665355
0.031190180012406664	0.057448288973222204
0.0413708596264072	0.05797424099004246
0.03129515354284004	0.05741036310032841
0.04084262129776394	0.06358072584046445
0.031380396260275056	0.05842466931584764
0.031053979603817148	0.05918525167609561
0.03130248079198241	0.05603712513583242
0.03170981938935616	0.05652131281398792
0.03717126630624346	0.07280256164525246
0.032678167235183096	0.08971200838772202
0.031092638307218264	0.05952460845418214
0.03386389823874411	0.0589510566594214
0.03237067696434061	0.05984305660804339
0.031996544806594474	0.05857290399723891
0.030800938041391265	0.058942877358743505
0.032787971373840936	0.05690773747190386
0.03113835133559914	0.056582813254632755
0.03226290030240181	0.0828223870407508
0.03215720636298459	0.13698377305722506
0.03077675186115527	0.061702732178294736
0.031092638307218264	0.059156719688133255
0.031336239814849474	0.05629858356986687
0.03103349057730131	0.06427767119421574
0.03520459789183461	0.09079627719826328
0.032734922113066285	0.059742495271040315
0.03610561011183936	0.056517597488161986
0.03236314775462323	0.058472341157592436
0.03383953048154836	0.06177317927875094
0.06657017433961049	0.129860428570245
0.03156453650651805	0.05778293847329146
0.03157694869264234	0.06038468699677311
0.03083983322435783	0.061106453534270265
0.03121138475451074	0.07762608225397995
0.03281534164066782	0.05982255095494312
0.03234784179892513	0.08218340427833339
0.031352718948833944	0.059605694421285986
0.0323737828542014	0.05979258572843981
0.06864086788793575	0.12123045493524714
0.13280448455573693	0.07108490001605804
0.07516700473884784	0.06407131218077476
0.031022839042590403	0.12595885714342714
0.055910176116067314	0.059622022862192516
0.031191242625259914	0.06356348640809834
0.031152415205409872	0.06180574696294236
0.03071615483826029	0.14503258721473866
0.038807887525031504	0.0584444735921096
0.030908397911564554	0.06161544828581544
0.0306403294896443	0.10214111788079101
0.03125571110735594	0.12967563519034878
0.03152431304402391	0.05954793398125888
0.03100008979787621	0.12594022957657372
0.03121829835210833	0.0635910596813873
0.03100008979787621	0.1258658804331833
0.032823147807784184	0.058586268153072704
0.03124929686027328	0.08613144892640343
0.033562112484207214	0.06169752123213124
0.03337666540991426	0.05789229657261331
0.039236322356775	0.0578297001961061
0.0313515436849753	0.0920544613587121
0.031160859509006374	0.060558928748730506
0.041061850907194976	0.06117386793039374
0.09175810597558812	0.07907232987565706
0.06514462297933155	0.07681585643941422
0.031138351335599147	0.05686592646021779
0.031025227132111786	0.09119610874577846
0.03115165730701468	0.058168189122607926
0.031082826412270153	0.10206089803575938
0.03341507448963344	0.05668492911050102
0.03115412400405938	0.05984062681052022
0.05455754033497459	0.0928982184989067
0.08886870220442773	0.06364957959152075
0.03156518866924809	0.05721534728241173
0.03084273703809653	0.10687281216427962
0.033088964254888484	0.05891301629958897
0.07923980028647122	0.08495464112746899
0.031092638307218264	0.05862122985075196
0.05128056192151582	0.05438811664309425
0.04060627228639382	0.07546671774520952
0.03150134340455933	0.07903602198581158
0.031392484756639485	0.0574552107705584
0.03174762883580285	0.058558227450741504
0.03174817929455739	0.05633022619215776
0.03113835133559914	0.05679508481276985
0.06587748150333313	0.06080078280998502
0.031169764390103553	0.05978415244894282
0.03080093804139126	0.05905659208113003
0.03080093804139126	0.05886593390365809
0.031499804308149075	0.058883810005661064
0.03102684863977481	0.06443513159088829
0.046785981548529317	0.0546213204979914
0.030908397911564554	0.061069947754529764
0.03139875262350162	0.057729724009985633
0.03067230393099724	0.1188881538050813
0.03370807106916147	0.056989406244608666
0.031152591180692486	0.058584358784834284
0.031138083092508744	0.05694840743522971
0.03352074618372606	0.060405196945608496
0.05256970222757194	0.1309928576285568
0.04473601838325127	0.06948723388417462
0.0310844259628004	0.05876266646013428
0.03084273703809653	0.10687281216427962
0.030786980713658735	0.058929517394952426
0.035055746357596035	0.08913579777381526
0.04476657069070848	0.05466611852773201
0.031041119260252603	0.05895470821635022
0.031186514035182765	0.05655696263202159
0.044778617589582556	0.08772842349516645
0.0307486348794792	0.06042431432803821
0.03126440946479117	0.058310630218390586
0.030835187017411298	0.06108407178536974
0.03352999273019409	0.06031813927039651
0.03126461654026793	0.05826728632750222
0.04756864487596468	0.058611974376279116
0.032644053017230966	0.1006846994218029
0.031159809900256987	0.06848042357199997
0.03140967576722634	0.058546588332021046
0.03157274925813935	0.057233628890936056
0.03136179480761394	0.056321546731959125
0.03083898219329322	0.09134701062067958
0.03540316865515173	0.05354806472895563
0.03080093804139126	0.05905659208113003
0.03078707265354152	0.059041483628294915
0.046610216413631535	0.060259180191188956
0.031277841253212604	0.05858767292452166
0.03138346478951606	0.05878559156205963
0.030843751824575265	0.058856573128493975
0.030891701502888273	0.09162398986790349
0.03085202008311358	0.058686177330747706
0.03121599146650179	0.055048987876518504
0.05066792473072827	0.05875531233666335
0.03743672601645575	0.05769113935084961
0.03278797137384093	0.05755550871291096
0.030919788242993324	0.063838121436318
0.06058618615472021	0.06524997134073582
0.1144426082488758	0.11527433028124334
0.031033490577301308	0.06416743399275883
0.030800938041391265	0.05908826149527351
0.030788369106412892	0.058953624684577814
0.03109236559982487	0.05920082029090141
0.03114527764392603	0.05721537563509015
0.030725660295886734	0.17676077253357356
0.03146180625338404	0.05618464249645195
0.03199311717963212	0.05799327968791398
0.03304776203810223	0.06084221641739816
0.03209599300346877	0.0564288899202692
0.030387847745852153	0.07947324028103339
0.03203012552661329	0.06470536528615306
0.03185660421061484	0.057288730706859366
0.03076299066932855	0.1182006466263712
0.030636481729429708	0.16910617260520758
0.031034302053706754	0.05810158539052774
0.031080530680141116	0.059347274293634567
0.030981750351337545	0.06185819737688364
0.031153833420440865	0.05879884814497246
0.031092638307218264	0.05972384875395723
0.06801394746125523	0.074277726411278
0.0579145771545403	0.06828098761105462
0.03093145597959004	0.06177668334270812
0.04620381232090546	0.06041780943676175
0.03100008979787621	0.12594022957657372
0.057138260780839466	0.13629400855747742
0.03182131511702615	0.05704760280765047
0.07053621138098409	0.1092443808733519
0.031124111133965397	0.060572307472842694
0.03241518856814538	0.06049744917232975
0.03470209532247787	0.07619914610461631
0.03212183953755972	0.07370407155320727
0.030950629335411033	0.07133925161746067
0.030740383450442024	0.1430873141910335
0.07772081047016433	0.09029009545967684
0.049850945980407665	0.0599042666907417
0.035435995586622956	0.05576409983870417
0.03235935706549507	0.057001673023486944
0.031208306750141027	0.05649157181613128
0.03118495959845417	0.05656168922869283
0.03889186437381494	0.07627141452237873
0.03235314784164221	0.06670880229431711
0.03377830627468262	0.08464648082162814
0.03142228142210768	0.07876020482679598
0.030725660295886723	0.168763866152272
0.032625255255094285	0.11816851123802978
0.031369426944013304	0.08051421057205335
0.031042938897773337	0.07969219249092555
0.03106263833176157	0.057870463363728177
0.030907595156524068	0.059162036867994504
0.03111613883163925	0.05649308807563471
0.03133912940585909	0.059893389260965955
0.03142468885175821	0.05627813732656228
0.03126808516948445	0.056545676392697086
0.030635728054157724	0.08054084595953236
0.0348877066345921	0.058031314655076556
0.03208403947540532	0.060013906896952185
0.030800938041391265	0.059554662927340664
0.031208306750141027	0.05651270993998188
0.0307371747546435	0.11897700664845594
0.03350665488617448	0.055661977912545554
0.031728466368329204	0.0570110746839986
0.03418623470564424	0.06874339528102415
0.03252942455881426	0.07423610477582192
0.03156611582897806	0.05732724766487552
0.03135915651522423	0.05545437622548958
0.04196550841812749	0.08869448133184873
0.03537136693208918	0.1937069404399792
0.03535422009681133	0.05796054958023215
0.03263413085935606	0.11637724326444042
0.031034302053706754	0.05806392578027174
0.03078836910641289	0.058990449760475586
0.031111004781670542	0.058550048823209855
0.030902533772149774	0.05925042150267574
0.06399027634798098	0.07483379273233771
0.175137926297235	0.07614412069654151
0.07590898162246876	0.05226859980110903
0.03118651403518277	0.057261749069888616
0.0311176991714989	0.057190029104468174
0.030987478576120307	0.06107262160158017
0.030852855967435682	0.058681940976906044
0.030842831184254307	0.05824376376191444
0.031145277643926023	0.057655090045890006
0.031186514035182765	0.05655696263202159
0.03214968433669475	0.05677678239889007
0.031133248350800467	0.05780280919660766
0.03190431970906557	0.10604532878342711
0.0442581855270107	0.08619142689689338
0.10825300707582623	0.10007309328881957
0.05342447140777517	0.05468560396535819
0.03110237059786297	0.059066601586808855
0.03067230393099724	0.11794580228865192
0.03086562561350349	0.059570131225087475
0.03092101523930508	0.06107915857229473
0.03156017487853805	0.057241620245658674
0.03732321212036531	0.058005825452159425
0.031290786607185705	0.05624825823021751
0.030799633315371396	0.05905534090599796
0.03235935706549507	0.056917798608607136
0.031233112418668274	0.05914475281383621
0.03115165730701468	0.058018348984639756
0.030800938041391262	0.0595081624979341
0.03080077532106017	0.057888862445380836
0.04674031774842278	0.059696450104901544
0.031153810987847832	0.058464753596053624
0.04429763620111308	0.057194272819338726
0.030799095129057867	0.05905482480174713
0.04087094253692959	0.062342937217067386
0.03161114826776626	0.056735603794335565
0.030943372344415684	0.05942895026129591
0.03226628768781403	0.056977469747617485
0.03110949800561687	0.05673199248346393
0.08709388838918238	0.09677374065283191
0.05436287173855505	0.07231890818145208
0.03111849375958629	0.05756641235362256
0.03082648433973435	0.06091860075207314
0.05534556687786091	0.05598787029464593
0.07885044561354723	0.13133987799205185
0.03080093804139126	0.05875475526330686
0.05595420550281008	0.06474398123255928
0.037368299847138596	0.06178240311573041
0.031426282532117815	0.05858122261420969
0.03081211118782773	0.05932279807854812
0.045516510226929575	0.05453425621406593
0.030840986977383463	0.09134998360679705
0.031394324744736433	0.1564853307386055
0.03256538448071687	0.060104109101176036
0.031181815058290815	0.05657127681965919
0.08299827476927693	0.09444158060668423
0.054742223086105664	0.08010042321789416
0.03158908189140612	0.05687701086896083
0.03339711086662972	0.059817583960251344
0.03192085327003652	0.05676214372127251
0.03135187396074825	0.05672226660284129
0.03129424890575113	0.05983182552548976
0.0307371747546435	0.11897700664845594
0.03333981858187436	0.058527076917349846
0.031121888503121135	0.0796621372532245
0.03143163449980725	0.059395361505151185
0.03121459963541424	0.057208430465973466
0.0315477436865824	0.05646313154895259
0.03114435113604842	0.05688771153391656
0.03136252616931523	0.05649091627880737
0.030733851629802415	0.08101883996387502
0.03130248079198241	0.05603712513583242
0.03100644638206911	0.05854790513715467
0.03110878545745749	0.05650378973730801
0.03703310839552768	0.06019151468517662
0.030457394380887806	0.0618351797257408
0.030398091976210934	0.0793482250685978
0.031441128686917966	0.059095596709768584
0.03131322031531062	0.05814639715457332
0.03118651403518277	0.056560409767725785
0.03085285596743569	0.05867811559869511
0.0341266502830439	0.05821381252781663
0.0310921479621625	0.05862076749876356
0.031145277643926023	0.057655090045890006
0.031186514035182772	0.05759329064802205
0.031102187610419565	0.058297346028550225
0.03080093804139126	0.059664691997844674
0.03126894869007189	0.05648512145650963
0.03103809889491788	0.06023296740763814
0.030800938041391262	0.05948822561600037
0.030800938041391265	0.05937494761548251
0.030681597845057713	0.05930885697667977
0.03502909678231019	0.05833500895018137
0.031359869433421124	0.05545264193479822
0.030642384104517716	0.09070221826203255
0.03128768712613	0.056952589194399036
0.03143397836349115	0.05756334369282678
0.03110173745205587	0.059877358752379935
0.03773887851637621	0.061492300575961424
0.031290786607185705	0.05625771936182719
0.032304075299770724	0.05812235284908143
0.030761051244664883	0.05959848059607856
0.03135829207735013	0.056099714836782985
0.03128783800552364	0.056008770872199694
0.046564501838868115	0.059433974047068974
0.031121938211554845	0.056498354249447734
0.030820356420370756	0.060494763474869734
0.04155298692104053	0.058752907664420144
0.03113080946671028	0.05697411574360955
0.061985302259355314	0.060926341535614055
0.03989677716889518	0.06055110813940103
0.03194386871648459	0.05733257500372149
0.031177183054832597	0.05682238586467013
0.033383308972188414	0.05802670496773323
0.031217452378552	0.123923062387474
0.031208508424475742	0.056041930992358775
0.031186514035182765	0.05655696263202159
0.03119294769930509	0.05887835020042437
0.03992916148732844	0.06027379749624151
0.030852855967435682	0.058681940976906044
0.030747683863322002	0.11548220906885229
0.031989649041793695	0.05618114637979755
0.031485544689210186	0.055463860301635616
0.030799633315371396	0.05905534090599796
0.03067800183430421	0.11515478290879021
0.03374617490621722	0.05932882842529779
0.03174880619079994	0.058461193195207296
0.031063817277122267	0.05823124211465797
0.0310369129690213	0.0570034584069619
0.031359156515224224	0.05545094905774717
0.0313192497004877	0.05420258911874127
0.03204312749292809	0.05591784084953828
0.031147495169062265	0.056321069531141264
0.030706175627849844	0.164804024831095
0.03091716395467943	0.05828452817394034
0.030577962325577808	0.09952912929588092
0.03385383059579784	0.07426156227517423
0.031138351335599147	0.05674972293797475
0.03060669036307972	0.08453402594147848
0.03359061782483802	0.060003754223650556
0.03131236949029952	0.05791234749145136
0.03152313311344441	0.058642560293581475
0.03358075997605718	0.08309282644504279
0.0306702515803132	0.09471990010942802
0.03101673089440585	0.058088245585084665
0.030805124664504625	0.05845651122627539
0.03080093804139126	0.059357381258155234
0.062481000234129606	0.06504590303154782
0.031111425345692074	0.08288451227305701
0.0307371747546435	0.12069796846062751
0.03748384527151917	0.12216283072579232
0.030996403208143324	0.06058647054774331
0.031104448716761084	0.057340732315876455
0.031190518875531568	0.05650264311966116
0.031034302053706754	0.05773116073728418
0.057617056839719086	0.06330699108555551
0.10354533810675809	0.07857718538264673
0.031117699171498897	0.05832695499304321
0.03072566029588673	0.19740388948187407
0.031495582571299856	0.056634840673913237
0.03242361553841438	0.08217748174131909
0.031208306750141027	0.05651270993998188
0.04484398410613929	0.07919828660540962
0.03136179480761394	0.05582442878043347
0.030799633315371392	0.061833972318901975
0.031111926376046175	0.056754719825908254
0.030725660295886734	0.16559863156447593
0.030699718437519438	0.059389817141979696
0.035406365366128026	0.05553527302844498
0.03110250200909996	0.056621616679663575
0.031221618575243013	0.05883758806676461
0.06769522325898666	0.09989948917990227
0.05212751373920216	0.07200982692707471
0.031139858218620108	0.05610978811740056
0.030674543376613978	0.07746838669581983
0.03068820046842221	0.0827420292456752
0.033122124073232125	0.06077122040272313
0.03203706075155345	0.05615766731883404
0.030804506246438663	0.058486927999226584
0.03118519746518954	0.05628025560738091
0.031186514035182765	0.05727268773728639
0.031017001368458353	0.05808725319117204
0.03103403006117051	0.05806491244621878
0.03543599558662295	0.0552928733125925
0.030864673280648215	0.05911586977698837
0.03091716395467943	0.05794172590290176
0.030799633315371396	0.059419073391581374
0.033433589461329544	0.07019384772840151
0.030664443369976205	0.06778871311303879
0.031186514035182765	0.05655696263202159
0.036334182769915464	0.05754085874856188
0.031170724330113125	0.05781510537453183
0.03247024436653392	0.05605272889318338
0.030898937107406856	0.05836273246108235
0.031097248780447773	0.05716472705426326
0.030679785765890647	0.05932610126138548
0.031066076351105188	0.05787279059586401
0.03117543201583825	0.056445983290057775
0.03088364063218608	0.0587111854872241
0.03156336606350064	0.05512260504869728
0.03051292597772287	0.07811170908873631
0.03351219166861071	0.05533918647523344
0.031915625462959986	0.05729567395196739
0.031112965775131313	0.056486536627281224
0.03126399811117609	0.056501135508368217
0.031332355294921725	0.05629509228465148
0.03118651403518277	0.056560409767725785
0.03199081408744564	0.0574851232217189
0.030786423779652284	0.059040861269376035
0.03085285596743569	0.058717587684075694
0.03104902655498532	0.05640869737358127
0.03314042022939538	0.05701225987050072
0.031190518875531578	0.05656113322313237
0.030495659769689775	0.07970309861185614
0.0319842631637133	0.057112944911402445
0.031190768829429005	0.056492850072432155
0.0308897436559056	0.058488675343456
0.031359156515224224	0.05545094905774717
0.03133564922869602	0.058691371012995396
0.03131356092099481	0.05619628923900502
0.031042960722689483	0.05738633262846801
0.03133000985147581	0.05617700197512026
0.030733851629802415	0.07438638860443274
0.03136772907102479	0.055469422199691316
0.03062658711935456	0.09068685555421788
0.030553909310311555	0.09060960294021425
0.03076227281564502	0.11806552878554587
0.031190758778892602	0.056275395017429744
0.031117699171498894	0.057540568118864134
0.030828707143079007	0.05886589575747131
0.033505252547620414	0.057398592512714224
0.031118615913980373	0.05735113777585417
0.031095960661753654	0.06252811088758249
0.030511061648500874	0.0887178729836823
0.03052568894980473	0.08442205721875577
0.030809425326364968	0.0590658468231657
0.03135996289981332	0.05631893605578485
0.031147495169062265	0.056321069531141264
0.030642384104517716	0.09070221826203255
0.031688777106762094	0.055306667385264345
0.030904370074219877	0.058823046536777814
0.03157023536801122	0.05924427849545356
0.031663182793927123	0.05573355854899787
0.03393201072920851	0.05844193349198007
0.033136012451753	0.05694684698887788
0.031429015884608134	0.0561450720783679
0.03129270548110789	0.05562144850462864
0.031483730407498696	0.056832184026065394
0.0311528056442475	0.05757921164816573
0.031109052346740704	0.0565026843287365
0.03114173199979444	0.056952858149444466
0.03078286272158369	0.05836432040675111
0.031056130615154463	0.059819003070565924
0.03311810637585504	0.05686115178952925
0.034453966877393674	0.05844120239614176
0.031184539852639838	0.05656296700724703
0.031291226870124346	0.05625652459994559
0.03135819685955421	0.05603996981525675
0.03175113914412289	0.05692070858825697
0.057365683455816524	0.07434228715141528
0.09706357893308563	0.06520642323873209
0.031334863931625476	0.05603880723839895
0.03139541517359799	0.05784602362751222
0.03642999713198001	0.055384331446560194
0.031361794807613946	0.05632167891312659
0.030787471935138186	0.05890871876087831
0.031079975646744203	0.05817685157575519
0.031001464316242417	0.058945925618172246
0.030801250320128298	0.05817277874953952
0.031074078378547382	0.05986258665216771
0.030885489751158873	0.06037198932806738
0.03132174190181446	0.0555497246499894
0.0311882437397346	0.05678555355716504
0.05958220476736329	0.07962004368728298
0.1175334902784677	0.06504299027688919
0.03126894869007189	0.05648512145650963
0.03148976051487635	0.05529692423795868
0.031108009257776587	0.056286519300353076
0.05343201215218977	0.09478825883145725
0.03350793029007951	0.05529977933503569
0.030781935047999764	0.059036555794870806
0.03122654747118835	0.05860577294027931
0.031167968718531905	0.05640083959820446
0.03132951466532716	0.05617561891660894
0.031103178861528406	0.05734211818938563
0.033206227690493084	0.058571918192272115
0.03243887270785513	0.05647609368914848
0.03068523659575795	0.05903583343013079
0.031076401747748093	0.05703060006029405
0.043157503935424314	0.05467766725748523
0.031454049798205555	0.05830075512370472
0.03066682211606923	0.07556664605970169
0.03706996337023952	0.0726597061567187
0.030889743655905598	0.05971675599466334
0.030799633315371396	0.05906407587234931
0.030711384455108407	0.08367154134589345
0.03122766523963704	0.06362435820332986
0.03105650246449217	0.05663419962708519
0.04495453457123329	0.05791067299835973
0.030170825872248053	0.08799672836030989
0.030946986975046803	0.08036189649662069
0.035727905655112274	0.05611080259721723
0.031003926038656187	0.05698660952216372
0.030725480921285495	0.08251447068862051
0.031113329320323742	0.0568513143399682
0.037622384652362395	0.05659007257406988
0.03107044680852689	0.05778990566308034
0.03168265131713009	0.05567012901527235
0.05249337463316178	0.06464434103446225
0.03129270548110789	0.05562144850462864
0.03134600668269833	0.05629789138208273
0.03147118420202472	0.05569128255571166
0.030387847745852153	0.07947324028103339
0.031011746186892498	0.05965338737066008
0.03052568894980473	0.08849827579895303
0.03135107531050385	0.05615753745540727
0.03134955156358139	0.05548446588922544
0.03158865206244637	0.05577159246769451
0.03142174474568304	0.05626174595734374
0.0832315518530733	0.07842057684462903
0.04796603986513323	0.06654543037956065
0.034064812700933235	0.05914356309235523
0.03068091576255266	0.05933104676962644
0.03350665488617449	0.05497538933919024
0.03136100328115909	0.056411838288861274
0.03101673089440585	0.0573451940224627
0.030852855967435682	0.058681940976906044
0.03192650441701819	0.056849969542629525
0.030664443369976205	0.06832778165785477
0.0332709089343752	0.05612741682903665
0.031102502009099964	0.05766354867204084
0.03113988111847241	0.05610980543461894
0.031147471838976468	0.056321052106948766
0.03136008315865819	0.05607594630279736
0.031290578444218405	0.05562698190489729
0.03106263833176157	0.057870463363728177
0.03949679301231509	0.05672231674098293
0.08522499030559531	0.07986376874069998
0.045953749138106764	0.06776815432246294
0.030699718437519428	0.05925069477055735
0.030852855967435693	0.05881747072638719
0.031205396176355753	0.05649060487671486
0.031663182793927123	0.05573355854899787
0.031018836760481318	0.058049451972280175
0.03108703243903648	0.06805908765749648
0.030898937107406856	0.057987553983160904
0.031412952188287505	0.058337574993841214
0.031481161476140905	0.055901362579204736
0.031308027108332116	0.05731770424210048
0.03083201867219602	0.05887144379743473
0.031037844486644445	0.057034486915928086
0.030586422204708162	0.08264213899049232
0.03278977086403221	0.05992275871983463
0.03313311490693901	0.05500416778817947
0.030786980713658735	0.058929517394952426
0.03379377173618983	0.05830460751947037
0.032384160774264224	0.05557244273676255
0.031145967972046638	0.055750290978317005
0.04472035349954451	0.055364670509671386
0.03095451782081398	0.055967419660669655
0.03177821466711222	0.0599905247948836
0.03080730401035477	0.057688014917158116
0.031434546398414365	0.05562280874330296
0.030635728054157724	0.08054084595953236
0.037391757775189736	0.08143878138932731
0.0319074174774054	0.05695601297822606
0.03084610538478196	0.05865733901280646
0.031407129756715065	0.0556188872251351
0.03425029946794849	0.05620049209077283
0.03117631588664261	0.062233106978442955
0.03087414997308695	0.06833304768511647
0.030774994777036567	0.0586755043209297
0.03109476033078301	0.057140934010677324
0.04926658069804846	0.05790757392328722
0.032053385179054754	0.054925212226131344
0.03078707265354152	0.059041483628294915
0.03125714919567193	0.0835565664407461
0.03118306199855646	0.05601329629985076
0.030637731760080476	0.08107201881365736
0.03135915651522423	0.05545437622548958
0.031511073756268555	0.05564407871294988
0.031318394474376336	0.055811358706765284
0.03359051508233845	0.05878343867751486
0.033507654714643266	0.059315593947837524
0.03288181607208978	0.05645522575246215
0.030786980713658735	0.05842182864051673
0.03155088325580757	0.06895669789750292
0.03795490843220627	0.057441353888582
0.03153074576945769	0.05787959253691784
0.0310653476672809	0.05672214764964226
0.0332250050214935	0.055080765374825015
0.03095427436157155	0.05730013567382751
0.10236353040215922	0.06628685044472175
0.03299622194851999	0.05839547973020816
0.030786980713658735	0.0586155828188623
0.03407706708759656	0.05835904159071638
0.03331634284408519	0.057276351610387397
0.03091674415029942	0.058921195066925405
0.032806482640494114	0.055354619977332306
0.04882342789058712	0.09423804627069228
0.035273340550347546	0.05594967063907612
0.03088700434893822	0.05686611329484093
0.03180625312423347	0.05544477779908721
0.031359869433421124	0.05545264193479822
0.03103347799161429	0.05866354940942251
0.03327624985545289	0.05859597258828387
0.03328072660135024	0.05567538170050402
0.0847496381091492	0.07542257766815531
0.051598550141634454	0.06506806219947854
0.031878674590276206	0.08739361999885256
0.03144954457202882	0.05564289922019668
0.03116633429465926	0.05585148964622372
0.030788369106412892	0.058953624684577814
0.030607275836774406	0.08898802408234271
0.03360909834599693	0.06996526084759586
0.03199422302938291	0.06482184387117997
0.031018940553790095	0.07846405355393943
0.03703960501251729	0.05765182336506623
0.040501710785160974	0.0564504733528958
0.03125051476611215	0.05636747587572689
0.030667985864717844	0.0593977156543338
0.03137496105873915	0.06056864469779338
0.08540079945027143	0.08947180152899716
0.05527482257634824	0.05436084404058429
0.03109748348198245	0.06800829403253061
0.03069510940290201	0.07065935859989456
0.031143622222603754	0.05781710779515141
0.030399977887072556	0.0793506864831229
0.03511546596619792	0.07028759981374487
0.030789767870327604	0.06963865566631842
0.030845797380982067	0.05823083013436078
0.03149795403747369	0.055143755955619704
0.030755275825583156	0.06137245551285597
0.030387811725792045	0.08010309350482121
0.031543588342468905	0.05546971591970564
0.03068523659575795	0.05903583343013079
0.03136046897975282	0.05545779008841861
0.03170833393818964	0.05574597538822466
0.030828707143079004	0.05815142323177294
0.030814872981433542	0.059336755162993304
0.031250498280826725	0.05631432639370672
0.03153711134640809	0.0568119870031305
0.030735734206392477	0.06067327299041339
0.030814434888095404	0.059657239246442804
0.03543599558662295	0.0552928733125925
0.030828707143079007	0.05886589575747131
0.03134955156358139	0.05548446588922544
0.030781935047999764	0.059036555794870806
0.03130944216341711	0.05743539883262577
0.030842831184254304	0.05848616666554274
0.031732758095724956	0.05578440678112356
0.03297467471312291	0.05604066065986357
0.045798351813625335	0.053980283322663775
0.03075216786483345	0.05905253200247018
0.03103988233227662	0.05815321364356947
0.03134967046644769	0.055453202825979674
0.032897219094476036	0.0796479844745811
0.030634140365615164	0.08060594727308824
0.032620928195984875	0.0554122581380695
0.033528599699823386	0.0552555895891103
0.03125459855503277	0.056584950931089284
0.03063628608168794	0.08210628581538076
0.03102086252512099	0.05604233327036499
0.030670902845644974	0.0677958553801811
0.03054767465500509	0.06026071286049861
0.030776783920162084	0.08272563721034101
0.030725181534541093	0.05920839238119773
0.030402459746024565	0.07922768369469954
0.03204503736229545	0.0557771376493157
0.03088062704235352	0.05686024049508989
0.033300305400045443	0.05587154097121978
0.03095427436157155	0.05730013567382751
0.03134955156358139	0.05548446588922544
0.03069896650991447	0.059325648870607685
0.03069971843751943	0.058432561320956415
0.033133114906939	0.0561356809800071
0.03136579628634028	0.05704373680667168
0.036919983246374466	0.05836907356931427
0.031059074543515815	0.07656455356385476
0.09109698638281943	0.06430815662046846
0.03134955156358139	0.05548446588922544
0.030512925977722868	0.0782787540756623
0.031355820024582606	0.05704557058629208
0.03081464849322908	0.05657960122666219
0.030457394380887806	0.0618351797257408
0.030635728054157724	0.08054084595953236
0.031375064528607784	0.056754078086121575
0.031076461693695615	0.057108234732579775
0.031998558692049525	0.058581257539169374
0.03078703826733523	0.058869844731173536
0.031358209742832106	0.0554501116380133
0.030310230990684334	0.08050441028184857
0.03303684884605325	0.054923889608194096
0.030305162574650032	0.0810173998213881
0.03191777850698913	0.06116790731346332
0.03427206691079134	0.05695329861061908
0.04155394095024007	0.05880234012653543
0.030398919467805055	0.0793987287468122
0.038548763602392504	0.056418316798179
0.031173084264465748	0.05742246309764366
0.03168463670173427	0.0560523067323485
0.03164736616595711	0.05832257404858155
0.03043369744754178	0.08003777476911146
0.030842831184254307	0.0582815934639801
0.03216098898732259	0.05703254385633117
0.03135922063483077	0.05614890487324001
0.03537498280233908	0.0549775201013181
0.03129416250056206	0.056284936380528554
0.033272394040031496	0.05900912248186444
0.032484178121384606	0.05538496988383893
0.033908098919939296	0.057088182087380916
0.0306781754834672	0.059866686424297696
0.03306194240456848	0.05495104851490362
0.03135725143809871	0.05581925429168827
0.030950045723361054	0.057294635824613485
0.03130734237413209	0.05558092723626498
0.030786360886577355	0.05839032142906159
0.03068530241235408	0.05996483471636629
0.03784937860475061	0.061116564532948545
0.03063624165139368	0.08038318043704104
0.030387811725792045	0.09145689189763449
0.030670902845644974	0.06719509552778728
0.031141040913343722	0.056986288726165506
0.03231292609954191	0.05729840017127629
0.08535784236028353	0.08825877227545686
0.054583734621527775	0.05519930179514573
0.03055526712040501	0.0819733002879768
0.030624111574029562	0.07776207250737252
0.03128620624260465	0.054096994222413555
0.032496050183224254	0.056409885397983195
0.03471715926611095	0.07614704625533604
0.03135306127700282	0.054522267810147435
0.03164739961023979	0.05536547513422526
0.030586422204708162	0.08264213899049232
0.03058642220470816	0.08085909795637868
0.05874485957628964	0.06232183607237031
0.09904162402622833	0.08404651024260855
0.030807817703204638	0.05846139931028756
0.03742408362856871	0.0619879496213257
0.03653949377246129	0.05960040546585557
0.031028346704273804	0.05817640501800511
0.031173554545338978	0.056476670578073644
0.031359869433421124	0.0576851812307321
0.031480028044550995	0.055216756548143384
0.031358806802089904	0.05607809012605667
0.05740783886021018	0.0753182596007855
0.0961976448237351	0.06846742634223997
0.031429144686911846	0.05666869632496387
0.03084283118425431	0.05823920300621244
0.031016730894405858	0.05708639127495471
0.03323321379509824	0.06753202215026671
0.031342430717334537	0.05427520980237858
0.030818771220386385	0.06795917540078311
0.03149134718947573	0.05514786242793568
0.031301067371410224	0.05603585843784222
0.031035642475244696	0.0570388893517015
0.03069794280927834	0.05938488626662436
0.030667985864717844	0.0593977156543338
0.031688777106762094	0.055306667385264345
0.06456009974490662	0.05755694034898355
0.03102265782500704	0.05808643411567794
0.03165211124928961	0.055708143305362924
0.035503637569042755	0.0568734706224427
0.031026597651598847	0.05527542544672473
0.03202047763112977	0.05642980286506688
0.030744014822646503	0.05805954907029328
0.031448270819392644	0.05448804267409254
0.030724669855406138	0.05933798697144467
0.033736092966331115	0.056760860088474335
0.03129270548110789	0.056795681982339266
0.030457394380887806	0.0618351797257408
0.03125005798834103	0.05754941077828309
0.030804506246438663	0.05848695739086725
0.1372029903506237	0.09717977312213515
0.057100882179453076	0.053119323512510155
0.031292705481107894	0.055622181876883586
0.031221081799811944	0.055788946159413114
0.03131839447437634	0.055369484695339456
0.03128994855724907	0.05604754329562361
0.03322603045476419	0.06808660029082943
0.030561799223377376	0.06719622842031084
0.03067762516992084	0.07084130697380768
0.03237197964165069	0.055203887415393144
0.0303965316179166	0.07934618849596187
0.030681597845057713	0.05930885697667977
0.030798239174136204	0.05823973890081091
0.030922638890380286	0.059005493326981455
0.03167845182434185	0.05529764012112107
0.030950045723361054	0.05763705990568214
0.03130484285686676	0.0574569827544153
0.03161529837594055	0.05568272868437978
0.03116631105580174	0.05657499177346733
0.030725212005925633	0.05920847408658629
0.03591152072100343	0.05416175647057545
0.030399752048505275	0.07935039173167857
0.03137698851050622	0.0596304315079861
0.031245894184183127	0.05563780215058058
0.031406983713595314	0.05538201079027165
0.030828393299227697	0.058151127165135555
0.03535609497551948	0.05482624334850129
0.03558508997222825	0.05524224294033159
0.03344173431771705	0.0549873130326728
0.03214565449217269	0.07814592083199676
0.03134654486800578	0.055481804013897046
0.03078873762866984	0.05687195877657018
0.03164739961023978	0.05519099862516535
0.030418220663268474	0.07911070824886887
0.030815927873229558	0.05804940661997204
0.030387847745852153	0.07947324028103339
0.03136359542099578	0.05420986312666003
0.0310391707762609	0.05690288580549771
0.031092952467420405	0.0564332946560756
0.030878449298914104	0.05820794989624755
0.03090072024548156	0.05627371680953061
0.0305015093996106	0.06291970813904002
0.030835168019561168	0.0584948006366055
0.030586030391465086	0.06002124099098769
0.03088700434893823	0.0565361607545671
0.03095451782081399	0.05614650200479949
0.03018961627165107	0.08333151735134786
0.030666514347362783	0.0602609131443876
0.03175814571204539	0.05850799080877703
0.031131924328889882	0.05914814888952006
0.03053952053707922	0.09185162061910984
0.03319558126538351	0.0567754495396354
0.030738018718116857	0.05769687964138538
0.03130903603464898	0.05634867551134342
0.03044559554087533	0.06738876184706721
0.03083472499751098	0.0782561656250355
0.03074041658885843	0.058758076507462724
0.031005721528577834	0.05607182427139413
0.030450861657206594	0.059946749286367486
0.030953952004744448	0.05776206550414389
0.03538040794967697	0.054665603341142996
0.03056899464843479	0.06071855784441583
0.03069794280927834	0.05938488626662436
0.03066259023884661	0.060486309413220404
0.031228241172014528	0.05578203748872434
0.03094596502042828	0.056711115279891186
0.03136598710581701	0.05911541903482282
0.030684237015079944	0.05777843593194395
0.030921715679402762	0.05667807455468743
0.03102086252512099	0.05604233327036499
0.03136358326260371	0.057533784142497886
0.03482477273021856	0.05471549970930942
0.030845797380982067	0.05823083013436078
0.03392173122747857	0.05745567019871593
0.03082887871083117	0.057679030494563965
0.031500478160236385	0.05563949500375383
0.031038205514089236	0.05507070405407486
0.03188643332299706	0.058360490784350225
0.030726832392557444	0.05920998385012288
0.030402089489400076	0.07922720124888105
0.03104678424788938	0.059763167974279836
0.0307146136729797	0.0772344520351299
0.033436947828199615	0.05505222742138742
0.04005903070171332	0.0546069803447633
0.03373345078568308	0.05945828227347222
0.030418696323805915	0.09099609651423088
0.03150661750247204	0.05823358705654719
0.03239245539962049	0.05562331464849712
0.050700691224728776	0.06488036381426193
0.03425264357594166	0.06461000165845149
0.04640552665962438	0.05812152830353773
0.03136396489650963	0.056397483617458846
0.030744014822646503	0.057630044204334645
0.03588438552371085	0.061527115994428026
0.030815602964643387	0.05631390312883252
0.030441667999545015	0.07966450557551433
0.03082730143023065	0.05842914472105696
0.030305162574650032	0.0810173998213881
0.03135916710666106	0.05536771805110706
0.03187719623825605	0.055604473473998266
0.030807304524505436	0.05768801586085818
0.03074636457551938	0.05874529472782636
0.030815927873229558	0.058262560250839826
0.03350665488617449	0.054855884571602405
0.030351626425294157	0.08390412294234455
0.031666100244524306	0.0553153735736538
0.03166004219247582	0.05517982050592522
0.030740416588858434	0.05852708616180216
0.030770536937738683	0.06043610606784584
0.031028040002278472	0.08515210930604292
0.030592160310081298	0.05979629411989738
0.03171932579865852	0.05693685108896858
0.03104929938383843	0.056405399096750054
0.030954236323325092	0.056142382073896116
0.031128762330436488	0.05656131358689344
0.08111464303974293	0.05531525394661055
0.03149806847320108	0.058502114679998427
0.030417037645910954	0.07910916982567372
0.030764967834219916	0.058020462434962124
0.03251088967811995	0.055132497115728665
0.03149134718947573	0.056175533854898374
0.03091125742469205	0.05670036289311617
0.03066870908132151	0.0589738895621354
0.03781268220137818	0.060744987730144986
0.03133060284589594	0.05661036062216954
0.031125569702633863	0.05686355409374711
0.03202413220548127	0.055344298819394004
0.030740416588858437	0.05895511038309883
0.033455346118812256	0.060505819882906015
0.04260402602687629	0.062194194647052115
0.030667688036410717	0.0593950445896614
0.037915849478576714	0.05440375080702769
0.03114860884044572	0.0562065003308905
0.03332041977021611	0.060945932432452846
0.030779255438206483	0.058675400832956484
0.030498578108547742	0.07888321219505204
0.03131346717605361	0.05822293044217492
0.03126067739365828	0.05593122718382671
0.03123940109428644	0.07851517112498013
0.03085761556747745	0.05915429694164868
0.03068097265809246	0.05933117528585386
0.030679731030673098	0.05932597287695015
0.03306660067036605	0.05495493950160607
0.032064782743702454	0.0603668918738425
0.03101873648203546	0.0560404120040664
0.030401199630660396	0.07922604174770159
0.03149795403747369	0.055143755955619704
0.030262649063328807	0.08131758458838806
0.036669968329341	0.05500311777489881
0.030921918629403376	0.05667826613370179
0.09990595584168858	0.07831546165206169
0.05890090441783324	0.06468023308367006
0.03284112375767658	0.05559254233648311
0.03125693741635979	0.054180154967207086
0.030438782562611715	0.07836929206433564
0.03067010483094972	0.06013329391755659
0.030486547608865325	0.061856684586962515
0.03094058824790161	0.05670844034348673
0.031482576073777475	0.05497044690519872
0.030680915762552663	0.05940300898124792
0.033064050397754445	0.0675866518961687
0.030765332776015557	0.06453699512597635
0.031406807420343436	0.055381855280230215
0.030189713911041246	0.08333165210860757
0.06215109230814651	0.09313838507767895
0.03131272329952046	0.055510095151635165
0.030672500712398257	0.06719684653761783
0.03199227401906078	0.05791793078779956
0.03130750132626459	0.055415972597730304
0.030398067180059236	0.0807954414273966
0.030688574513434746	0.05834818718572483
0.0326115786969911	0.058417515583908945
0.031016234954990247	0.056038151342370564
0.033366977174651	0.058367140817439184
0.03231142805190632	0.05697915442824501
0.031062287933137513	0.055594082317115316
0.030206773664101846	0.08335519389289132
0.03107165911133681	0.058605471964443635
0.04749225549923924	0.06168922179073257
0.03128855725227664	0.05561849348895029
0.04748979915143537	0.05862125704984033
0.030720707383473354	0.05842132143421743
0.031017929546394603	0.05693173978131868
0.03211390053206628	0.05522982370861624
0.03096745033041693	0.05593430546514066
0.030471571297267065	0.06176039062685934
0.03064059534193945	0.059639166832204285
0.03030214750256554	0.08092533722798914
0.030954517820813987	0.05657708403508503
0.03209285495168523	0.05694524111825356
0.030940547799067308	0.056454680490321235
0.03045859282854474	0.06204414495957886
0.030683072824457498	0.05947650001293777
0.032637446007363666	0.05581797560548552
0.03098554415311978	0.05806875612914495
0.03051381671524445	0.06090701392964518
0.03132155605827527	0.05544637056260091
0.03081560296464339	0.05909232556604692
0.031070568234300742	0.05794799069184937
0.030470642574348793	0.061584328947058564
0.030681167181062237	0.05932926796574986
0.1039131104124376	0.09068068571778418
0.05786458558135232	0.05463823346628925
0.031247479490979224	0.05542886400850859
0.03128360971549908	0.07300440374465636
0.030402089489400076	0.08009841735857418
0.033106335804432	0.060528496246675924
0.032740611044228526	0.05543351034751688
0.0317483312726666	0.055759867777942757
0.031023103324774485	0.06125994523013078
0.0310793324633315	0.05694293442458902
0.032740818834700335	0.055205063573051
0.03141080266801167	0.05571138423305129
0.03091655500884614	0.05596106323817063
0.03051787991870841	0.06131779990837296
0.030217241931828853	0.07162820921407381
0.030726172479072545	0.06853107352545738
0.03306660067036605	0.05495493950160607
0.030667985864717844	0.0593977156543338
0.03335483780928744	0.05489948070532081
0.03306194240456848	0.05495104851490362
0.030740755869046316	0.0582484334673202
0.030419956570156743	0.08007874989020194
0.03164581672311114	0.05534421485967317
0.03091201185645555	0.059258276927698285
0.03166004219247582	0.05517982050592522
0.030457394380887806	0.0618351797257408
0.0473407516307397	0.055551724551676736
0.03095470591251904	0.05573793715562434
0.03124031436804958	0.0553378945574001
0.0334811946700247	0.056873186599690054
0.059180713424614104	0.07981462566607053
0.03058567948888864	0.07994884631970013
0.0308074149993253	0.057688218221103565
0.030667676349222326	0.059394837625381613
0.030774860101505846	0.058377176574391
0.03131577601893245	0.05547565227175687
0.0802878144871908	0.07377834156318389
0.05226521165663506	0.06491348572252928
0.031511319262105666	0.0800810887715507
0.03084491711286722	0.05917058605260621
0.12643520826331137	0.0747334581100161
0.05927217288426853	0.06397757497429492
0.03359860944183665	0.058673052276364546
0.030898593942345978	0.07485771463602245
0.03228164419636684	0.055162590740816336
0.030744014822646517	0.0580024210507603
0.03203724626850696	0.06180077592207351
0.0323022634358221	0.0568696888708228
0.03350764410161426	0.05485669446383877
0.04491085542423811	0.08113493032597409
0.039150493393480444	0.05817966516096966
0.033336957479296735	0.05744055466900276
0.03303684884605325	0.05548732063479605
0.031001817555398083	0.056256060010305704
0.030787706217242503	0.057655694043578745
0.08360458231849367	0.09270308281190648
0.057423946671227154	0.05935088135918562
0.03079202265164369	0.060061902823597635
0.031089797714278798	0.05864593725675619
0.03176773636518532	0.05609081314768364
0.05053325795777057	0.06018593822654237
0.031780221110994746	0.05504906618913062
0.0533603645454859	0.07740819082245175
0.030688574513434746	0.05834818718572483
0.03128429681107682	0.05836152110221425
0.030696745312848165	0.05835242852984601
0.0312712320349001	0.05563138437932841
0.05793400920002183	0.0538043286734804
0.030486547608865322	0.06086961229489763
0.0319726277564647	0.05404081978021866
0.03041306563517795	0.07950621048658618
0.0309405477990673	0.05651916437061195
0.04985185440750989	0.05487248240404361
0.035354234433935	0.059495500490006764
0.03409633124176594	0.05952641144572071
0.03095332603939208	0.05642164956749799
0.030758063015129348	0.05771875988743008
0.03100572152857783	0.05603126871315331
0.030788094312744346	0.05803424694678041
0.030826341901467748	0.057706837494318555
0.03156615284884027	0.05510232033917161
0.03205469857649283	0.05491675611120018
0.03059242067814644	0.059806239246645146
0.030732279957938955	0.05860818631912594
0.030633735803778116	0.06039820910947162
0.04801547374621626	0.054348333020671456
0.03013883789478604	0.08201116653799949
0.03231664992462846	0.054806102767071437
0.030423069081660117	0.07911701294051544
0.03044037519255256	0.08029215475993016
0.030735677557024953	0.05705557406480824
0.03370058481854217	0.05440460661108973
0.03130731617563526	0.05563948199466789
0.0313937525770431	0.06275148927255576
0.03057051177351238	0.07810394091486811
0.05190512552489328	0.08191774207456323
0.03556153343046875	0.05744127417838192
0.03233649384466745	0.05861037058321295
0.030647948995338833	0.08111009479206618
0.03018968931635479	0.08192268114311224
0.03019424481861554	0.08741887759544878
0.03575225580724396	0.05472350797042295
0.03029936624508493	0.08366022966370872
0.05173874147170079	0.06473823258988888
0.07920399502903462	0.07746256678284662
0.03140799777204991	0.062436026988844595
0.030763541597972274	0.08264609940932274
0.05962620677745525	0.06356657744300506
0.12259363552530725	0.07674959921620444
0.03583581393782217	0.055870393270774275
0.032023086181020614	0.055981357603584116
0.03096745033041693	0.05593430546514066
0.030768114257119845	0.05760715088856656
0.03059242067814644	0.059806239246645146
0.030478596223573667	0.061592369013663176
0.03231664992462846	0.054806102767071437
0.03482477273021856	0.05471549970930942
0.03095332603939208	0.05642164956749799
0.030732526004144337	0.05938960059060884
0.03107313992548567	0.06045060021065777
0.03096032491591277	0.05739310269076496
0.03321896760155281	0.05858796791985535
0.030421590319393475	0.08082669746362706
0.030470642574348793	0.06166071733149934
0.03095332603939208	0.0566588884159794
0.0303965316179166	0.07934618849596187
0.030282717675850772	0.0809873914276044
0.054324458157743685	0.0763723132663202
0.08338060248456382	0.06578657306743993
0.0303016969651094	0.06905492673388507
0.030457879473689664	0.06971754320314029
0.03095470591251904	0.05572813992710462
0.030667688036410717	0.0593950445896614
0.03612378267601877	0.08455674196189056
0.04730787535983377	0.05601506708366302
0.033822242457607	0.05685423110179157
0.031146282954972373	0.055750499661745986
0.030457394380887806	0.0618351797257408
0.048908372582569214	0.0647159557298555
0.03300115526822866	0.058920907209206806
0.03207764862154659	0.05612436964487987
0.05480432798589997	0.05383395672946227
0.03030214750256554	0.08092533722798914
0.03836077273524868	0.060699373530841066
0.030445797900603522	0.06290966980871854
0.030633735803778116	0.06039800821505673
0.0346643509350187	0.06080413778545073
0.030933453343464375	0.05607164660910581
0.030404905387695472	0.07924610258373782
0.09598629548497382	0.08914841977402634
0.05881163516662674	0.053484194059686796
0.03068210167028991	0.0585155389821388
0.03205956071530047	0.055561974928457145
0.03121432900282753	0.05675026092062833
0.03137964238237551	0.05698038322296929
0.03052619499290348	0.060625142956159186
0.032135801795922236	0.07803397011997243
0.035935398862498434	0.05953426108786032
0.034212761276089576	0.05820440811250044
0.031085513655899764	0.05589566654877216
0.054435890393267544	0.08355187163835302
0.033310330491048486	0.05548468417490936
0.030947416007816853	0.056103468840736165
0.03096745033041693	0.05593430546514066
0.03068523659575795	0.05903583343013079
0.030301534802039273	0.08107828807167103
0.030421655896452716	0.08110286439612198
0.03208038610208677	0.07200606118509317
0.03248656099841768	0.06807781239959891
0.1020135532965084	0.0748024802236103
0.05755943217089632	0.064961252797201
0.03064066704349605	0.059639236644898265
0.030138817987151123	0.08461767226684277
0.030787706217242517	0.057445108217467004
0.03148650639823532	0.05922844334672212
0.05816564119282036	0.06343342132437858
0.13570046677886508	0.0858536861209165
0.03482275864018218	0.054713910049406844
0.030667676349222326	0.059394837625381613
0.03148976051487635	0.05529915464546696
0.03178022111099474	0.05504679283688202
0.030969811348507507	0.07467891208789648
0.03604645141827119	0.10469285928209456
0.03090072024548156	0.05627371680953061
0.03068523659575795	0.05903583343013079
0.03539051875550757	0.05466674789792792
0.03304921174776665	0.0565073261175871
0.030686046720340355	0.061068698970118546
0.03124664415047852	0.05640126412795149
# $END DATA$




