# x	y
0.000000000000000000e+00 0.000000000000000000e+00
3.748045090836377852e-02 -1.113610174592706503e+00
5.459385144462235162e-02 -9.862119626924652493e+00
4.304140852193014122e-01 -7.808335272863649312e-02
3.493284479716952662e-01 -6.282066581175482778e-02
6.822023760671259984e-02 -5.924794920664780973e-01
6.793196957406556769e-02 -2.047668750397002135e+00
3.327273660523760168e-01 -7.122331036528965764e-02
9.085844935419049029e-02 -4.358528626057678323e-01
7.357693951449036096e-02 -2.336692788631547835e+00
9.613258074023625643e-02 -3.103797711990861963e+00
3.296264057988518292e-02 -9.309335904210749302e-01
3.442634210243122883e-01 -2.975348192196975439e-01
4.328997906375363358e-02 -1.156278122870604719e+00
7.521555248326668164e-02 -4.725191377186839681e+00
1.023603435249197807e-01 -5.232200967073170617e+00
4.600556412626203434e-02 -7.876548602069688876e+00
1.451012639782427727e-01 -2.071558046750018173e-02
1.581161325091418879e-01 -7.266659433976065119e-02
2.588417288756558188e-01 -3.676652273102977153e-01
5.096986042037700282e-02 -7.625959335308616360e+00
9.044058775160911112e-02 -1.112053890141143780e-01
9.851552529331558672e-02 -3.066415522066306965e-01
2.364585126656389424e-01 -4.401809775262852220e+00
1.923604896273944098e-01 -3.794479553009769024e+00
8.742203171017573493e-02 -1.427070368925690724e+00
3.195725155733568357e-02 -1.301568695334403225e+00
6.912689657088727513e-02 -6.023729331715641067e+00
1.398125349932937966e-01 -3.178136596604235753e-01
7.665840909142385140e-02 -1.463095467294196927e+00
1.201842912077175640e-01 -4.826574330317362715e+00
2.087390676459325300e-01 -2.932961239321135727e-01
1.241025930400062177e-01 -5.770290650563030255e+00
4.283397240601987538e-02 -4.535978050908901160e+00
1.035514112500031531e-01 -1.160352625489474154e-01
2.797753659152291683e-01 -8.334443576229501327e-02
9.634599973413257579e-02 -2.428729217546737526e-02
3.575232986032032129e-02 -3.684075071885842600e+00
8.945016384964428469e-02 -4.525874699949345437e-01
9.500634910226742058e-02 -2.267687343778439057e+00
1.092915695547694577e-01 -3.381839507736797756e+00
4.612240728241560894e-02 -3.153694734684956980e-01
9.852050124290266664e-02 -2.859306995232625770e+00
1.788849316525125688e-01 -2.132833904705773720e-01
1.297525705105384841e-01 -2.247449657782066623e+00
6.990478759270626896e-02 -1.773635938579024296e-01
6.824667520941669896e-02 -3.104126991153524640e-01
7.102790579467857524e-02 -1.985888880764366815e-01
9.699979292408557330e-02 -7.960002070728133816e-02
9.197195351951059639e-02 -2.197146870410990674e-02
8.869420313295912905e-02 -5.024159366262257009e+00
9.810658999429225369e-02 -3.942931116337219238e-02
7.438078032829489872e-02 -1.433838018281545779e-01
5.339592381935062693e-02 -7.366901270188129125e+00
9.510017927835065499e-02 -1.342626522388989940e+00
9.538227416568142991e-02 -8.238923895465986025e-01
9.637450804183431141e-02 -1.093560867664657016e-01
4.955655375502907023e-02 -1.953845479620279144e-02
6.249344875722653847e-02 -4.542553576722170305e-01
5.146659490463424691e-02 -6.694359814968854974e-03
3.981406450919614676e-02 -1.146666742488068769e+00
7.057615841606854068e-02 -8.853981953676245409e-01
9.647588501515001747e-02 -2.292269971483521795e-01
8.580107956667266944e-02 -1.635323504966138985e+00
1.817343548452679813e-01 -3.575003688971552240e-02
7.373071650545728883e-02 -2.283162103676083243e-01
5.873553973305418313e-02 -1.404190979307252451e+00
9.563552350254232726e-02 -7.673555963733538210e-01
9.266627136061129921e-02 -8.923495995174566264e-01
2.572907919369105123e-01 -3.337199113716784460e-01
3.391107604807178100e-02 -8.886551059606954961e-02
1.825315747901321006e-01 -5.319626386635393223e-01
9.530715995808491936e-02 -2.098589625985615381e+00
2.459277303315865748e-01 -4.051603591633928581e+00
8.945629764148689544e-02 -2.220911307150233327e+00
9.197053079977873802e-02 -4.106809558168387220e+00
3.190974482015350722e-01 -2.374903838357767805e-01
3.486339663521500348e-02 -1.178652828579304490e+01
6.360250878296649923e-02 -3.983773159881755926e-02
1.522054169363824538e-01 -6.493502268931343746e-01
9.726421119247656566e-02 -4.442383972007657889e+00
1.213308006059747451e-01 -6.656251778221401738e-02
5.405023184111542450e-02 -1.556351994574500130e+00
4.869092413614142106e-02 -1.930873818064740899e+00
1.928701922470204555e-01 -2.094525210020076189e-01
6.520417879903693537e-02 -1.322552564059066071e+00
7.091847784740488991e-02 -2.716257264237174548e-02
3.534337222622924851e-02 -1.003322264268502240e+00
1.151486691553023911e-01 -3.137383118084774658e+00
1.117378273929943294e-01 -8.411871222818556593e-01
9.846684808877841089e-02 -1.081719355936560945e+01
2.568936117945962438e-01 -1.921370931211988792e-02
4.250955631837336490e-01 -5.237326597353176953e-03
5.111499382443788347e-02 -3.421663186368147702e+00
4.761317755271435997e-02 -4.214555510048990650e-01
8.649953262788642738e-02 -4.079033331366503035e+00
9.540588241581483830e-02 -2.431730753306082349e+00
1.365658806848585594e-01 -8.032176712262302509e-02
1.852890782855871610e-01 -9.855928346725374434e-01
3.923861785437597616e-02 -4.057177651430143167e-02
7.057615841606854068e-02 -1.169527894329200901e+00
9.913944323872539433e-02 -1.007213351190023509e+01
3.392440540293904100e-02 -8.879235568194564221e-02
6.776380391808087267e-02 -2.497756581140534171e-01
7.525933336939742702e-02 -5.488202887106454320e+00
3.391107604807178100e-02 -2.806905574682807061e-02
8.250477123345008323e-02 -3.994731047881211250e+00
6.319444561679206374e-02 -2.762529325078439069e+00
4.759258318420605399e-02 -1.063483514283544151e+00
1.416001804611181081e-01 -4.488711296906330972e+00
4.546213817486888936e-02 -6.873184567955922253e-01
4.627413348366374996e-02 -1.931469328540742270e+00
4.343602357116417567e-02 -1.952714699223643047e+00
1.253243652832199129e-01 -8.396525663418845375e-02
1.874279736443072164e-01 -2.128768939781613967e-01
1.877144537429877302e-01 -5.246151455361192095e-01
4.869799949512674392e-02 -1.156124375074823130e+00
1.114350055173976561e-01 -3.081188271557915748e+00
3.413299357834446990e-02 -9.391681356212747134e-02
5.505022841868333766e-02 -9.967594039407577933e-01
1.176754621900527320e-01 -3.075277971183663084e+00
9.135619652509618938e-02 -1.262939323626103075e-02
1.400020505808908799e-01 -3.964891583643709527e+00
4.326914728459616000e-02 -4.083327741336356675e-02
5.096986042037700282e-02 -7.625959335308616360e+00
5.146659490463424691e-02 -6.694359814968854974e-03
4.901214913096737374e-02 -1.292159364214890527e+00
7.521555248326668164e-02 -4.438395729351161556e+00
6.805344006645402954e-02 -2.174722980242478787e+00
4.797662401982537295e-02 -1.833088364387516433e+00
5.405023184111542450e-02 -1.550428001216261231e+00
5.405023184111542450e-02 -1.556351994574500130e+00
8.590687039847812179e-02 -2.059997314956447667e+00
1.296592852556230913e-01 -2.238871613121071302e+00
3.123248063934490615e-01 -6.316167573944770908e-01
6.992652038107892432e-02 -3.161460835496581745e-01
1.389480932427691051e-01 -3.184118863447039649e-01
9.859414991568188347e-02 -3.936994190797089149e-02
9.249233516448111814e-02 -3.009802539599587323e+00
1.179545379842724950e-01 -1.274679415528278570e+00
2.444809938011210382e-01 -4.241697961134308414e+00
4.328997906375363358e-02 -1.156278122870604719e+00
7.199851009439903193e-02 -1.295784109315579080e+00
5.609690778992348914e-02 -2.138958966813780727e+00
9.852050124290265276e-02 -3.277606996384637039e+00
9.630656209665960921e-02 -9.650843821265533862e+00
4.328997906375363358e-02 -1.256324868574575593e+00
9.266627136061129921e-02 -8.212013698820677110e-01
9.501131348069778715e-02 -2.267265640153848683e+00
6.913310121221225013e-02 -5.846614076807937765e-01
1.147163384082222209e-01 -5.573039283704002145e+00
2.255941861890526090e-01 -2.105252535580897089e+00
7.521555248326668164e-02 -5.646490576394592509e+00
8.945629764148689544e-02 -1.593352981577506267e+00
3.543589483566206982e-02 -3.726889287701881770e+00
8.869420313295911518e-02 -5.426867231016592186e+00
3.923861785437598310e-02 -3.791529703112573313e-01
9.726421119247653790e-02 -3.765797773502759682e+00
4.752035762831659932e-02 -1.932817427670761312e-01
5.277425099971952416e-02 -1.843291168275703606e+00
5.086292435002046086e-02 -1.939867936111898672e+00
4.341255471015368905e-01 -3.898455169471567745e-03
9.880392303905424778e-02 -3.117077838292146463e+00
5.160240006960023496e-02 -1.877304824285147555e+00
4.619661860638201584e-02 -1.926962655904890243e-01
9.613258074023617317e-02 -3.122260146649384005e+00
5.223448719875029012e-02 -7.641080184254557928e+00
2.568340118715199405e-01 -1.922478463388789527e-02
6.984552946127725592e-02 -3.728446366433639358e+00
6.755149234886881349e-02 -4.874507770216422453e-01
1.789006851139833543e-01 -2.040887018342336656e+00
4.328735073460750205e-02 -8.307116610508288090e+00
5.610156007590998140e-02 -1.295055346853320577e+00
9.207625729184844288e-02 -8.729722893710090137e-01
7.696189413434238735e-02 -1.775456868364418517e+00
9.386872966233050786e-02 -2.570485301944315459e+00
2.161898026775352089e-01 -3.361356464578225012e+00
6.782522581370760417e-02 -6.200514130788538081e-01
5.765644192353962250e-02 -1.004122493400155663e-01
1.598283162144360781e-01 -2.156649273954970969e+00
5.852220184437602335e-02 -4.432714008522283256e-01
1.245897094641989222e-01 -1.957186825934538188e+00
3.575232986032032129e-02 -1.562413466013321184e+01
6.824667520941671284e-02 -5.233928326399941988e-02
8.719185241962164323e-02 -1.459765795216505069e+00
3.591361515042965774e-02 -2.783615105480552465e-01
1.397806772454998347e-01 -2.504604280789334281e-01
6.518929185084688938e-02 -1.366230059072115477e+00
5.445152981692068239e-02 -9.857169332044703580e+00
4.298681684064257352e-02 -4.519840473346373955e+00
3.959299076142237805e-02 -8.583570920880921884e-01
6.893654745567300013e-02 -1.041471994529749867e-01
3.203492445319033183e-02 -3.065946670452767808e+00
9.515745393396921048e-02 -4.520796549417610000e-01
7.410479327282724904e-02 -5.036809854667241737e+00
1.101871749887184809e-01 -1.438433250265110930e+00
4.047490524059702693e-02 -3.035164092459798901e+00
8.840185230332001098e-02 -5.098358851838740158e-01
4.434234685534414744e-02 -1.042865273036979179e+00
1.030924306087235426e-01 -2.029686153107270297e+00
3.981406450919613288e-02 -4.129398115937097380e+00
8.703981343967745476e-02 -6.018823167279344633e-01
4.426994545155174543e-02 -5.182800578577426265e+00
7.379338538707180817e-02 -1.113506272622609039e+00
3.963489596061985087e-02 -5.054280512088224597e+00
8.649953262788642738e-02 -3.053118952458838020e+00
8.250477123345009711e-02 -3.380162722735135183e+00
3.748045090836378546e-02 -1.046667072923802122e+00
5.022260472927295855e-02 -1.961264938495410962e-02
5.325290198306698031e-02 -7.609762296468081999e+00
9.818857710738415623e-02 -2.364929215388939188e+00
6.856695020110366301e-02 -3.644188459111081357e+00
8.559799339105111926e-02 -4.146286620222869423e+00
5.805074002122594806e-02 -9.709546629515449112e+00
1.226432711168629480e-01 -5.843253578858623953e+00
3.576499569810736440e-02 -3.333938758522950518e+00
4.063217714670136482e-02 -3.081334908297120645e+00
1.243775714441413965e-01 -4.540618035550065379e+00
4.462495310882021865e-02 -1.029439332579033461e+01
3.718339730705253615e-02 -8.073686756800052544e-01
4.017104272875542115e-02 -1.032056321171274504e+01
9.657059650704109821e-02 -4.037680579357454946e-01
5.279701761519411951e-02 -1.978349970645447264e+00
4.746441526376189712e-02 -1.925532497861792480e+00
1.582800761971136783e-01 -1.260751990812515100e+00
1.003293291402878873e-01 -9.534355049899767565e-01
9.443912482672377207e-02 -3.566771179053682239e+00
4.982717593862941857e-02 -4.929831213745589302e+00
6.916079535989069771e-02 -4.949802905989393764e+00
8.731830027905584934e-02 -1.638129274660718560e+00
9.303309492454481244e-02 -1.859750131046554511e+00
8.945629764148689544e-02 -1.531449771842092744e+00
3.142993609141738615e-02 -3.399910251215250589e+00
3.586899835130306219e-02 -8.229020492913369234e-01
5.905255650553994234e-02 -1.110085112486454761e+01
4.094239879112454572e-02 -9.582829359079517717e-01
3.543589483566205595e-02 -3.770812102637012497e+00
7.977373223180811435e-02 -3.009965379259072815e+00
4.817521709958776793e-02 -1.825511841064802354e+00
9.613258074023618704e-02 -3.170106519603332895e+00
4.434172647753217844e-02 -1.063705997284132065e+00
6.703007403888305848e-02 -8.879776198877037396e-01
3.240563262554454343e-02 -4.675581566863310279e+00
3.956429809523301366e-02 -1.251534349421101477e-01
9.630656209665960921e-02 -9.650843821265533862e+00
6.297028626557422959e-02 -2.862702143294495016e+00
1.375579892130555371e-01 -9.787412440382743384e+00
1.023603435249197668e-01 -2.244688153545663312e+00
6.857662220467666825e-02 -1.876502549924412788e+00
4.388235987084969369e-02 -1.091290892739543050e+00
4.414442173428576727e-02 -1.229550315380157688e+00
4.761141866445960796e-02 -1.832227969427332237e+00
4.151509776504019866e-02 -1.376841945641090525e+00
4.237722999351952596e-02 -2.851685587386675103e+00
4.343602357116415486e-02 -7.766806529230169787e+00
3.647639000233655893e-02 -3.383515498431718616e+00
7.357693951449036096e-02 -2.336692788631547835e+00
9.861304942927644202e-02 -1.976109362997038543e+00
6.583687082693689963e-02 -1.354146607730213114e+00
6.853398115340644803e-02 -4.601626600727596106e+00
6.119416056268600634e-02 -3.816498348975080113e+00
6.912689657088730288e-02 -3.169178719566210223e+00
1.076626510752637100e-01 -1.181138670765801590e+00
3.797010890689639373e-02 -2.121549794793133881e-01
6.228782701398639932e-02 -6.838714371557327865e-02
5.075226577780854453e-02 -9.797998333736650522e-01
7.410479327282719353e-02 -5.001187131751939852e+00
3.575232986032031435e-02 -4.138513709043087907e+00
4.430447443688525361e-02 -5.785855618569406111e+00
1.077195660119206200e-01 -2.848116796174612109e+00
8.469367068587878300e-02 -7.608076538726633586e+00
7.089940341435761739e-02 -3.168609519524396845e+00
3.923861785437599004e-02 -5.253399773134843631e-01
4.004336275952690566e-02 -7.106538058638472988e-02
6.149433899839983758e-02 -9.470990568148790700e+00
1.293466054164917889e-01 -4.270523167507572992e+00
9.181027063268110133e-02 -7.923793072200520982e+00
5.339592381935062693e-02 -3.802748482041525602e+00
8.013096173181440129e-02 -2.224823672357322923e+00
1.161973285210924772e-01 -3.365312538722672553e+00
5.505022841868333766e-02 -9.856649240549550939e-01
3.575232986032030741e-02 -1.624998219153788881e+01
1.053087202164360026e-01 -3.576721854919558741e+00
3.449826958518738274e-02 -1.130135675675948370e+01
7.521555248326668164e-02 -4.475555123030701132e+00
9.700432672700937120e-02 -3.632343398230248877e+00
6.719391547942081544e-02 -2.808665061482162884e+00
3.510432015827032182e-02 -6.086381936456180419e+00
3.888894064331761130e-02 -6.647808786042320728e-01
6.963366136399219697e-02 -3.461221528223644484e+00
4.770828065796554190e-02 -4.217251266647497610e-01
3.543122423019441636e-02 -1.002658322537036240e+00
4.997532850792562459e-02 -9.485490774108523482e+00
1.084303474314918109e-01 -9.323723068400230352e-01
5.088449103505048726e-02 -8.532490921081443247e+00
3.543589483566206982e-02 -3.726889287701881770e+00
8.178660043038034344e-02 -2.421664273003922840e+00
5.063849977146970410e-02 -1.253747681792365842e+00
4.343602357116415486e-02 -1.929424173977343449e+00
4.901214913096740150e-02 -1.304820516886836090e+00
3.268325735205957622e-02 -4.008939573563992553e+00
3.580380821893489746e-02 -4.623476723201126681e+00
3.981584767353218285e-02 -1.417965206747760387e+00
5.066469018189546231e-02 -6.540575925599906526e+00
5.213115814828149508e-02 -7.252096836520623313e+00
3.575232986032030741e-02 -1.673266925228095303e+01
4.327378281700264284e-02 -5.823273815366049710e+00
3.575232986032032129e-02 -3.420451524770734775e+00
3.631165441389656162e-02 -9.061125895837550681e-01
5.373886039166152206e-02 -9.749755122713308353e+00
7.226844055791915855e-02 -2.867417329131945358e+00
5.784018157394903853e-02 -3.694725658860477768e+00
3.400027669150049864e-02 -1.641004799372304535e-01
4.337907519845153603e-02 -6.292947024893941865e+00
3.530575649237768787e-02 -1.765854769781568079e+00
3.540662742000639379e-02 -1.244003883788867906e-02
3.510316351498098120e-02 -8.207723974346727402e+00
3.309772707503402106e-02 -1.104175411679893770e+01
3.948228520218120818e-02 -4.826680916044275627e+00
9.948020451792979890e-02 -9.607953788515944282e+00
4.627413348366377771e-02 -5.027246769474273513e+00
5.038917561136956047e-02 -1.308604085567667275e+00
3.836109812345626230e-02 -3.120856926272063681e-01
3.203492445319033183e-02 -3.130378536352315777e+00
4.125108964579254217e-02 -4.839218300112062554e-01
5.021046000239037105e-02 -4.442975949669273339e-01
5.344437341814763098e-02 -7.360134262172947750e+00
3.646438567896922306e-02 -3.384630524445216171e+00
4.159491985379876189e-02 -4.501660239405254949e+00
9.632698500193825897e-02 -3.013703349571676071e+00
4.322005705169777029e-02 -1.978987089086707840e+00
3.946093209887792386e-02 -2.037572881638860078e+00
3.519130541465631534e-02 -5.809022929478423691e+00
3.320105677513861264e-02 -1.259552788155563263e+01
3.598798870366794883e-02 -6.092291758667330193e+00
4.019517226316927233e-02 -1.033421756631067723e+01
3.233230999520131377e-02 -1.194187551678367099e+00
3.960415064403065288e-02 -2.018315723847575516e+00
4.270298276215609562e-02 -9.835748007784814728e-01
4.603523500446767003e-02 -7.965934001390539088e+00
7.074113020247731198e-02 -9.975887589053918703e+00
5.148032362647865512e-02 -2.429931509586223948e-01
3.723139577285292101e-02 -3.506579241584451001e+00
3.575232986032032129e-02 -1.562413466013321184e+01
5.088449103505048726e-02 -1.076597994551582005e+01
6.912689657088727513e-02 -7.398820043462794871e+00
6.736912259282273885e-02 -1.406491504294679196e+01
9.520000957655350149e-02 -6.161710635630466726e+00
6.297028626557422959e-02 -2.862702143294495016e+00
3.568687288152838644e-02 -9.657812164595526161e-01
4.071543279341637706e-02 -5.931477229151255193e-01
5.038034417912380658e-02 -2.256525132496920882e+00
6.597653588098123523e-02 -8.447843867442272892e-01
3.248336471660687175e-02 -5.085145416243276983e+00
3.591236221378068388e-02 -2.784861931721021588e-01
3.669464599086921797e-02 -3.073114260326847091e+00
3.496136263744180350e-02 -9.219450032324102651e+00
1.407061620407353553e-01 -4.671504526756670828e+00
3.575232986032032129e-02 -1.562413466013321184e+01
4.139911033085184877e-02 -1.136640859120012337e+00
4.410861172922615064e-02 -8.384328876755851923e+00
3.195163028070138744e-02 -9.052101770479272780e-01
4.355177041989141684e-02 -1.148017907952516348e+00
6.895135884523832803e-02 -2.031893361607692849e+00
5.096986042037700282e-02 -1.048106847558474897e+01
5.805074002122595500e-02 -5.668259735295101187e+00
3.476237266595001013e-02 -4.564734743489699653e+00
4.528675896401828521e-02 -3.064378211584762868e-01
3.578419095926333587e-02 -1.642767711794768815e+01
4.006480009382625690e-02 -3.879440072606790579e+00
3.610961099342777092e-02 -3.813609763368301042e+00
3.681264862284425177e-02 -5.335616085184481605e+00
1.014924863873308131e-01 -4.840083213925196581e+00
4.778258210410694234e-02 -7.186987002029240124e+00
6.518590680785447955e-02 -1.074110616431480647e-01
2.098130286554505675e-01 -3.348183940120010416e+00
3.930118739007412709e-02 -3.185635622215546192e+00
5.012565467426481625e-02 -9.882356232454857226e-02
3.425672240705186777e-02 -3.574956831586697525e+00
4.144593422192752868e-02 -1.076638430417300230e+00
5.954278463093335555e-02 -2.988682319275147492e+00
1.035570720999074712e-01 -6.924765418767862002e+00
4.282976189070419187e-02 -4.550453821697527879e+00
5.003588250599455556e-02 -9.471256796231463326e+00
5.339592381935064080e-02 -7.794594859326198666e+00
4.802719859961106230e-02 -1.143863653643748535e+01
6.778007692440012055e-02 -3.286263562892894452e+00
8.748227928655813446e-02 -6.615628006769145308e-01
4.219302342001057804e-02 -4.325080558938567243e+00
3.251274420994017950e-02 -2.075667165585117768e+00
7.524776444402364595e-02 -5.753341782051600184e+00
9.846684808877843864e-02 -1.082257025258132188e+01
5.345539283702327449e-02 -5.846641611033647656e+00
1.248751201085687990e-01 -3.202298510101141193e+00
3.991080594630596473e-02 -6.445194885774123694e-01
3.497611386844296649e-02 -5.867258940451019811e+00
4.898201879516948104e-02 -2.504432468075370455e+00
3.840132798796460495e-02 -1.202439853645696832e+00
3.242614113220466943e-02 -7.349367965857749319e+00
3.564556406497577240e-02 -1.036831101291767432e+01
3.219106091392837099e-02 -8.030484375498545546e+00
3.197397533474242298e-02 -2.290885460301516297e+00
9.846684808877841089e-02 -1.069332062540064143e+01
5.477029646849344152e-02 -9.880950343928709856e+00
3.510432015827032182e-02 -6.086381936456180419e+00
3.302522143036854679e-02 -4.822979210141695283e+00
3.174797259962613971e-02 -5.205677403911108669e+00
3.609484170035321543e-02 -3.126697437589382567e+00
5.337149598334930273e-02 -7.731720275846509338e+00
4.282976189070419187e-02 -4.321811788511374708e+00
6.508494899135533474e-02 -2.054731793263580089e-02
3.243319424974129561e-02 -2.436728600132413991e+00
5.244439748532649798e-02 -8.226522335582179934e+00
3.534337222622924851e-02 -1.003322264268502240e+00
6.172977784470706081e-02 -7.195632299710134905e-02
3.726878877753631719e-02 -9.756625151431247644e+00
3.240563262554455037e-02 -4.673343800925884750e+00
3.166400820269121147e-02 -1.499492312007423056e+00
3.575232986032030741e-02 -1.624998219153788881e+01
3.570454825913781799e-02 -1.564505824789163668e+01
3.537715203227732169e-02 -2.639497022934620546e-03
3.412525008190655379e-02 -1.891760040908138052e+01
3.375585489055401428e-02 -1.032319884269139365e+01
3.802286078144349879e-02 -1.084755870179224324e+01
5.158410330494013485e-02 -1.062352646190729999e+01
3.203492445319033183e-02 -2.204772942560766946e+00
3.617853865017407744e-02 -1.682005866228913860e+01
3.564556406497577934e-02 -9.595040474837611910e+00
5.360290808586631872e-02 -9.423110559101123940e+00
9.327394874712380268e-02 -3.650387775912278254e+00
7.115591386014961939e-02 -1.399396975797317388e+01
3.641126807062272652e-02 -5.692353142394336096e+00
4.283397240601986844e-02 -4.442883399641377906e+00
9.853572934261041472e-02 -1.083348805053234365e+01
3.694254103015789242e-02 -1.576649387851929163e+01
3.273477869023908027e-02 -8.993338694850969262e+00
3.326893190300360403e-02 -5.008080668322730800e-01
9.926275396488301594e-02 -6.728535670536757163e-01
8.259735599280712548e-02 -9.682469302647630727e+00
5.326588125307410437e-02 -8.395456233648983968e+00
5.049825624417089015e-02 -9.175810904955412184e+00
3.162412480337727094e-02 -8.029000644940902376e+00
3.575232986032032129e-02 -1.562413466013321184e+01
3.457171793200305293e-02 -3.984627313700403572e+00
8.049475889752347180e-02 -9.979892832996728913e+00
3.242939264250888770e-02 -7.350556662237559991e+00
3.227704165250774165e-02 -7.383528095383932843e+00
3.582254561227836420e-02 -1.630641333593804632e+01
3.566625804201808275e-02 -2.005837521636993870e+01
6.352368241581871078e-02 -1.244580292119716702e+01
3.510316351498098120e-02 -8.207723974346727402e+00
3.563512888251711697e-02 -6.245527394302685664e+00
3.613436410511156743e-02 -1.650653578745612293e+01
3.542814258354481244e-02 -1.002745539737148306e+00
3.798848364001184558e-02 -1.558356269250655757e+01
4.751935337067005743e-02 -6.146107053388527142e+00
4.239405352155891510e-02 -2.867016648794809552e-01
3.299481530215821190e-02 -2.498982335996602355e+00
4.018690316010953972e-02 -5.156683652935521722e-02
3.966428639835577891e-02 -3.056878796177696866e+00
6.736912259282273885e-02 -1.476028058111428010e+01
3.575232986032032129e-02 -1.488875407158260167e+01
4.997532850792562459e-02 -9.485490774108523482e+00
3.391107604807176712e-02 -9.015196429341607032e-02
3.280266846334917857e-02 -1.060388856031523197e+01
4.653832801429236971e-02 -5.088596084544983356e+00
3.241222286915380196e-02 -1.146571884058221968e+01
3.533995296373439177e-02 -1.850503130456681689e+00
5.233744839484021777e-02 -1.923793148319274593e+01
5.130238005914910387e-02 -5.436418861833669958e+00
3.943764796518872684e-02 -1.141535721589292951e-01
5.314833776601974452e-02 -1.140116605137962225e+01
9.622450749098539202e-02 -9.992108069859595432e+00
5.731327126792304383e-02 -5.299223919064336208e+00
4.282976189070419187e-02 -5.331896269145684819e+00
3.425672240705186083e-02 -3.580724501696203710e+00
4.388753603275362403e-02 -6.412126412770699169e+00
4.316263722628725652e-02 -8.233577688499846836e-01
4.600556412626206210e-02 -1.027575932952009730e+01
3.268325735205957622e-02 -3.068279077337310756e+00
9.338945981124988083e-02 -9.904303178579146660e+00
5.211711264059008808e-02 -9.536155063907306939e+00
3.542877205842542149e-02 -3.732357182560903208e+00
3.572743770637150373e-02 -9.633100400469664093e-01
4.260784836138079013e-02 -6.257191802632333655e+00
3.192425145083487709e-02 -7.467426033385201833e+00
4.887058761889070263e-02 -1.529909899283390473e+01
7.714538755093808264e-02 -1.154222607524376443e+01
3.558105966477456694e-02 -1.591674234205459548e+01
3.445753407150182329e-02 -1.106230047736588418e+01
5.380995435420223710e-02 -1.034287203956780310e+01
3.294024142634255359e-02 -2.479048030855517837e+00
1.633980697247130465e-01 -9.306005817070589714e+00
6.293143120183236627e-02 -1.058018518263129693e+01
5.223448719875029012e-02 -8.282709019162588504e+00
3.580380821893489746e-02 -4.669093470198746765e+00
3.824452607344874799e-02 -6.074546829334344089e+00
4.071898225260133647e-02 -9.735665656291254688e-01
5.084024091600780615e-02 -1.466910504754389422e+01
4.372103701368189321e-02 -5.009059592541123429e+00
3.388199951303564467e-02 -2.093272341529911262e+00
3.620171463238149034e-02 -1.862654393566621769e+00
3.265794537311134116e-02 -5.120225531624830850e+00
3.524221664005647292e-02 -1.229818143507272765e+01
5.214994520135694117e-02 -1.941153907579441906e+01
3.299481530215821884e-02 -2.485667208104628489e+00
3.696478656852755784e-02 -1.575748207438406823e+01
3.195921561412857353e-02 -8.458618795595742590e-01
3.499214425659173677e-02 -9.127432588851556616e+00
4.014588049385364038e-02 -1.039201216680301876e+01
3.578419095926333587e-02 -1.642767711794768815e+01
3.819473506191910228e-02 -7.693213548488445852e+00
3.750980691987292059e-02 -1.689410507978600506e+01
3.190702681240843025e-02 -5.225847172893807624e+00
3.570454825913781799e-02 -1.564582325121216044e+01
3.753324178243093445e-02 -1.569669857568240268e+01
3.628897664056311700e-02 -6.405741319032720149e+00
3.727835625533510583e-02 -1.261758515463839814e+01
3.519130541465631534e-02 -5.803297430798633805e+00
3.264056602113187683e-02 -4.705755681451321948e+00
3.240563262554455037e-02 -5.463982702135214531e+00
3.240563262554454343e-02 -4.896729093723417137e+00
3.300130045452978611e-02 -1.689516952249698534e+01
3.670030937112845476e-02 -6.346134047983349902e+00
3.407500183079614775e-02 -2.005847704910565810e+01
3.580380821893489746e-02 -4.669093470198746765e+00
3.119320056640111430e-02 -5.246914628094158317e+00
3.912513053800533575e-02 -3.139381989887627178e+00
3.510876617775433861e-02 -5.835165812677100661e+00
3.373051634402966792e-02 -9.716322258619824126e+00
6.736912259282271109e-02 -1.346199929601501566e+01
3.824452607344874105e-02 -5.476402701669032425e+00
3.549278665058028248e-02 -2.322343963622720153e+01
3.364646594707777078e-02 -9.645299161899588469e+00
3.543589483566206982e-02 -3.770807410575948815e+00
3.582254561227835032e-02 -1.630643361853900686e+01
6.266217959951450589e-02 -5.351472335366038280e+00
4.931228843823164121e-02 -1.213734900478241130e+01
4.462495310882021865e-02 -1.101700834858791467e+01
3.309772707503402106e-02 -1.019107241401305508e+01
3.206141039436883472e-02 -1.054271334421201267e+01
3.574758816208734036e-02 -3.442263748858565897e+00
3.499666598785392685e-02 -1.396920941181089582e+01
3.350464953036566551e-02 -1.180996813173355875e+01
3.617208369891150577e-02 -1.060506594182650097e+01
3.565129320577335031e-02 -1.670830530516177959e+01
3.209493489557538326e-02 -6.473006049541203843e+00
4.802719859961106230e-02 -1.455326891742106721e+00
3.596073325769956475e-02 -1.623168018887695041e+01
3.717564097209850177e-02 -8.995680895606854577e+00
3.624206539689819179e-02 -1.456335755579519997e+01
5.207773940380742983e-02 -6.817387438104043795e+00
3.582311220083007897e-02 -1.398921303864950438e+01
3.366849552151544855e-02 -1.535688706650149449e+01
3.930037179060860003e-02 -1.108530286488602989e+01
3.317961607520419909e-02 -2.452129943113351196e+00
3.611103704023081729e-02 -1.762996991248818546e+01
4.163035724813377719e-02 -2.771542069494310034e+00
3.248423236017550231e-02 -1.412638196105200805e+00
3.412525008190655379e-02 -1.792761384926185997e+01
3.304346935542194774e-02 -1.318406096901867031e+01
3.597113558286908069e-02 -2.053003502487810383e+00
3.496318053696468447e-02 -1.615565743816036814e+01
3.224973084265370105e-02 -4.730330455617422380e+00
3.617853865017407744e-02 -1.682005866228913860e+01
3.558105966477456694e-02 -1.588038491874713287e+01
3.598867981534249055e-02 -1.654320228406911752e+01
3.578419095926332893e-02 -1.639980817911681754e+01
3.369159666865659264e-02 -3.261026567533459541e+00
3.998371813050724533e-02 -1.642014162327537719e+01
3.574856608785212386e-02 -1.564485376266991601e+01
3.425672240705188859e-02 -3.576359611520334880e+00
3.395609042013802287e-02 -1.299665894851703740e+01
3.192425145083487709e-02 -2.775279713821284133e+00
3.599566310481459863e-02 -1.485939575543313929e+01
6.405673759438912374e-02 -1.243992738642603157e+01
3.494901793392080763e-02 -2.036888434779873691e+00
3.309375492200825747e-02 -6.212038570241972479e+00
3.308243526468112455e-02 -5.755708139189249728e+00
3.862638726653748467e-02 -2.801263156289120815e+00
4.260784836138079706e-02 -5.428213646242688206e+00
3.297129990202887773e-02 -4.733907550633959183e+00
3.566625804201808275e-02 -2.005837521636993870e+01
3.558105966477456694e-02 -1.671640904648610970e+01
3.210493248406322275e-02 -8.145761923008392191e-01
3.595776865251799903e-02 -1.713327957567861404e+01
5.908274012718111451e-02 -1.703555369041399459e+01
3.521645567349033362e-02 -5.887269201110235883e+00
3.658901650230628189e-02 -1.584406377557116841e+01
5.316262220049244869e-02 -1.925808203464687907e+01
3.240240413541497361e-02 -9.294480252878914328e+00
3.523192257239406849e-02 -3.229983931805073372e+00
3.333456733638927999e-02 -4.989288528292641800e+00
3.478471545523539182e-02 -4.773183298347713155e+00
3.189692012785284858e-02 -1.722900075872261638e+01
3.560551209039045095e-02 -4.889160750483519280e+00
3.126390576413404926e-02 -5.662855320635165945e+00
3.841435998442728483e-02 -8.478275309180272501e+00
3.726785970480882976e-02 -1.685447323344288151e+01
3.953681812169507204e-02 -1.427075753546488457e+01
3.370939584248760362e-02 -1.911572817200008600e+01
3.201588917181636545e-02 -2.293812121836575013e+00
3.195163028070138050e-02 -2.605981049301397068e+00
3.240065848708657825e-02 -1.657662802268694779e+00
3.304346935542194774e-02 -1.318406096901867031e+01
5.061208538669728640e-02 -6.749740279020436162e+00
3.309772707503402800e-02 -1.012585461563799782e+01
4.002996465713676288e-02 -1.659727045331981543e+01
4.446574840852560162e-02 -1.542046159804026040e+01
4.589494363904997321e-02 -1.442162790381973814e+01
3.181955178404637097e-02 -5.269674123626187701e+00
3.195163028070138744e-02 -9.052101770479272780e-01
3.557783508158203489e-02 -1.742743481770084202e+01
3.582592069320269385e-02 -1.572415659844608804e+01
3.554912747858583744e-02 -2.546397746963374331e+01
3.610308851206531916e-02 -1.637561102690448323e+01
3.575076236121663836e-02 -5.804194662253780557e+00
3.259387603039098219e-02 -2.382170760594551684e+00
5.050132709223575933e-02 -2.025537557104286179e+01
6.950076380122623132e-02 -1.674493452324452791e+00
3.198669236993682136e-02 -9.164370507756991913e+00
3.763356911763261065e-02 -1.140809920880269956e+01
3.225934833419084186e-02 -7.016949045106495753e+00
3.190782325104163375e-02 -1.727048651534679280e+01
3.159960406887780265e-02 -1.771533870774150587e+00
3.555070020711652290e-02 -5.672969922426879030e+00
3.549278665058028248e-02 -2.285596076530509535e+01
3.247026003209839418e-02 -7.580015748048212210e+00
3.516777050102255081e-02 -9.436154941148208408e+00
3.241898798639314405e-02 -4.678503973661909399e+00
3.168328307976485403e-02 -1.833168025970710957e+01
3.583769791600157489e-02 -1.648577156210645356e+01
3.617996072129746332e-02 -2.067620324720532210e+01
3.175424279416649842e-02 -5.191278986567930964e+00
7.086757214643776837e-02 -1.430593817435758730e+01
6.252061625684869617e-02 -2.440463955695807652e+00
3.273477869023908027e-02 -8.552509215925610420e+00
3.516593186987772290e-02 -1.699076232894682192e+01
3.280266846334919245e-02 -1.658646551863131435e+01
3.333456733638927999e-02 -3.248795852324564137e+00
3.578419095926332893e-02 -1.685430146271441032e+01
3.582254561227835726e-02 -1.717092590590572598e+01
3.201011547270105062e-02 -3.999591752294031632e+00
3.492307021916175175e-02 -1.024043591112286400e+01
3.344311016793171526e-02 -8.792741088216663670e+00
3.280266846334917857e-02 -1.215002602274939925e+01
3.578419095926331506e-02 -1.659788668397541755e+01
3.595776865251799903e-02 -1.713327957567861404e+01
3.280266846334917857e-02 -1.060643800561104655e+01
3.347951993465213272e-02 -1.261838990502346824e+01
5.585093246588875016e-02 -1.801522833833154991e+01
7.039810067391218118e-02 -2.099347384122291604e+00
3.210575512381860785e-02 -8.439733332885367645e+00
3.965711817296778408e-02 -1.274866856678362304e+01
3.300130045452979305e-02 -1.820220224558218902e+01
3.120265722980570741e-02 -9.492342903566262535e+00
3.496136263744181044e-02 -1.481612057193623500e+01
3.598867981534249055e-02 -1.011719258328353277e+01
3.248336471660687175e-02 -5.877757472456945465e+00
3.582254561227836420e-02 -1.411050019989439441e+01
5.617195126336442523e-02 -1.928902502712988820e+01
7.033928485543598785e-02 -6.527667723887431439e-01
3.478304210867440294e-02 -1.621084207512058839e+01
3.580300171709205337e-02 -1.562919527082694593e+01
3.195849598672408781e-02 -7.306927515647071658e+00
3.242614113220466943e-02 -8.013582899298285156e+00
5.214994520135694117e-02 -2.016411844325807579e+01
3.575232986032031435e-02 -1.359444875543264253e+01
7.984344520616355745e-02 -3.953874553182651574e+00
5.122118935904761139e-02 -3.632443709604354254e+00
3.095178259292219805e-02 -3.450247922758697516e+00
5.214994520135694117e-02 -1.949502177114654344e+01
3.174452567724007912e-02 -2.399154851438710434e+00
3.537254462685291562e-02 -1.762240282156114546e+01
3.268325735205958316e-02 -3.121553965456994817e+00
3.242614113220467637e-02 -8.695444570217317093e+00
3.476237266595001013e-02 -4.176741142237289317e+00
3.224973084265370105e-02 -5.285764269036460128e+00
3.677797840492867676e-02 -1.772625841742626207e+01
3.225461974339698112e-02 -7.375888480276572956e+00
3.552566635644844456e-02 -1.459518575166810628e+01
3.236634082346594860e-02 -1.194822818816158483e+00
3.104037773752217969e-02 -4.826776388379778737e+00
3.553613578564852882e-02 -1.296859647734229792e+00
3.445625159258117187e-02 -8.837939408573207700e+00
3.309772707503402106e-02 -1.121175109451646001e+01
3.195163028070136663e-02 -3.367277210817665622e+00
3.209493489557537632e-02 -1.822885252032737435e+00
3.315780035108931850e-02 -1.149638921734949726e+01
3.255750140088697203e-02 -8.883322249156084816e-01
3.127228144824577977e-02 -5.652946613765482908e+00
3.445105052091351761e-02 -1.108034566221654060e+01
3.247171337072727454e-02 -8.915156200799428277e+00
3.142993609141738615e-02 -3.384939140323387718e+00
3.280307702664460312e-02 -1.046443568294827742e+01
3.219106091392837099e-02 -8.108480317442179341e+00
5.305274613899337022e-02 -1.869693877565599038e+01
3.698293640996017789e-02 -1.744789838310652286e+01
3.534599140923512517e-02 -5.169338231837754094e+00
3.392214798642403939e-02 -1.760181860485258909e+01
5.214994520135694117e-02 -2.016411844325807579e+01
3.205216415776301897e-02 -7.023693351133716511e+00
3.240381218998841101e-02 -8.686491497536911410e+00
3.399504618157619951e-02 -7.206603523034858405e+00
3.454272843655548791e-02 -1.462655992068686039e+01
3.856856750403746259e-02 -1.695105738530229900e+01
4.275582128091039852e-02 -1.936775115136449088e+01
3.276751858362192404e-02 -1.001637240025279674e+01
3.120976885597251047e-02 -1.870028710958683149e+01
3.578419095926333587e-02 -8.501556049220566180e+00
4.507946568861458808e-02 -1.118606148030083958e+01
3.455015440095501184e-02 -4.693629803857917615e+00
5.104419219123827040e-02 -2.075782868125549285e+01
3.307243001508122088e-02 -1.769877427832660288e+01
3.320451612074555581e-02 -1.337805692873029528e+01
3.677797840492867676e-02 -1.772625841742626207e+01
3.591046760917075698e-02 -2.185439926716022185e+01
3.180751772220666296e-02 -3.416571946564032292e+00
3.936224104670926066e-02 -1.149094258001069235e+01
3.362835438013917627e-02 -1.529505688147651732e+01
3.362406509275453481e-02 -1.025263830726365377e+01
3.528150347766733502e-02 -1.178941818722190327e+01
3.510991742785293107e-02 -1.642932512969330006e+01
3.322652473197346829e-02 -1.258586221220629930e+01
3.530117188723094768e-02 -9.553956784603755636e+00
3.261552366691491261e-02 -7.142940839053358637e+00
3.227513282169242048e-02 -1.859919258494584682e+01
5.505948988893245855e-02 -1.795555985971688884e+01
3.580238142590919104e-02 -1.676581934798819518e+01
3.472783560287740628e-02 -1.610910065467416175e+01
3.175424279416650536e-02 -5.032767874721616685e+00
3.206141039436883472e-02 -1.054271334421201267e+01
3.335915183389008554e-02 -2.025807964625759894e+01
3.240752318349901517e-02 -7.019627287995978904e+00
4.349246203749616846e-02 -1.687554615365845834e+01
3.244982758431268904e-02 -1.054731604852468863e+01
3.189692012785284858e-02 -1.644000508184335985e+01
3.668753181172276778e-02 -2.024593381908162115e+01
3.301263001813025538e-02 -1.140214517749009637e+01
3.241222286915379502e-02 -1.095810339684541468e+01
3.198669236993680748e-02 -9.016286301444115026e+00
3.219106091392837099e-02 -8.108480317442179341e+00
3.782523116206887998e-02 -1.765881968830492710e+01
3.558105966477456694e-02 -1.806334714926657981e+01
3.210657768707411708e-02 -5.209343134449083479e+00
3.126390576413404926e-02 -5.822086583648820479e+00
3.347855583653697870e-02 -1.463015021122618009e+01
3.174635392564793129e-02 -4.766714412867628425e+00
3.259001469590869227e-02 -3.453840114462403132e+00
3.269543442329941180e-02 -1.362069485113784495e+01
3.445105052091351761e-02 -1.107936621933169796e+01
3.486339663521500348e-02 -1.178754780752384335e+01
3.163065026129062429e-02 -1.809021022471105056e+01
3.365894700358740971e-02 -5.405564409350596122e+00
3.575338775432571059e-02 -1.724562522509877027e+01
3.236174245622256557e-02 -2.569533202272714867e+00
3.524309410765696926e-02 -1.862231269640198406e+01
5.214570582950451422e-02 -1.870137100268872388e+01
5.729091205702765977e-02 -1.995117233043778526e+01
3.225924140368372633e-02 -9.087787798540540862e+00
3.486339663521500348e-02 -1.129256485304819968e+01
3.280266846334919245e-02 -1.658646551863131435e+01
3.423104837482445623e-02 -1.330665524741746353e+01
3.411968770733914136e-02 -1.793287229935018701e+01
3.392763127550026125e-02 -1.181767771316283699e+01
3.423745759844237097e-02 -1.870002309515556860e+01
3.109984312352143815e-02 -6.604880017558428129e+00
3.236509528241832134e-02 -9.565408202867421439e-01
3.273477869023908721e-02 -1.536828558089382568e+01
3.309772707503402106e-02 -6.459382655431952891e+00
3.264860049163097883e-02 -1.852700199875804543e+01
5.196440029702560637e-02 -5.579331393148384777e+00
3.299296731049469050e-02 -2.034635126179448505e+01
3.274173816580516067e-02 -1.008528150865948270e+01
3.347529602316148822e-02 -1.086328566635708803e+01
3.159331966373899597e-02 -5.982079524175411223e+00
3.411563863463010216e-02 -1.953648297470090256e+01
3.178967944813862467e-02 -1.133613921486809240e+01
3.395156440282286192e-02 -1.312818759904277854e+01
3.300360986146792103e-02 -1.689030933571235238e+01
3.416681855145634744e-02 -1.910072698811610081e+01
3.154165381592930611e-02 -5.176463373491869469e+00
3.273477869023907333e-02 -8.546265943161971634e+00
3.280266846334917163e-02 -1.061381719946112945e+01
4.206609935219809970e-02 -2.074682865995475112e+01
3.241222286915379502e-02 -5.818766949797387511e+00
3.595776865251799903e-02 -1.679025031229259213e+01
3.715230800361769836e-02 -1.798438866480143261e+01
3.292049530550983372e-02 -9.301343066970060747e+00
3.304465775154185464e-02 -1.261680376579391805e+01
3.078462170566580863e-02 -1.178852969214211655e+01
3.567071982717096718e-02 -1.790851416942017593e+01
3.388645860260980358e-02 -2.058901545817295897e+00
3.445787300147226673e-02 -2.120891780560296169e+01
3.195442685734879718e-02 -4.654814006401212012e+00
3.292660237040762744e-02 -1.221231409507907983e+01
5.216453298712855902e-02 -1.957355135386593403e+01
4.443177156007007550e-02 -7.621425158736538918e+00
3.142993609141738615e-02 -3.041738712467965566e+00
3.209493489557538326e-02 -6.473006049541203843e+00
3.295890159734057162e-02 -2.215964992588711269e+01
3.516593186987770903e-02 -9.754369741682872075e+00
5.221549890544838896e-02 -2.225310262191952049e+01
8.023742103760266031e-02 -4.063343520520636076e+00
3.285263888905942675e-02 -2.361934609263048301e+01
3.345456025519272930e-02 -9.762615908593510028e+00
4.227356467758535546e-02 -1.944595958877141229e+01
4.441838943183989974e-02 -1.333584406452072635e+01
5.104419219123827040e-02 -2.075782868125549285e+01
5.050132709223575933e-02 -1.994367052095538995e+01
5.191113904990857231e-02 -1.293907749016109854e+01
3.193664374387220756e-02 -1.665695128457728202e+01
3.768586418159446116e-02 -2.211315934343802425e+01
3.211953057619962998e-02 -7.499932544196550310e+00
5.303441503742178931e-02 -1.514625366312108490e+01
7.216051508355443567e-02 -3.058845925863740156e+00
3.642979526562082487e-02 -1.869925419331187300e+01
3.348044737713697788e-02 -1.896663584778306344e+01
3.228655448822975726e-02 -1.051193158620197643e+01
3.138597019119961778e-02 -1.813288823849197229e+01
3.365917500380091049e-02 -1.525269717660107993e+01
5.147437617686593386e-02 -2.038063251870855908e+01
3.412525008190656073e-02 -2.180113982266246708e+01
3.549278665058026860e-02 -2.034786774242567731e+01
3.304465775154184770e-02 -1.175734897744154495e+01
3.510991742785293801e-02 -1.609387942161395912e+01
3.733037990828151631e-02 -2.154134343966482845e+01
3.357398256476925441e-02 -9.257095719661275979e+00
3.362835438013917627e-02 -1.632013947054784708e+01
3.524898018932759447e-02 -2.006035746546888632e+01
3.174797259962613277e-02 -8.971598561615262923e+00
3.276107476406146801e-02 -6.441283711035693749e+00
3.531596673499036443e-02 -1.710203058674760257e+01
3.300130045452979305e-02 -1.692137080462372012e+01
3.178074466038305346e-02 -6.115650571081999942e+00
3.343213021078825231e-02 -1.213308070120443105e+01
3.315990785241358652e-02 -1.974680145326449932e+01
3.445787300147228061e-02 -2.003950109742548591e+01
3.315179710391569223e-02 -1.913708555516698340e+01
3.143424379624033121e-02 -3.375571091598401186e+00
3.668753181172277472e-02 -2.352542386192933677e+01
3.528415673846977546e-02 -2.036225928698659260e+01
3.299296731049469050e-02 -1.648167457707948813e+01
3.325477930759878492e-02 -1.335780450020395804e+01
3.304365123720864883e-02 -1.379805653072270744e+01
4.269157274432555660e-02 -5.512911781031723635e+00
3.201282822341509904e-02 -1.943677359672898319e+01
5.381401160320795074e-02 -5.446413194263151070e+00
5.583697346012646973e-02 -9.706776956194383743e+00
3.452718814588771196e-02 -9.970248048144805253e+00
3.350086650721501719e-02 -1.968425154277944600e+01
3.640460766652752617e-02 -2.055242737215846915e+01
3.205527147745496769e-02 -1.848713256435931740e+01
3.557064919248932588e-02 -1.759550068135905576e+01
3.258696019704780678e-02 -1.562094899940128911e+01
3.347855583653697870e-02 -1.460987890205588613e+01
3.347525167870201573e-02 -1.261903197767356843e+01
3.378057466065374770e-02 -1.650178958300869780e+01
3.510991742785293107e-02 -1.774458294858700214e+01
3.450116141102720774e-02 -1.731687750080374855e+01
3.304411723577922733e-02 -1.462979915625643557e+01
3.590801186482978774e-02 -1.969393046015209592e+01
3.154165381592930611e-02 -1.385147934821076099e+01
5.798232746785197261e-02 -6.381314147285437777e+00
3.078523552994202189e-02 -9.406205908482501599e+00
7.379948139476640023e-02 -1.443129484093578618e+01
3.495301744308867975e-02 -1.458151777332600751e+01
3.272756594067538494e-02 -1.373051284005709682e+01
3.224266933942835506e-02 -1.897713952417814909e+01
3.665233608603821885e-02 -1.927293441153513598e+01
3.083188258196967874e-02 -9.139087648459167212e+00
4.784784017162794362e-02 -1.020611762871507899e+01
3.159570601227559145e-02 -1.744110474806732825e+01
3.148161558363070378e-02 -9.408150078765771696e+00
3.511088430850425185e-02 -1.276568097982207561e+01
5.411784395703212597e-02 -2.441601083779495340e+01
5.204238154098737162e-02 -2.168664826130703105e+01
3.631414593429924814e-02 -3.030263836635033403e+00
3.315547372489351108e-02 -1.275478380581718696e+01
3.134684289940854740e-02 -1.870689481261851483e+01
3.581530274879335396e-02 -8.033267825389362571e+00
3.225925235882340369e-02 -9.099966902606166030e+00
4.237190916495184312e-02 -1.955005149244395923e+01
3.239750316260131546e-02 -7.976361602840245979e+00
3.168328307976486097e-02 -2.001629481522565257e+01
3.285962624534942422e-02 -1.473659763666698197e+01
3.351233958860547202e-02 -1.996446914755837909e+01
3.275453900596309725e-02 -1.061380616246651876e+01
3.126390576413404926e-02 -7.669614906129857523e+00
3.140729708453677410e-02 -2.346989672901424129e+00
3.640746365946258972e-02 -1.336003618295489481e+01
3.192425145083487709e-02 -7.467426033385201833e+00
3.300500235118605102e-02 -1.688959655170705432e+01
3.416554200494084648e-02 -1.910144142008115509e+01
3.405151829775100031e-02 -1.937406189765406239e+01
3.290832769476663422e-02 -1.634680726145414909e+01
3.407500183079614775e-02 -1.976418581849349110e+01
3.178367638176159832e-02 -1.058465552178054025e+01
3.174797259962613971e-02 -4.884764046565885032e+00
3.225924140368372633e-02 -9.409768491567657378e+00
5.016212802086109090e-02 -2.035474648517660512e+01
3.193664374387221450e-02 -1.918621955033503923e+01
5.190892867374249930e-02 -2.256862131598012056e+01
3.236117803583023200e-02 -1.712024785307675145e+01
3.258696019704780678e-02 -1.562094899940128911e+01
3.300130045452978611e-02 -1.689516952249698534e+01
3.178074466038305346e-02 -1.608414253768545876e+01
3.411563863463010216e-02 -7.407612251760009592e+00
3.160530254124158805e-02 -1.839089905395028879e+01
3.235038704652652697e-02 -1.771454659427018186e+01
3.290672297025583337e-02 -1.813556956429298239e+01
3.821217944799986527e-02 -2.370419862448401815e+01
3.295890159734057162e-02 -1.986636964170713071e+01
3.169093068905667193e-02 -7.899326825732281065e+00
3.697395876673873621e-02 -1.497347273868892970e+01
3.826718719782958716e-02 -1.833605393022486751e+01
5.050132709223575933e-02 -2.025537557104286179e+01
3.103901736573349418e-02 -4.695643868056769143e+00
3.181934348072036622e-02 -1.323564411385320660e+01
5.236660508196844949e-02 -1.616542269926807762e+01
3.098515657962694694e-02 -5.907426886229679930e+00
3.171384032622644178e-02 -8.127514055074751553e+00
3.092948085540730974e-02 -1.296471619927890018e+01
3.440591438971980776e-02 -3.657161461503409150e+00
7.615119875815329342e-02 -8.155631802758833260e+00
5.032338489396894626e-02 -6.277287231668107204e+00
3.171663733854990924e-02 -1.178393703291775552e+01
3.205803010265646097e-02 -9.792230931614831491e+00
5.104419219123826346e-02 -2.181723332118004066e+01
5.104419219123827040e-02 -2.075782868125549285e+01
5.446332477419719292e-02 -2.364023449151691025e+01
3.231959880745192276e-02 -2.300213238445648045e+01
3.120265722980570741e-02 -9.564628711801249850e+00
3.121119955793771189e-02 -4.633522355533993498e+00
3.189692012785283470e-02 -1.896785891550620917e+01
3.547064688355447415e-02 -2.185661999728029414e+01
3.312105830643884835e-02 -2.022905646006464053e+01
3.285263888905942675e-02 -2.361934609263048301e+01
3.264741901615345054e-02 -2.359473518894719746e+01
3.217058371567837333e-02 -1.897896967733326790e+01
3.189385995878587371e-02 -5.211294934674576496e+00
5.235856268958841153e-02 -2.351742963838819023e+01
3.392615579805133286e-02 -8.880076529967467991e+00
3.407500183079614775e-02 -2.035994823146737076e+01
3.228313233233762181e-02 -2.291587357402163505e+01
5.070943710941094862e-02 -1.882030713080091999e+01
3.257784929744333285e-02 -1.687922794169521268e+01
3.148844050879575501e-02 -5.586697326462918944e+00
3.549278665058028248e-02 -2.322343963622720153e+01
3.104037773752217969e-02 -4.826776388379778737e+00
3.668753181172276778e-02 -2.024593381908162115e+01
3.348044737713697788e-02 -1.896663584778306344e+01
3.508766475143655639e-02 -1.612475865467990843e+01
3.280787279820135405e-02 -2.149508492575741414e+01
5.264143911923346852e-02 -2.090888146971764883e+01
4.380850241101963416e-02 -4.864689540799947309e+00
3.451336749404042975e-02 -2.095554187451318384e+01
3.137990716232023913e-02 -3.857391904033911079e+00
3.137303869839509762e-02 -1.096036250791730460e+01
5.221549890544840283e-02 -1.687385389933658431e+01
3.235609174482063921e-02 -4.061378141898350336e+00
3.313297139994074436e-02 -1.864813300842407884e+01
3.166456049204161710e-02 -6.287027964766635613e+00
3.282699612722236870e-02 -9.099057430565894222e+00
4.376404088024907907e-02 -1.838288015697593636e+01
4.341497028062401425e-02 -1.252051580105198880e+01
3.150774272999663783e-02 -1.322068494439272435e+01
3.228312448011792790e-02 -1.335849267139910879e+01
3.048619742850773237e-02 -1.865555571899259846e+01
3.524898018932758753e-02 -1.060256030513318315e+01
3.403672319429008192e-02 -1.829109298100678416e+01
3.362223274462893680e-02 -1.910673785531591662e+01
3.101068957066878753e-02 -1.053421850977452934e+01
3.265497595411845366e-02 -2.161672064082997480e+01
3.189692012785285552e-02 -1.768581015260061662e+01
5.033273438432979419e-02 -1.957505854202889140e+01
4.028030033429239737e-02 -1.721121422742218243e+01
3.489415305772389231e-02 -1.882602592775624117e+01
3.350086650721502413e-02 -1.974347468557666829e+01
3.302439002085832270e-02 -1.767134577977307330e+01
3.560167152965158094e-02 -2.030976844158075778e+01
5.254198602085009828e-02 -2.325236007935272653e+01
4.553222323783369385e-02 -2.476812552621964159e+01
4.255553341298963510e-02 -1.670956088394660455e+01
3.135052736437857202e-02 -1.578649789619507438e+01
3.311382556051929021e-02 -1.188489657924584364e+01
3.551194967037953065e-02 -2.006145177979508532e+01
3.158395739207869868e-02 -6.688575272739837985e+00
3.192425145083487709e-02 -1.048527681272399903e+01
3.280266846334916470e-02 -1.191514104290468978e+01
3.086803982120701895e-02 -1.859516743565222541e+01
3.283263546410038203e-02 -1.123501353565164784e+01
3.231248350147739729e-02 -1.971599226443463593e+01
5.104419219123829121e-02 -1.207914318664264641e+01
3.229787613476495928e-02 -9.155111846208674464e+00
3.225924140368372633e-02 -1.012577207849456862e+01
3.120265722980570741e-02 -9.479371817238016362e+00
3.348044737713697788e-02 -1.899093227066034117e+01
4.207383528057915406e-02 -2.074723900505795982e+01
3.227757955787403932e-02 -1.516253689104900992e+01
3.533807613221524868e-02 -2.189873823926924601e+01
3.095713659834160164e-02 -9.132764709703208084e+00
3.090135763575357908e-02 -1.646915023236350351e+01
3.360176481519899783e-02 -1.805022259256464423e+01
3.086803982120701895e-02 -1.896651990690432754e+01
3.313297139994075824e-02 -1.828286736241077293e+01
3.295720915224280984e-02 -1.981708573090076442e+01
5.241937257359256114e-02 -2.343534515238377836e+01
3.535848335300555839e-02 -2.037574078837924674e+01
3.335915183389008554e-02 -2.025807964625759894e+01
4.370615304857923544e-02 -2.111946269156041822e+01
3.816342950905875914e-02 -1.795901731997435036e+01
3.569135246424155056e-02 -2.538672584701303236e+01
3.193996450905558365e-02 -1.918422143086104370e+01
7.053130314099230469e-02 -1.956473268291084722e+01
5.406923797357943845e-02 -1.661432314211199923e+01
3.625401198875065345e-02 -2.499295810972831333e+01
3.667361365966861214e-02 -1.908196081389573706e+01
3.151677683240321215e-02 -1.344901693221397565e+01
3.408618993148929133e-02 -1.893730313089449524e+01
3.266011583947293906e-02 -2.359810204558092650e+01
3.449502188694753002e-02 -2.095332136369485454e+01
4.225746057515944454e-02 -2.198238369681624604e+01
3.397392714153796289e-02 -1.134906673089330909e+01
3.189767960202333219e-02 -1.593602474689537019e+01
3.101025137387876038e-02 -1.053101933186077410e+01
3.040518853299495339e-02 -1.906310028166748793e+01
3.168697334842576069e-02 -1.771909083578105282e+01
5.057613506513478074e-02 -1.596058516003401451e+01
4.703806961659777464e-02 -2.034398230044241984e+01
3.231060682056244998e-02 -1.141319339657044729e+01
3.206706519235021091e-02 -1.734924026813152054e+01
3.354744569220351885e-02 -1.989792887674536459e+01
3.196222653710501654e-02 -1.896629367950136213e+01
3.250514628448234605e-02 -1.980854840946150119e+01
5.362528688742754929e-02 -2.332920644067750970e+01
3.193899498186898028e-02 -1.031005559657503845e+01
3.254871060928961335e-02 -1.814042677509658219e+01
3.287186403127099338e-02 -2.241913295014663632e+01
3.049492026030893935e-02 -1.651892246539868836e+01
3.183438617060908860e-02 -1.370856125282880456e+01
3.146540291992255128e-02 -2.100327540798913617e+01
3.384992971835435599e-02 -2.003419541864004572e+01
3.701106095516502881e-02 -1.412580533412488748e+01
3.529369955275001025e-02 -2.291767445552930127e+01
3.231009727632093431e-02 -2.034371318975912502e+01
3.120265722980570741e-02 -9.564628711801249850e+00
3.922338739575000066e-02 -2.396313041548572187e+01
3.177657257562260806e-02 -2.162389544377703388e+01
3.311945802249108284e-02 -1.312755206851767298e+01
3.193761214654445429e-02 -2.206098477874560260e+01
3.176747590164627488e-02 -1.416816596156556685e+01
3.554223626039756251e-02 -2.182004693528264383e+01
3.142486546957787286e-02 -6.639241174809686896e+00
5.421938833231584182e-02 -2.798177105106945817e+01
3.733037990828153019e-02 -1.924334890879861248e+01
3.546334050662842269e-02 -2.193419090251182624e+01
3.120430758849382716e-02 -5.359944060509814534e+00
3.545806660445583597e-02 -1.433224706449747643e+01
3.178016058013571898e-02 -1.172475219388507739e+01
3.068569917047074894e-02 -1.035224135983993321e+01
5.210480334375066497e-02 -2.181594555483211195e+01
3.159939385580162047e-02 -1.843722079015758197e+01
3.137970441382900016e-02 -9.633321097263184640e+00
3.178967944813863161e-02 -1.907735168863410991e+01
3.264741901615347136e-02 -1.220865908805484068e+01
3.092948085540730974e-02 -1.296471619927890018e+01
3.110367082786837101e-02 -1.090263343289566400e+01
3.087766420771810572e-02 -1.081603862118411286e+01
3.948937007749696998e-02 -2.215159873022808767e+01
3.134684289940854046e-02 -1.870940648784905491e+01
5.254198602085010522e-02 -2.325003891851563509e+01
3.156223240670195246e-02 -1.933739591052365014e+01
5.221549890544838896e-02 -2.366928226199368979e+01
3.178464780846918664e-02 -1.870287216323711732e+01
3.177556962793675471e-02 -1.931374899133898282e+01
3.637317145140315372e-02 -2.057021344541517038e+01
3.193218916507295502e-02 -1.766624270802288876e+01
5.211095523887594033e-02 -2.662266279135384295e+01
3.285263888905941981e-02 -2.247048744862914660e+01
3.191959711567387420e-02 -9.274446366802035158e+00
3.978682123024819550e-02 -1.915659842991217232e+01
3.423422459980604571e-02 -1.885518411323675636e+01
5.073552869582823033e-02 -9.400288409436136305e+00
3.095178259292219805e-02 -3.317449345178574482e+00
3.228313233233762181e-02 -2.336306062716690946e+01
4.460057393145735322e-02 -2.308857159994484931e+01
3.770750459940359900e-02 -1.091821098452824756e+01
3.235038704652652697e-02 -1.798559062763453653e+01
3.119320056640111430e-02 -5.222829008193532907e+00
3.242309851438913287e-02 -2.249214458205070599e+01
3.183003364917402767e-02 -1.402944878508839999e+01
3.092084563498530281e-02 -8.594215578205796291e+00
3.332529480407962763e-02 -1.301534304086229277e+01
3.508138472390988361e-02 -1.823822857716217882e+01
3.165862327662965353e-02 -6.038821879166137663e+00
3.104037773752217969e-02 -4.826776388379778737e+00
3.148482562232743365e-02 -4.711405954232883886e+00
3.490673198870634236e-02 -2.404366685415095262e+01
3.301073528600836915e-02 -2.257513424840901806e+01
5.367879602302304959e-02 -2.559945973785849915e+01
3.140709860941996029e-02 -9.143201505053713873e+00
3.490673198870634236e-02 -2.403971032275500264e+01
3.087766420771810572e-02 -1.081780960438786643e+01
5.152853758317708921e-02 -2.213236417869019235e+01
3.106721672682641669e-02 -2.082281311208833330e+01
3.260776539227550758e-02 -2.107877677951635320e+01
3.201741064288042560e-02 -1.940865454088156383e+01
3.159570601227560532e-02 -1.894452415898636133e+01
3.193996450905556977e-02 -1.767080565782326929e+01
3.193162723623010901e-02 -2.363607951487126257e+01
4.246885422045428016e-02 -1.848983754037659466e+01
3.201336217699236181e-02 -2.245730910634632593e+01
3.172263838543175341e-02 -8.374001596496510658e+00
3.252661947034073825e-02 -2.251225018448253223e+01
3.192892876508718336e-02 -1.829794177057652504e+01
3.163026851146500534e-02 -2.023846377659358708e+01
3.768752442568500116e-02 -1.898083901885675218e+01
8.440176740133639721e-02 -1.825195923789970820e+01
5.181181146281151756e-02 -2.377816309786631521e+01
3.412549566506168502e-02 -2.238506615673500733e+01
4.318097743631919838e-02 -2.328258542624801564e+01
3.221771783540017947e-02 -2.666599820571650170e+01
3.097149113704856030e-02 -1.000495089505043289e+01
3.090122951609385049e-02 -1.649784561402296390e+01
3.272655285765275340e-02 -1.835177171290815323e+01
3.120976885597252087e-02 -1.871136350288633210e+01
3.040518853299495686e-02 -1.905181526707996298e+01
3.159570601227559838e-02 -1.808391196739610862e+01
3.352021932161666079e-02 -2.192660297414116854e+01
4.451362189804815295e-02 -2.313271943506909523e+01
3.549292263865198860e-02 -2.322458608853627737e+01
3.139080814717511853e-02 -2.104228410406541272e+01
3.141358070879298608e-02 -1.858796412066787695e+01
3.163065026129061735e-02 -1.814901938825158467e+01
3.538198302802927908e-02 -1.852917640306576175e+01
3.086634188761482045e-02 -1.902995266348001024e+01
3.135126654338270258e-02 -1.869356006519063129e+01
3.094239856222371840e-02 -1.842729315621896902e+01
4.722874213835357576e-02 -2.364657068753147939e+01
3.294928055491280761e-02 -2.363191948136146081e+01
5.215294481162762591e-02 -2.348812365204157970e+01
3.577787473879121688e-02 -2.294652245176659733e+01
4.512246377401100267e-02 -2.115210994712528958e+01
5.180980334342627502e-02 -2.407692248365017917e+01
3.296861254630130411e-02 -2.134949078126130573e+01
3.231248350147739729e-02 -1.984075682479526037e+01
3.803067872446577041e-02 -2.381409650944643630e+01
5.130474430813697362e-02 -2.340604711573811159e+01
3.186610120203683949e-02 -1.824354437616138824e+01
3.092948085540730974e-02 -1.296471619927890018e+01
5.411784395703212597e-02 -2.372823801537000676e+01
3.039592547710555023e-02 -2.052103381687186356e+01
3.051571941862230714e-02 -1.644096715207578185e+01
3.156223240670198715e-02 -2.258438886238865706e+01
3.295720915224280984e-02 -1.697558020233269360e+01
3.524894207441911509e-02 -2.410289823245419427e+01
3.282819387847217552e-02 -2.361315982931608204e+01
3.150637275501539519e-02 -1.901071330212381127e+01
3.280309589947586618e-02 -1.950867611011688396e+01
1.186251620876950935e-01 -1.328198861481391191e+01
5.534718937358784618e-02 -2.278012659478651258e+01
3.049492026030893588e-02 -1.846085342406363949e+01
3.927498567450244532e-02 -2.157106278052859594e+01
3.177930738429747548e-02 -2.208872348003559338e+01
3.169223150732716071e-02 -2.037579838232850449e+01
3.150774272999663783e-02 -1.322068494439272435e+01
3.120265722980570741e-02 -9.564628711801249850e+00
3.100232753749398648e-02 -2.225777227456887886e+01
3.243707403584197846e-02 -2.105918312658369373e+01
4.204505365565103236e-02 -2.174923709684842876e+01
4.793920812406600451e-02 -1.075080716013059678e+01
3.230041361554098628e-02 -2.015746893892471547e+01
3.603866558364089007e-02 -2.355893040372543012e+01
3.311465115640810364e-02 -2.092048773111971016e+01
4.790801127937407977e-02 -2.356506393074554495e+01
3.159570601227559838e-02 -1.797712868468742897e+01
3.090135763575358602e-02 -1.641321675071532837e+01
3.160381139037347908e-02 -2.135174479209035425e+01
3.475005404690194311e-02 -1.957387992312303382e+01
3.084439156321615652e-02 -1.067729338025741548e+01
3.124210361440532546e-02 -1.064417785609687073e+01
3.150774272999663089e-02 -1.515258972168117246e+01
3.171754671473534654e-02 -1.596885950619084227e+01
3.094775344979152146e-02 -1.153288935770177659e+01
5.306143191927627928e-02 -2.142815467501277382e+01
3.118377012647765428e-02 -2.364437637376714108e+01
3.533939657634722203e-02 -1.995561662942265713e+01
5.092067516834906937e-02 -2.534286497847268649e+01
3.165545391429087918e-02 -2.295544240921963564e+01
3.099642122921249243e-02 -1.899099065701651412e+01
3.161055814213324655e-02 -1.179337239904478452e+01
3.426971839184261154e-02 -2.086934970022307922e+01
4.716195881430582104e-02 -2.069335949555646081e+01
3.088471661917197020e-02 -1.787563939731833074e+01
3.777886599659112388e-02 -2.010427188790359310e+01
5.211095523887594033e-02 -2.662266279135384295e+01
3.180761952452287183e-02 -1.805070914611714983e+01
4.916082531331956301e-02 -1.210191316787336291e+01
3.285263888905942675e-02 -1.821308103006040113e+01
3.162701788804487407e-02 -2.294904723734839180e+01
3.556397414345229685e-02 -2.532449692703159982e+01
5.181181146281151756e-02 -2.377816309786631521e+01
3.285263888905942675e-02 -2.361934609263048301e+01
3.525001406088031780e-02 -2.410216365709627340e+01
3.206834743323765113e-02 -2.269227102230451365e+01
5.092067516834906937e-02 -2.534286497847268649e+01
3.120976885597252087e-02 -1.871136350288633210e+01
3.087555037593155138e-02 -2.255686542499189073e+01
3.590235418125049816e-02 -2.033655986798301640e+01
3.092821017630390662e-02 -2.639203251487144897e+01
3.290764602563089197e-02 -1.993136500905152886e+01
4.849400873980520138e-02 -1.892868420271393504e+01
4.703840800039350151e-02 -1.975142167631144829e+01
5.411784395703212597e-02 -2.441369504451741790e+01
5.411784395703213291e-02 -2.238277182421264655e+01
4.722874213835356882e-02 -2.668493713538873990e+01
3.490673198870634236e-02 -2.139390222954542509e+01
3.222259183359579837e-02 -2.737489602476927786e+01
3.491078651269013261e-02 -2.313905366223300675e+01
3.132597234616694981e-02 -2.332232804623653522e+01
3.086803982120701201e-02 -1.901099569839270842e+01
3.106852337242686085e-02 -2.222656725922027476e+01
7.296046826213434255e-02 -2.162760509010862009e+01
5.126000638049545144e-02 -2.494238377660409967e+01
3.283320761224622214e-02 -2.132225031107774527e+01
3.202013447359715326e-02 -1.906443877622555405e+01
3.285263888905942675e-02 -2.254061821059899984e+01
3.071380165437015419e-02 -1.626277602420066515e+01
3.112374920657091232e-02 -1.888238830164067394e+01
3.512435286036080101e-02 -2.410706247565947535e+01
3.086634188761482045e-02 -1.902995266348001024e+01
4.728624312640618971e-02 -2.507323607517075459e+01
3.546103458510630607e-02 -2.279172390999394793e+01
3.299094261763098335e-02 -1.975266495767935737e+01
5.239280283944625083e-02 -2.616063575750228409e+01
4.422552739888566120e-02 -2.316918128134663490e+01
3.239370103209756463e-02 -2.661460603420069404e+01
3.229645478235649431e-02 -2.556680656477333713e+01
5.489458256173074951e-02 -2.519626991769403190e+01
4.211368358905947379e-02 -2.091522811936576431e+01
4.736797531195619665e-02 -1.974222319401873094e+01
3.088471661917197020e-02 -1.787652155765449535e+01
3.549278665058028248e-02 -2.322259917282777764e+01
3.085781129245497925e-02 -1.897895613873357235e+01
3.143318853086196629e-02 -1.833426900736649756e+01
3.194379964528185067e-02 -2.155871933192262091e+01
3.341878539646974539e-02 -2.004176137544981273e+01
3.231248350147740422e-02 -2.343567260975433797e+01
3.668753181172276084e-02 -1.873113075146032358e+01
5.158362690813213247e-02 -2.198841678403024602e+01
5.942361459512966737e-02 -1.591510469142611228e+01
3.217202273956479980e-02 -2.344036884824848244e+01
3.178277916293899968e-02 -1.920401796131482186e+01
6.074037743325789995e-02 -2.408103623979017271e+01
4.318097743631919838e-02 -2.328258542624801564e+01
3.086634188761482739e-02 -1.991797308548169099e+01
3.252661947034074519e-02 -2.174427195235075061e+01
6.620665287374268015e-02 -2.067124338611118617e+01
3.146218287798532853e-02 -2.723033201564393124e+01
3.114670142065223413e-02 -1.849129020941121126e+01
3.054757878631527215e-02 -1.621828534249016585e+01
5.443220465899967220e-02 -2.616411349943778575e+01
6.176507518538281588e-02 -1.385492541468607008e+01
3.300600136226308073e-02 -1.933453726471531908e+01
3.193168043889123980e-02 -1.977932791231800991e+01
3.383491823500843487e-02 -2.245012529564467130e+01
3.237445369679120555e-02 -2.687125880515020171e+01
3.108442324883107025e-02 -1.709752093033619857e+01
5.183512730723791734e-02 -2.407938339575055764e+01
4.389719121288221393e-02 -2.363964217620545938e+01
5.181002675100111060e-02 -2.316814178100341692e+01
3.163093015313964834e-02 -2.024748235529412099e+01
3.172602259621404991e-02 -2.002725287012907884e+01
3.381471673979348502e-02 -2.257713285039416462e+01
4.132475652799024596e-02 -2.165236301949400044e+01
3.554912747858582356e-02 -2.449749200561102924e+01
3.098398053991016990e-02 -1.446373506260390229e+01
3.243439745147119746e-02 -2.250796624900035425e+01
3.135445707557843464e-02 -1.999699879106419687e+01
3.207821590987017940e-02 -2.051267548931070550e+01
3.549278665058025473e-02 -2.280210875353249378e+01
3.088471661917197714e-02 -1.786569055700019248e+01
3.068569917047074200e-02 -1.035784993178209668e+01
3.168328307976486097e-02 -1.982281051319293042e+01
3.106721672682641669e-02 -2.046933685243831036e+01
3.080802594915322407e-02 -1.070049264229590413e+01
3.165139533234353347e-02 -1.916237417571216639e+01
3.193162723623010901e-02 -2.374812343374284396e+01
3.221771783540017947e-02 -2.654018964483951848e+01
3.379771507966302518e-02 -2.698717921004795883e+01
3.452861933708567532e-02 -1.739769886387041353e+01
5.092067516834906937e-02 -2.536646594250595754e+01
4.318097743631919144e-02 -2.211421688558434440e+01
5.118913404113614729e-02 -2.498002257506560397e+01
3.113453917535318957e-02 -1.808311383235892578e+01
3.096347240000472956e-02 -2.319495994780804082e+01
3.048585328998665300e-02 -1.648331169231929039e+01
3.189845776698190666e-02 -2.483260001101821501e+01
3.100232753749398648e-02 -2.174654980176165253e+01
