# $NEW GRAPH$

# $NEW TRACE 2D$
# $LEGEND$: $$
# $LABEL X$: $Objective (or constraint)$
# $LABEL Y$: $Objective (or constraint)$
# $BEGIN DATA$
0.0	0.0
-2.3433093298189367	0.09703206100920798
-0.39860706376993815	0.03785265227231191
-4.73540194221601	0.15555401758137816
-0.6584101549376538	0.09502183000616012
-0.004977176675154241	0.05829332514293507
-0.34931848959841444	0.1072780893438758
-2.2259555476249284	0.178725747781252
-2.4902153454808724	0.08460070497107429
-0.5621496963871573	0.04927736658130993
-9.339571950091653	0.07872128027721212
-5.300178221949528	0.06916466676113257
-0.16206735382022155	0.29984234309733393
-0.45246767869157284	0.24635866433685927
-3.406789822292305	0.11170351070179399
-5.498492065320891	0.08782833175453444
-10.380797705107764	0.03774852044603949
-4.63041290414411	0.0723035388324673
-2.4379646990075683	0.0781392230738013
-1.144594665477053	0.08610037852533171
-5.656739414796956	0.05262782140284706
-4.910874517089419	0.060112178755233066
-0.0680839199641541	0.15656930733487787
-1.0891787320061126	0.057839031858719595
-1.8743899922969536	0.10756067812080013
-2.1130869507495245	0.0908862920330628
-0.06729701635592737	0.05920160789366544
-0.6958778288549452	0.058580340837980395
-3.574687981228751	0.16433860518563484
-0.26518021481216636	0.3202226882858856
-1.6767108014678995	0.15165521205523091
-0.01328454344824969	0.10282139536879983
-13.839156801921225	0.09594746097930329
-3.874095026446504	0.18950385339007014
-0.37241929699693854	0.07826964231750874
-2.3078466254787844	0.2564975351155891
-4.582922295468665	0.06791253953705138
-10.42153942466814	0.04501727223723683
-0.6576793869172122	0.32566862109503464
-3.344863920532299	0.05968619526214484
-6.068458679775559	0.04393378068229674
-0.7892150157179068	0.04935684329112545
-0.9191389276298324	0.10171507473898055
-0.3937528981670976	0.09083393787965127
-0.6744706164522286	0.03894733790688867
-1.6691203974503768	0.04116033755156499
-9.769921316494463	0.094525246667533
-0.4129107613638715	0.03221147285775188
-2.9912210938229933	0.27351884242286906
-0.03273087606798131	0.29632687056680923
-3.2686626534173118	0.10907055427619852
-0.5746026427949338	0.03726433900792695
-0.6362997314155586	0.055872291885410146
-0.031437346264591215	0.42446548475655277
-0.29644379775185625	0.07397492727251523
-0.11310701349293857	0.10899022958335407
-0.4093932948347622	0.059163120650078276
-2.455117092087211	0.19676739336483953
-1.4105891762450018	0.08930640479506301
-1.5626263078097373	0.29749441474890276
-3.46467069074049	0.0446872692816146
-2.507789256916198	0.18703288403181695
-0.4572028205108637	0.12927626076348128
-6.524657712318655	0.04036866096281326
-1.4222172395651231	0.06882810780159894
-0.3204416523943784	0.04275987845326353
-2.1485878313857443	0.3301034532111159
-0.07661861006400478	0.40237987538786935
-0.3938435772771214	0.036298622666856434
-0.06419452393627578	0.3945348755035008
-3.1532375745818944	0.0731088569143469
-0.006639001797215887	0.3097204625497399
-1.8382174987738933	0.04716588429978883
-0.05690085084176867	0.18930876228880203
-2.8142316992934537	0.0399671411042777
-0.4460287649536339	0.05906645121907144
-0.08708696038503612	0.06892925344470331
-2.1816986530503137	0.07117122524670311
-0.12395034454273435	0.11439783500791244
-1.2933027340130054	0.036377529422398615
-0.408073387784007	0.0883066034834906
-4.3878328712429395	0.060238497513833276
-0.3338808020028359	0.11637709267157346
-1.4911665060465407	0.09740448996827081
-0.3979905896710969	0.3492342265104778
-5.031051458019013	0.07989321910277931
-0.0003430550161516984	0.16334404985759626
-0.023782503555558054	0.04086439626692698
-0.6833163767190059	0.04057960040961739
-1.2187590496052214	0.0769317394514108
-0.5129213183716591	0.22576360421751054
-0.9210598558952551	0.07429192228538026
-6.477614921975513	0.08968256770421716
-0.852555013847235	0.13931493490667438
-2.1832870844419854	0.14424266507402086
-0.09826554365102526	0.04210501993736565
-3.8530301942381255	0.07526078512218146
-0.14546022033422173	0.07286002808155818
-0.1017814238790286	0.0862533727957154
-0.3497068437234568	0.09657537881314646
-0.5090235839336748	0.10808968349306679
-2.039685958405705	0.0853622759389325
-1.0009897381245632	0.10171507473898052
-0.08663788792256794	0.0462894455228517
-1.8072012642309576	0.09740448996827081
-1.7563635164870472	0.04474326049288485
-7.139816329432527	0.07218022489920202
-7.7724047888440975	0.043231528191977876
-1.113610759014809	0.08674444893969173
-0.34150770940772673	0.10727808934387581
-5.300178221949528	0.06916466676113257
-6.730859826633014	0.04036866096281326
-9.11762526470433	0.058493247487453805
-1.3331568932053315	0.03829083978963617
-1.0304456362356027	0.09146008453604484
-2.6730599306349614	0.04223269263492816
-5.0375384796461065	0.03782278327482875
-0.16249065935364962	0.09740448996827081
-12.209807913653373	0.09164340243114297
-0.5698391716563728	0.0450770548333355
-24.160350212003372	0.091908689656422
-0.2137062210397941	0.03842852392350135
-2.6022786368358024	0.13562431412262077
-1.343514945772677	0.13522562355193501
-0.7097498937034787	0.04439676881674457
-0.15988589245077234	0.07275715871150054
-1.3759366289535757	0.2561196143409627
-1.1685199422514498	0.09647257705024895
-6.839768005643053	0.09608541347622772
-0.6091240596881049	0.09502183000616013
-3.4276677782443055	0.15684847261642987
-2.1930424991350486	0.07082187344404811
-7.741691924699377	0.10355492857656615
-1.446710625745901	0.060493589780131266
-1.1885815785665061	0.0557052587481316
-5.072043312661336	0.060051414899549696
-0.9571064474585327	0.08623204250757308
-9.730385567983694	0.09450874527168096
-2.128607008287316	0.036084138103454046
-0.9111448231318355	0.09199941407485455
-2.3542852105469763	0.08628153562241574
-0.05562434166991922	0.1929337247383432
-7.609990057335277	0.04192060798526104
-7.7852891203584305	0.055585592405849246
-7.267118672436846	0.03613184351343311
-6.003563813271638	0.04034183540882361
-8.447770326311906	0.08168826125402313
-4.67148362417451	0.06908703732976226
-3.055287936975337	0.09727732014055257
-0.44664986452510685	0.12927626076348125
-3.1892028477144954	0.25111083564748055
-0.7824636623839509	0.04379907245992348
-0.3585361778618846	0.03449062714698212
-1.7937663578010776	0.03889535516003894
-0.0984714796250596	0.04239713078291988
-1.8943570778659242	0.10719572165716766
-4.111620891793362	0.07154676717619629
-13.504236326410938	0.031064639663168806
-0.5462525463594801	0.049397746463540754
-0.4022085991685862	0.03774356865020318
-3.856415878988482	0.1437118936108857
-0.8280948904178509	0.10715072316780219
-1.5509073938490652	0.06704382919070716
-1.4315610571374389	0.058024272922614556
-1.0575529315182337	0.059530905213290415
-4.360219437112089	0.06022928339932825
-0.44687826042405066	0.07350608464977361
-2.7204466628240698	0.044687269281614615
-5.239589173079326	0.07140677785075003
-0.6537123595857568	0.09859216243801226
-3.3127962583157595	0.2753310787834249
-1.1520936083390059	0.077390821511491
-3.6791150474393506	0.06078912731477415
-2.175391622303391	0.09693199805643346
-4.8634333814101804	0.07604558820873847
-5.852018135980653	0.05262526970473778
-9.556836826449029	0.03685630374194451
-0.041220378437480346	0.06839566851301669
-2.3723588374681204	0.09743863877072033
-1.115176504040633	0.2835503109215206
-0.06792382826317694	0.06892925344470331
-0.0003490648285029083	0.1606630805140924
-0.14645957293032602	0.09337210340021704
-2.5597540092447786	0.06068461627959916
-14.161096159134232	0.039456862727861024
-0.0053939015409222675	0.08630531533812341
-0.24727941841281845	0.25551168077363734
-3.2657331683420217	0.06157290230055281
-0.40297821441887116	0.03630529165559266
-5.662160803845572	0.037731314710095075
-1.6415150791241804	0.044201186020355464
-3.7234373599240285	0.09973321679721903
-5.313590507911463	0.15656930733487787
-0.744136430107904	0.045017272237236804
-3.9382472895581597	0.04039081683222546
-1.1910953441927061	0.057045339081588625
-0.6737701401489274	0.03894733790688867
-6.643834360133494	0.039549525756356306
-1.737576331470492	0.05286842354703531
-9.273648676797771	0.10128262355822935
-7.625943519531345	0.09608541347622775
-0.6549576345608308	0.0414226565016364
-13.769969047354554	0.03265490662346393
-13.504236326410938	0.031064639663168806
-0.36399540811542996	0.03449864494192042
-8.893942424876355	0.04468872484182363
-9.50479296088591	0.03998024680025546
-0.8931561311870201	0.03908744582041875
-6.975995103542604	0.09480729903750967
-6.003642585288696	0.04034183540882361
-6.067439029203303	0.04394108148807462
-7.267118672436846	0.03613184351343311
-7.231779039133138	0.0376979878101406
-0.4153043998596557	0.046541165135245637
-7.295708773839679	0.08438387155989124
-8.498924947982404	0.0409543226717032
-2.6268069564880414	0.05258656494843696
-1.118280133378041	0.05014277077885251
-9.702533113030107	0.058024820429711584
-5.483142926644562	0.0526310102486425
-7.0090957914175025	0.03597465620979044
-3.4438547492296707	0.06081482121025023
-10.540685175592317	0.0941629888805292
-5.026893403293638	0.03309355099301749
-11.80027194099898	0.07598388031971275
-2.262776339328128	0.04200150745717508
-12.224701621102524	0.09165771388408146
-0.868205369842778	0.04424988918620793
-4.825726081232078	0.05262526970473778
-0.2137062210397941	0.03842852392350135
-2.128607008287316	0.036084138103454046
-4.324787966327007	0.060106818011756755
-0.023788436499671512	0.04087345901459085
-0.41622785714596544	0.034639622864921664
-11.03263200502267	0.03902554022575661
-6.936750631556542	0.060957185616796486
-1.1124963633991058	0.05783903185871961
-0.3979638923174498	0.03774356865020318
-0.5519816644757585	0.03647941137369447
-13.056775547250774	0.044243246697735716
-7.801509151059323	0.04459440418827062
-0.5948460860775018	0.03635053745523886
-1.2857550798075195	0.04272572762501064
-9.130867649972497	0.03682777638722322
-3.8434408595138785	0.144647522401459
-0.09854837041627	0.04238403493902765
-6.782292312678019	0.06647505818852255
-10.566706826148616	0.03211660558758732
-15.121200248339433	0.03802860323542533
-0.5474595279985017	0.052399845997121344
-4.33762232548766	0.044183228876049634
-0.42383275094420353	0.05730089709589119
-6.770675822940617	0.05789223729418801
-0.7097498937034787	0.04439676881674457
-0.6250248313807333	0.053267932580528546
-0.6925248482628205	0.04439676881674457
-5.474469394399311	0.08643777313243685
-0.08287718573262223	0.047845187436461066
-13.744484971875703	0.09658990083208113
-9.594981212876897	0.059664586800327234
-7.4327302889776306	0.0819761409530381
-0.17863006254175381	0.12079837672959506
-3.512790498723373	0.05244932586316681
-3.28346473051136	0.0751531358546688
-1.2436192166982942	0.06475137863728973
-0.496872799075891	0.1274818923725361
-0.6521326048255288	0.05858034083798042
-0.5876594840973348	0.0450770548333355
-5.202390537492946	0.03898918642264802
-7.609990057335277	0.04192060798526104
-9.694786903330698	0.0927707863246323
-5.184931898261603	0.07244448761555063
-0.07500379246430379	0.0433583570501449
-2.4517324359260955	0.06200564538354486
-15.045647187977632	0.041460631862386514
-0.3551613156681371	0.0442534085211172
-1.7915713638924748	0.03871229420270449
-1.177697637754022	0.05818746408671227
-11.283041029010764	0.04096038901875437
-4.622007337021785	0.08145143265650467
-5.653552422938484	0.03773131471009508
-14.022990527398246	0.09594746097930328
-5.415633062441195	0.04039081683222546
-0.8096012401293476	0.03637208520327752
-9.646044191088459	0.03702686793611254
-4.579671349819739	0.06796056903523626
-13.350707135135941	0.03166849276502374
-7.676113348459341	0.04346752431596259
-0.6960127361628695	0.045017272237236804
-7.108889081776265	0.03613184351343311
-0.10396737011551453	0.044605875304243675
-9.556836826449029	0.03685630374194451
-7.102257614410463	0.040541816504428604
-1.6906727746606527	0.038895355160038926
-1.437520516285817	0.03787200342169674
-2.7032870511818183	0.08387191368406603
-0.6820070108089348	0.06402519679470653
-0.3827741661133577	0.05466768371496747
-14.395151498258254	0.0551517676242227
-13.6312599337646	0.08870952367017941
-5.25433699796838	0.04737450582768973
-10.337366030511362	0.04542040439939239
-0.6494608959048911	0.03447866321086977
-4.846176823430307	0.03310178505022754
-11.530081201869901	0.03499524647807293
-14.124010978104009	0.08587856450517709
-10.035819865311991	0.0465182603703246
-12.870907888483115	0.05639534983161327
-15.805030461386439	0.0660915750086363
-7.7379351191567975	0.04392100257269955
-7.899003094934779	0.03309355099301751
-4.90680254213435	0.041920607985261045
-14.156317233216026	0.03948656862343713
-17.157457715616484	0.03802731850180743
-6.714853744459951	0.039720241481246435
-13.056775547250774	0.044243246697735716
-12.916592991699895	0.03459624215937079
-10.380797705107764	0.03774852044603949
-5.170956033197326	0.05841804132091097
-4.262099772732849	0.08472113875982976
-24.995336792647144	0.09242266626087363
-4.959380000013986	0.03348577031075413
-8.331022357384748	0.04326337636042081
-5.1320573368580105	0.0388927045711441
-10.026286113625224	0.051676069919224174
-8.497678476997164	0.08894572990430856
-5.149749843761128	0.0519230898720037
-10.007103378086583	0.0377203566739039
-10.650410166383267	0.03829935208385803
-9.58299612492848	0.09143583094682088
-2.7467378398442728	0.03608413810345404
-8.040811856733043	0.032116605587587325
-11.238759526889673	0.09480828285868756
-9.50479296088591	0.03998024680025546
-13.195875254496837	0.1625724380205965
-4.699406886473712	0.05061184359862979
-12.270710462484729	0.06962421801139439
-9.106877183756357	0.04583264796913643
-13.633441690993505	0.03994332176272402
-7.51245417131096	0.031211224485132142
-6.402390590359699	0.05789223729418802
-6.871333654281883	0.04119372212029986
-6.785456802366794	0.05788952982457125
-13.483697418795392	0.031061040647088325
-8.068910091713912	0.03893721705557151
-9.367506171050335	0.11551616389754121
-8.980643468391289	0.043247247046812785
-0.36360976401284606	0.04228421379852639
-6.677678269248766	0.07919231859812317
-0.5092342584206748	0.034639622864921664
-11.461963379201473	0.039980246800255456
-10.84581760810725	0.03945686272786101
-24.66999782111557	0.09277264235907766
-5.817542758011393	0.038451443104518784
-9.760833293176182	0.08874748846169009
-15.138795030446875	0.0363224164806002
-10.05295054704797	0.03273607365798944
-1.7915713638924748	0.03871229420270449
-1.9944692160915254	0.03630179772524971
-3.3040810838029797	0.09594721008720762
-1.2550919552966777	0.05734110160398493
-6.656104783322704	0.04767236051863993
-3.491628648258944	0.03436175434205658
-15.927603259923641	0.03397957090155247
-13.304318685673826	0.03133291442574682
-5.232093616620504	0.03898918642264802
-17.134364202273666	0.07109507773241794
-3.57006118178299	0.11173825686693424
-0.7566366754413083	0.037087715680894764
-9.802869177748503	0.096453278976617
-6.375519681678938	0.03980746549799453
-8.701318302662964	0.057991299536555914
-8.809801827318118	0.0493069218405456
-21.277853317082585	0.09204763453750857
-12.460541125575595	0.09197304304897584
-6.5950872112614745	0.05416323160384317
-0.39860706376993815	0.03785265227231191
-6.925140435051081	0.0599763623714632
-27.67077839342247	0.0338736364283693
-6.035482941128417	0.06929243928925373
-13.032357815159475	0.036378451238284086
-6.860154550186477	0.07604755795588844
-7.609990057335277	0.04192060798526104
-1.7807510757257674	0.03869877051845043
-13.834121246783907	0.039537984974506404
-7.504445570113823	0.03564256717416984
-14.161096159134232	0.039456862727861024
-0.6610208623638703	0.03637208520327752
-12.003388574911112	0.17040003635217232
-2.116919517975321	0.05682967186194518
-13.504236326410938	0.031064639663168806
-13.769969047354554	0.03265490662346393
-0.46042621987173177	0.05308053558800431
-6.73351527252865	0.0647216112366716
-10.075036372821838	0.040247020359641124
-4.509327102925952	0.053929109132468574
-7.768072894650556	0.10355492857656615
-8.070515064729591	0.055585592405849246
-5.850318265896089	0.06048990820754306
-6.7434892335992895	0.04386252446355178
-7.003100242629253	0.03618356676402153
-13.600604840765547	0.031051936740955178
-0.41622785714596544	0.034639622864921664
-0.4226496016440589	0.03502778328025919
-17.010782277090144	0.053623085860767854
-1.598326687240995	0.047691244650181756
-9.558068724476128	0.033505136885919454
-9.526118234632033	0.044110545610912585
-11.573387356546213	0.03685630374194451
-8.97993149019276	0.0377485204460395
-7.645748165787754	0.035937045218492246
-12.182825154703762	0.10780790675386055
-11.462255521910839	0.03940567081282874
-13.697233000080384	0.041011185010137195
-13.08981718677349	0.0310646396631688
-7.914378380593718	0.0409543226717032
-7.858841974229124	0.051048775196252894
-4.187525019766949	0.03998024680025544
-10.005899682597255	0.03771319217489339
-17.15960623988075	0.038029936421070984
-11.58803670228022	0.04501727223723682
-23.28062561693848	0.03222030578865166
-13.235057214681577	0.04874515769923654
-6.587580647709378	0.03501889506110591
-13.304318685673826	0.03133291442574682
-5.623335781109853	0.03775306925069386
-11.263573153656546	0.031019491175647933
-1.3242626801988198	0.04957040085562163
-21.59339212669352	0.036013840069421155
-9.630780773036427	0.03338889360883152
-10.57411980848082	0.03211660558758733
-10.200268929533754	0.03156229569171679
-7.227496172565624	0.031031725109604683
-6.434868071405474	0.036824764112082214
-9.029904847144145	0.04001764104377233
-27.362714895444928	0.03393839426988049
-10.07692330272253	0.04024178678828671
-7.516367151905243	0.03613966005535315
-13.220618918243451	0.030670888782119696
-15.138795030446875	0.0363224164806002
-2.1572812541510737	0.036520067428025
-4.911737906783098	0.03252271596860015
-15.373595939952876	0.038126725873067195
-27.4744033048707	0.09275901672289824
-12.632414533299203	0.031311010603301104
-5.4029057000665786	0.03571644561140939
-1.2061691766142115	0.036536812485050245
-1.5683071220694917	0.038586063772138676
-17.73959725701752	0.03743473338722854
-1.9093862200566991	0.037256079271373
-12.131784488597148	0.03198538742921702
-0.3728905279975413	0.032933685193102066
-7.120227699303245	0.03613184351343311
-14.104292306554525	0.08587856450517709
-6.8823249248383505	0.13115923092160087
-10.714482201534679	0.06931085543115902
-9.575090713795284	0.033699785591569185
-12.44419640845341	0.03905196913970383
-12.4210168248245	0.09197304304897584
-13.162490933861452	0.039456862727861024
-8.25614011623442	0.0513418268493491
-0.38404420053052124	0.034857937113242456
-1.667062163098518	0.037802989244489694
-0.3152506807381785	0.03200419388520732
-3.4983408172531747	0.03429530469124959
-2.1189882099359267	0.03625177242610271
-15.81556668144425	0.03212020434407069
-5.584689359497046	0.040952426893014156
-3.755101212337723	0.03206906843866285
-0.9889066478450351	0.03921315242333454
-4.3074738794664515	0.1495509552757466
-0.45480441889294	0.05957217853932134
-10.32751040992337	0.0320760231543514
-10.164259647513846	0.04424713926320525
-13.52100583181836	0.031392024585060685
-7.679358465411545	0.03599783978562767
-12.876949857605288	0.031064639663168806
-7.439663660607151	0.03159973673226587
-10.124884377640308	0.03613184351343311
-9.856672955637048	0.032654906623463924
-13.766359151844558	0.03109812224083306
-13.769969047354554	0.03265490662346393
-19.045384176937674	0.040596682265311934
-10.233298780465235	0.039516627522628425
-10.182929875739076	0.03945686272786102
-21.25457834601554	0.09204763453750857
-14.13271440527249	0.03953610068509171
-5.228884479886668	0.0390131138503624
-17.382717871686292	0.03753462209854322
-7.150714806108922	0.03812533569247975
-13.768427102759096	0.03263362859980659
-15.12316191757153	0.03803113663189237
-5.287860865387015	0.03911077956021853
-4.9470347594116175	0.033186504779777165
-13.032357815159475	0.036378451238284086
-17.131085783819074	0.07110849798679159
-5.632508519833722	0.037940773653864175
-9.62315452815078	0.036542418315962506
-10.458343513380315	0.03774852044603949
-13.667847068899588	0.03265490662346393
-20.735680941485814	0.03212020434407067
-10.749378944074513	0.03109812224083307
-17.234997351039365	0.07109507773241794
-12.511287530780946	0.0310646396631688
-10.100549076179654	0.038341022410657496
-21.80489689741746	0.05213750297348037
-15.64020727066812	0.03825729203681747
-22.116552441686455	0.09147602559622056
-11.637790724678263	0.031269117188413804
-21.574337736439677	0.09190823902956229
-14.150497521275334	0.031265154001760005
-9.092239580264305	0.03702144716904127
-15.344221050460495	0.03802860323542533
-14.897131782826337	0.03805170194029106
-10.476834742854008	0.03853355296558417
-25.26295493241969	0.0908331965314863
-0.42771062040464464	0.03187236272832542
-15.59108906637999	0.033979570901552465
-10.432144180405016	0.037718065156445664
-10.458343513380315	0.03774852044603949
-9.046943366465529	0.031637180621629186
-8.936823924103921	0.05361995744045153
-14.684559162764096	0.05390092264267593
-14.423109632002344	0.031066004618183297
-13.621106303398419	0.032737272951478026
-10.700172397500994	0.038131548593554485
-10.627449757202944	0.032429898867374
-18.669451280182212	0.09297135890250321
-23.406671928885924	0.032121187182489644
-12.888196022171778	0.03222030578865166
-14.366914177546333	0.03956878572250293
-9.451035476106242	0.033764900618027005
-21.44009840936728	0.038010807300785335
-11.861072292621683	0.09190868965642196
-7.909907447623645	0.03129093467133854
-12.435021016621146	0.03640222930073708
-6.72149423568374	0.034483115663321864
-14.44213010661525	0.09190868965642195
-13.784375952053725	0.032858659786833
-10.18684831634193	0.0317309623087251
-11.299338623774354	0.033179662160440423
-0.3673193180574244	0.031142074478933596
-10.888130043592755	0.03338885298429778
-13.713923094443011	0.032305538586908294
-12.701380126044315	0.03133291442574683
-13.092035273622733	0.030586726810049095
-7.912132716122949	0.0350370715911598
-13.319165640192496	0.03158859746492167
-9.831158333197015	0.03273945975076079
-7.834818153022945	0.039179761448160336
-17.816859071525258	0.05589269872469779
-14.990180524454155	0.03546823033580927
-11.511512297526437	0.034988028596561256
-10.727816661942422	0.04012858872824943
-9.600345065799832	0.03074173420701939
-13.033621365887228	0.03636158623766652
-10.238372728204858	0.033758724480400064
-13.33865394936441	0.0321790217716268
-7.277182753719861	0.03105389237564088
-13.41806507608245	0.03133291442574683
-8.255563134707328	0.036452374773854185
-9.857465045300202	0.03267023992282611
-27.360820304808872	0.033921832452722296
-17.620464248021445	0.03742673357614093
-23.0276627378809	0.03303228136721352
-19.214907360946928	0.09012920235746431
-9.980608606155972	0.032018024353831165
-10.638957136988543	0.03745770613183876
-31.61292322822536	0.09081801354071443
-15.481203970897635	0.035866832649113854
-12.882103194461031	0.03228279368470937
-9.575090713795284	0.033699785591569185
-13.182581491553165	0.03191945520929601
-13.326836582064105	0.031026934378130717
-13.746416313372594	0.03246912684153726
-5.207622323661687	0.03419269511743587
-4.868608788466272	0.03259757137850953
-24.81117065954729	0.09194551917287627
-12.063271465878737	0.032738285218963895
-12.767834567861176	0.031101145919943434
-13.608554924266244	0.031043733316403272
-15.206816288263013	0.031311010603301104
-12.874796297643542	0.038126725873067195
-18.89296676484849	0.03744621507757884
-8.031620045759238	0.03124560922798813
-10.146062223720321	0.03207772801094106
-12.64595938668787	0.03106364526359683
-13.416392820879794	0.07037403487180624
-11.912617817043328	0.03133291442574683
-10.545220286470336	0.03523194906259412
-4.792856408280392	0.03724046394922475
-10.992316398232653	0.03840979963965638
-9.666460596045331	0.03702478127656345
-29.749672205152883	0.049493212291677205
-12.764703368085746	0.03980110872557556
-16.894808255466092	0.03802731850180744
-13.301166850352251	0.03265490662346393
-29.55488402746461	0.05019451141536978
-10.01713906832377	0.08669030692596327
-13.100896660175822	0.03162879704217021
-17.176368878221457	0.07108365314192906
-14.242674436259668	0.030630303183204977
-14.10855631763814	0.03322348554170408
-12.013205882195447	0.036632061427229176
-24.12899199063927	0.09523351511576753
-25.101663056688487	0.09159695519263321
-15.96799787269418	0.03587780537757007
-15.75827910281526	0.06628239205690338
-12.419894902254098	0.031311010603301104
-13.382946587714729	0.03292781127015987
-12.749573757381775	0.03134648429062349
-10.000631022692737	0.031319759892473424
-10.483663711724114	0.030624597334131132
-12.997620349237897	0.032438835455176375
-27.667081273818564	0.034004307639411015
-32.21186676156088	0.03412099407698805
-15.31638307521507	0.03765350655876511
-14.011676138455076	0.032330261313553876
-18.140581219499662	0.07585254604267132
-24.587603546018876	0.03303228136721352
-20.57456551352794	0.07179563539654184
-19.929955281283736	0.032858659786833
-24.494704342438418	0.08365421864938527
-21.159454271664625	0.03562385182689276
-12.842257244354139	0.031115766159075787
-13.350707135135941	0.03166849276502374
-29.462431096544073	0.04966150782174278
-23.41085119083958	0.032120646419501915
-13.341914704119658	0.030673127033864125
-21.117650784647406	0.055242526918490555
-15.113936850925235	0.08493391852614615
-7.277182753719861	0.03105389237564088
-13.504236326410938	0.031064639663168806
-24.351025494027848	0.04186242169764256
-15.08397222645458	0.03771030469975645
-21.52287669019574	0.032105758151347814
-10.321696089693162	0.031168486823289727
-12.754580312350571	0.031828057576154006
-24.05150772780873	0.09242893575608045
-20.531968756972987	0.0445611062552711
-14.6788404953871	0.0347050577200154
-23.7646455781425	0.06989511969026037
-9.046836183319032	0.033039264899630175
-26.84850673901983	0.06974106565576688
-27.574271706069965	0.08401348753242632
-16.006641709820478	0.030537483674401598
-12.134211311358385	0.0326485607245414
-30.192059666702427	0.030539545728126578
-9.385523098949399	0.09204763453750857
-13.430342272174842	0.03146200117051553
-18.061048440868525	0.03766444464042324
-15.777460068723402	0.03175429695501372
-13.558281940008339	0.031117530415314273
-14.178508467047024	0.03124232562451712
-16.494084320092192	0.037441185885370085
-13.236931529653075	0.07408585821396908
-14.41370642004911	0.05365048247734396
-17.61109997163684	0.031146694087048506
-15.24884881020149	0.0710950777324179
-29.02687527783226	0.06356629071951145
-6.28107381605832	0.07273260316934403
-17.777470105620736	0.037449847943398444
-21.75405707586735	0.03350938201485916
-20.06281259485645	0.05213750297348039
-21.59339212669352	0.036013840069421155
-22.136752044671052	0.03569384487324031
-9.644461920545728	0.04073866327769661
-13.706070356013694	0.03271764439605692
-7.255599296384786	0.030908075028620658
-20.39537224066906	0.03112405908380333
-19.564472298259197	0.09278261208462585
-13.654537139645692	0.03165564965022659
-13.597218527189888	0.03106515401470111
-22.23066150671852	0.06390495862608056
-8.090636524247282	0.0654505235364749
-12.708073316225962	0.03131641185461031
-14.153355004101273	0.03105975484894479
-25.53074591662443	0.03131266833467151
-7.743017989543735	0.03224212817822955
-7.051216220819244	0.030678052286420152
-19.62704760153414	0.09477632234565364
-13.911357739890322	0.031098122240833064
-13.66503542004171	0.03265490662346393
-15.465421100837379	0.036661780235046626
-13.648302915250225	0.03266628121748357
-13.555860082913078	0.030946398098394487
-21.71811524919749	0.09260430823476581
-29.988404293439643	0.03104614347892219
-9.490347345297433	0.0920234844718462
-20.685489430626312	0.0316819970970854
-10.739334209000708	0.031064639663168796
-22.6490040164352	0.052128633316439014
-13.88569140968764	0.031064390842272322
-13.916372234419377	0.03361299025860499
-13.126770578594028	0.03293608298415847
-31.61292322822536	0.09081801354071443
-14.150497521275334	0.031265154001760005
-13.66015686479274	0.03165564965022659
-20.930671247621756	0.0321057581513478
-29.044575264923825	0.03292716647160559
-27.032501862670387	0.06356629071951145
-13.501706921980798	0.03122379193553567
-11.712108395231288	0.030933032100913645
-30.349797112668373	0.032731648254855486
-22.123317197102576	0.08250822634319499
-12.156747936359173	0.031064639663168806
-7.1458237458923275	0.03097683836526957
-16.162805483669594	0.030537483674401587
-31.807042272415142	0.03412099407698804
-13.767665930247666	0.031095170544375668
-11.262606655986758	0.031022151606660674
-26.90331518424184	0.07118875739005917
-13.560889710946952	0.032653205985735796
-19.865542356690874	0.03146083438444527
-9.143212304813979	0.031642940696619805
-31.82121127820802	0.0501945114153698
-12.661951764772477	0.03111753041531428
-23.41085119083958	0.032120646419501915
-23.193679721914695	0.032120646419501915
-27.707993942511905	0.03313148627986089
-21.948527581595727	0.05026600550988625
-14.096911605487346	0.03105584013696321
-5.107927666320137	0.030908075028620655
-16.578144176536092	0.03093253134759387
-9.593988264489006	0.0330412401561637
-13.620371769248507	0.031042583397622805
-29.166323323948113	0.04653963838840357
-28.60296612589808	0.03254425025138325
-19.66123392068239	0.03128594585673009
-12.787887984561124	0.03061578457329399
-13.825393679505604	0.0311782000716053
-13.743347010476374	0.031023213688780377
-29.02798523115219	0.049493212291677184
-28.697079116402374	0.03647629958018023
-15.882010845761025	0.09100019209096531
-24.363687989496874	0.04184104719291822
-23.38756321071765	0.03305013788843664
-27.12260314012186	0.03385625751019734
-12.355247410901336	0.0311630127827455
-29.389877289889338	0.04296708688842138
-34.30563940630053	0.0905098815070074
-20.03996238332511	0.031687179770311165
-15.646760756759653	0.030372080863966564
-12.396638918542642	0.030698487721220823
-18.242008099934008	0.03111440105385724
-7.278192864500696	0.03104352123990036
-10.308277537542494	0.030967183206467262
-13.639177413675503	0.031101145919943427
-12.831964468873148	0.03104641606986616
-25.35063425262994	0.03185657987475211
-14.227942049858758	0.031059754848944774
-27.76990077740347	0.03400430763941101
-32.3510317151849	0.03412099407698804
-13.341914704119658	0.030673127033864125
-10.514676775228947	0.031098122240833075
-29.06124726190195	0.09120686502567907
-30.000861783027823	0.08368836651291299
-11.708281421799297	0.041104845546269544
-12.624390434723248	0.03206187224564008
-19.129712066114354	0.06276445546333362
-36.02247205564448	0.10104874915476998
-13.083393078613483	0.030586726810049085
-13.189013323371116	0.03128120654850188
-29.269554649029264	0.031863268375982204
-19.021973620733952	0.031124059083803342
-21.52287669019574	0.032105758151347814
-21.80489689741746	0.05213750297348037
-27.352869291945307	0.03265490662346393
-9.77055423618025	0.03112405908380333
-12.6212647346953	0.030885676670524942
-20.979478784580667	0.0926924051755295
-14.092932709746275	0.031064639663168796
-22.984288851922198	0.03303228136721351
-27.64464144193873	0.032105758151347814
-10.504858087235146	0.030838915850432577
-23.25109805462709	0.03221527279007239
-25.145758266877966	0.08365999907728627
-15.009704523082906	0.030761458183984257
-13.418319733179569	0.03161156488955066
-14.08823385369681	0.030950055477211632
-7.2553060163442815	0.030910097802752
-13.430342272174842	0.03146200117051553
-9.600345065799832	0.03074173420701939
-29.636946809669805	0.032610759815985574
-15.580252972645129	0.031362259614258176
-11.152447430457698	0.030540436416302927
-23.7646455781425	0.06989511969026037
-13.351888882536608	0.030946398098394487
-12.922273391506316	0.0310646396631688
-30.812839435782447	0.0338736364283693
-27.138892808604115	0.030539545728126578
-12.208936908271955	0.030741734207019387
-10.717700976897898	0.031174045732186368
-12.214117309985822	0.031111183180240882
-13.279420139242541	0.03133291442574682
-7.086240689645247	0.031134130093849233
-31.925885426174542	0.09209735148019364
# $END DATA$




