# $NEW GRAPH$

# $NEW TRACE 2D$
# $LEGEND$: $$
# $LABEL X$: $Objective (or constraint)$
# $LABEL Y$: $Objective (or constraint)$
# $BEGIN DATA$
0.0	0.0
0.3580330478487494	-0.07520318076710175
0.1060619318452095	-1.352348913242058
0.14631575936043784	-7.8258668714516455
0.36600035004676545	-2.2740657499154993
0.07515772329312703	-1.5332085198446959
0.06528235063268402	-4.149849192876395
0.04421071593939715	-2.571877784902106
0.2656060401429631	-0.024826497743239927
0.3282116211382309	-0.8079581794955145
0.13767690729568907	-0.2694984291649896
0.1444299848408115	-2.0917438816452227
0.11815040712350265	-0.2007075440344103
0.03556567053131691	-2.134928976252117
0.19785259560032778	-0.3867970031912744
0.06213846848606523	-0.6690814086440098
0.07094001082179792	-0.041799708489540316
0.39886886244440667	-0.006426898208631648
0.220310422657375	-9.154350903701387
0.040664943479343914	-1.1338301258346
0.06915577676096388	-6.172852315492072
0.18419661696625111	-2.8500253816559273
0.058228880169141656	-1.7722354985848041
0.033269278027762625	-0.09858470360349067
0.06877361433236345	-6.881697936143054
0.052551555168590926	-4.938086526533348
0.09943523770561884	-0.5326164884661703
0.19238137366964334	-1.2084980529745144
0.07074596800609072	-11.834633881431946
0.08544408091470038	-1.062074295682925
0.08281932487590289	-0.26697606837454013
0.13884400408056172	-3.8257923914493066
0.04910690353275151	-1.7738556414720057
0.05038994154598802	-0.22101332293882556
0.06631934986806086	-21.72879843525491
0.0718372260926721	-3.861640533485702
0.05191341197893585	-0.21855331343014395
0.03390396536640413	-0.5218930439404593
0.04314139326876957	-8.466403945642913
0.034781720337758525	-0.30751883421938947
0.10659115872452758	-0.07049680384973331
0.09187192548020692	-1.8480427677938034
0.0325955019282201	-8.914203131479534
0.07093107327299743	-17.62247793554556
0.04912572052707019	-5.3927023139353425
0.053833171729605445	-3.372454515395042
0.08156492753456993	-2.367576017465925
0.05815575759873688	-2.2869454635570663
0.19097959395232597	-0.8958971143271512
0.08882495045248405	-0.19599771663199472
0.09246398092462588	-7.5922368572143615
0.06813672049439093	-0.9539012933971548
0.08287824305557442	-3.3310186397616697
0.031821395211722364	-10.114901944238152
0.08331621751734009	-1.979398054383872
0.05475116760609391	-0.0990513290391227
0.031228881540908974	-0.9294876362031942
0.2874766517381984	-0.38612268797473587
0.05511545216848287	-0.5173051184852536
0.2219012003424024	-1.4404629088112215
0.04625166732640711	-0.4398808656343472
0.2864970786530952	-0.3704188350686849
0.07436539768477247	-5.522212137231551
0.12004495558260192	-3.9735615089920793
0.3910610954069735	-0.06544190840946043
0.06390591669658771	-6.1343228021653955
0.05575850608185617	-2.027626090588803
0.21474295249515749	-0.43253606496891145
0.08998593239705285	-4.059467540249442
0.10371148994280133	-0.6527414463537782
0.0	-0.9807540478543306
0.28287901887167455	-0.9663130197020516
0.04119993937771613	-6.693500115312816
0.29763742059993015	-0.8229653855415369
0.06506310466717863	-2.4957992020610322
0.04327503459888469	-0.21571967212031912
0.25428177398962015	-2.011846082886307
0.059729925367818806	-1.230477258750689
0.06731587907652428	-0.17550420937097327
0.07826883519761806	-0.6168778562038585
0.09415870968267888	-0.04300840586638554
0.04721597931799003	-2.2626742373648714
0.2631478995900467	-1.254225047751443
0.14604800262524784	-2.6405631421440714
0.10158388099498716	-0.050023206070498406
0.05925438059818385	-9.355733376778346
0.08326841516232962	-1.755497119082374
0.0	-0.007209448671792731
0.1865175691185087	-0.16465231707353833
0.04643967554507263	-2.8347093724610484
0.23382633520660095	-2.183652262091545
0.09019506147141998	-6.7925804708586
0.09874367970388083	-0.09190420012023572
0.04122677381429938	-6.76414434564028
0.04338184862767949	-0.6487897565814037
0.3908466322196279	-0.6580783557912186
0.041574841636988706	-0.5519930615363214
0.08880195961256829	-0.29005563945947016
0.3247030867700096	-1.2812737798824663
0.35986774647665865	-0.01220559476211996
0.046251667326407106	-0.37457535968972433
0.05511545216848286	-0.521301156568412
0.040664943479343914	-1.078739857585687
0.05474105129764403	-0.09906964073044845
0.06577835400638449	-25.280157727682035
0.08143906306637277	-2.0381478889139184
0.07037412928003892	-10.111330628776686
0.21409673936005094	-0.04241495834218664
0.05574366996721901	-2.9309155659106705
0.06879101008833029	-4.756451621493992
0.413661497982444	-0.01369061184537708
0.11479931914213061	-26.900332920843386
0.05191341197893584	-0.16490902046118186
0.18651756911850867	-0.14192445109213567
0.039486966153814355	-1.713295362618934
0.03583404931080716	-0.0802778526203415
0.1435334536636171	-0.4075131825190871
0.060531848402369914	-1.2931338691510388
0.14701579353693098	-9.09057823149039
0.07371065653204381	-7.17322545524222
0.06143317461942425	-2.2006620052828634
0.034035589690343454	-0.1357520555528549
0.0782645253461171	-4.6302560083351505
0.1200693056352135	-0.6073410161459402
0.07612329863589279	-5.0881890515505805
0.09252394226111833	-1.0718935016442612
0.14631575935917981	-7.847548556216738
0.06813343046769953	-0.9516464261781273
0.3679042272877862	-2.2622948869772173
0.10618510506284208	-1.3902096450587769
0.35986774647665865	-0.0596345895801942
0.10475536402100007	-0.3661218097923496
0.031661604268667085	-2.5653169024967166
0.0819630365754434	-1.1807285359609014
0.050387629560574666	-3.710232891667447
0.14613662224253612	-0.1477046330998388
0.06777575535460442	-3.9344697406201914
0.23558186523903973	-0.029145177728746172
0.0325955019282201	-10.694695422633057
0.0707459680060907	-8.774001079470919
0.09019506147141998	-6.933577951016769
0.12000557543623164	-4.767986288731329
0.05566377560212443	-2.4763286255989856
0.11211737565477334	-0.19124182951960156
0.05012500282360803	-4.996570736954682
0.08281932487590289	-0.26697606837454013
0.03644392387812747	-6.432351224585911
0.07313285159009243	-2.5854676840231323
0.03247923847816632	-10.410540942046502
0.3897091917074965	-0.003237277170912087
0.09231104330745563	-7.095896534430828
0.05827796914385334	-22.50121067569514
0.08882495045248405	-0.46714212447231745
0.29763742059993015	-0.31737951886630356
0.23795145211420743	-0.6764621250994591
0.06813556105344815	-0.9568683350789332
0.07059414483236318	-11.333034034079555
0.09404865551668701	-0.04302266450124708
0.04343472409783832	-10.747314583278479
0.04314139326876957	-8.487587553622683
0.03182127645201685	-10.114919493671419
0.07580888912179723	-5.495574870150935
0.05673530909327365	-6.510059442653505
0.32470308677000953	-1.2866664722699472
0.03365306743109155	-0.07892083760628016
0.11691673369138487	-0.20376251859970246
0.04121175059484414	-5.760456906100863
0.055132483450334786	-3.4490424952525776
0.24423684054182832	-1.91846243220981
0.034407795299777576	-0.3063945319317051
0.04421071593939715	-2.571877784902106
0.06813672049439093	-1.013907035752359
0.049016387060177226	-5.404769933401136
0.04421071593939715	-2.571877784902106
0.03431929498911559	-0.09990811598369122
0.058440969795092015	-2.2744883032129
0.05672902465753884	-5.687411133636532
0.08301659674741844	-2.8094326925290245
0.07594852262582853	-0.9759609601903658
0.1438739548087542	-4.137540949467068
0.07124038066509954	-0.17671072824846892
0.11796953722772426	-4.10771800673048
0.2778685533512063	-0.25542460346101986
0.08009275635530311	-0.3146517385299625
0.03935271787142233	-4.774934455276062
0.048715122219277776	-5.999031542149795
0.057923481188791	-1.7565335081615396
0.0345231941764051	-0.40561379168564804
0.05516572733318207	-1.3202653795082802
0.05665405751191846	-0.8961311361903199
0.06701383057841824	-9.281962158901516
0.08208171114458623	-0.7221747263437708
0.07139286855005071	-0.273290469881874
0.26389799735310865	-2.267780501140935
0.06945171160780926	-11.30969003163488
0.036157716471110476	-0.9493317020253367
0.033738022224779354	-1.0739093113664484
0.14593657677722538	-1.6724918619014404
0.06048326290821178	-0.286981916027118
0.07136281781393379	-1.4501251996645763
0.17381841190685585	-1.218951973320871
0.1843590908856386	-0.6027268073403531
0.06943828054964502	-6.138877025785646
0.07038272121793576	-11.905681150685437
0.043468831470331315	-0.6491254177961797
0.06505464714047719	-2.4775445988567766
0.05201811410066115	-5.743659055328658
0.03136706080446924	-8.580070153662174
0.05267087856693457	-7.9386395204593985
0.07640027375641421	-1.8147273991317014
0.03161167366137795	-1.362569464894651
0.0838763786886232	-11.527230159964677
0.06858152244161592	-3.76906022725193
0.04741135601375096	-2.283303681635035
0.0750202661656677	-5.433736242223887
0.10240352434409505	-6.947278295164685
0.0657783540063845	-25.95301680527176
0.06291469271944936	-2.423055350331187
0.07357681573568889	-6.537854990769763
0.15408820008247323	-0.1675727338493811
0.13051038249088528	-0.053942987629276504
0.031883439195896486	-9.853979552810715
0.03361508653473929	-0.03519508644897612
0.09057248500945445	-6.786929392363363
0.04338184862767949	-2.013289154811682
0.034272411141227	-0.07353542998175885
0.08103884078271417	-9.828134046469142
0.11648043655083029	-2.648952839969373
0.03166160426866708	-3.2543552596117764
0.03478172033775853	-0.2307246282174899
0.04121175059484414	-7.541181141068136
0.22031042265737505	-9.10327581555825
0.07216443406915964	-7.241472271722162
0.060440497426078314	-2.764380247398566
0.042595498875539886	-1.343641440769807
0.0328483509351011	-5.078558699673297
0.06083285305455728	-3.797237860206149
0.034161783900107684	-0.08046527106933128
0.05021726742142389	-4.57484753621544
0.044791217776736364	-0.33143571209836253
0.03599362622665395	-0.9485186009362004
0.07093201357311296	-12.678352623407593
0.05737195128181255	-24.22373518335693
0.05815575759873688	-2.104069659032943
0.04343472409783832	-10.75702484899367
0.0430326704971836	-7.319742855758368
0.039486966153814355	-1.713295362618934
0.04327503459888469	-0.21571967212031912
0.03375400177556158	-5.11285215134235
0.0707202566401432	-2.761274684429466
0.03644392387812747	-6.422877723679597
0.07074596800609072	-11.834633881431946
0.048249896509237285	-13.655848068935585
0.21176745464801403	-4.124036895877774
0.0333853971576789	-4.292658349369349
0.04069696769304946	-0.09698177896894217
0.030352379186901857	-0.8050847673189507
0.0419977760881983	-0.57613419430948
0.03645093556085034	-6.40417829712137
0.03864820842343592	-0.4521319986070243
0.06427709576661443	-4.175610606155899
0.034035589690343454	-0.1365439479132274
0.0599350253860043	-15.820057125984572
0.032065868198438416	-4.4287988221160886
0.07081483864164961	-10.359024327166887
0.0325955019282201	-8.914203131479534
0.056734822016086324	-6.510115339230102
0.03247956975593464	-10.410434624996359
0.058277969143853345	-22.72045631690978
0.05925438059818385	-9.378188731016179
0.050912405379077055	-0.15762797233765766
0.0749615151601494	-9.545912405107348
0.04871418893148625	-11.212148685672984
0.06915625519738641	-3.280331435945048
0.055672605260772695	-2.4736505747593807
0.14631622502406216	-7.766362166468912
0.047582109738687504	-2.399384807520374
0.11523330954841139	-9.93784430749724
0.0356039714507878	-0.33074237826009856
0.04099238842041646	-0.4657922146857959
0.06588779522236379	-0.22144917917751183
0.04030379877022257	-3.4972935975358492
0.04910638460211748	-5.112972597497077
0.05184791658259241	-4.951497266103336
0.05731294633768282	-4.953015387216499
0.11423834334658772	-26.84382418140271
0.08601443257685078	-5.104951846384011
0.050281014981359555	-7.812643067131272
0.03789841378321836	-0.41361939420611255
0.04195478718246179	-0.26737918802663946
0.0726524571094084	-9.109382165881021
0.21686458866448416	-3.0905232590041645
0.03221235629798108	-3.8186704411380044
0.1889253272550517	-5.15891086135282
0.04264295823021219	-6.298750165760464
0.033666718517625115	-0.09966982067387745
0.06205461895205345	-6.31235792611602
0.07143947810442672	-7.842014969548641
0.06769213154262096	-9.062007069887722
0.049279504988107514	-2.4511280620255786
0.031526622751373065	-9.464997775884886
0.051962607029980505	-11.695945513357653
0.033839827265547816	-11.084469322012437
0.05645486159874949	-6.836722881571636
0.11859770192873274	-28.252568804272233
0.05999187586323171	-15.468533872834987
0.0722740649611869	-9.766644319612537
0.03249902484867483	-3.625329711483486
0.06082983303506593	-15.307001824825793
0.032370005944797914	-10.051444926341699
0.05034741141790095	-7.802329259118613
0.04999817337530301	-7.798864868904104
0.03669915791024095	-6.374064017757582
0.050527507991596304	-6.081853768933954
0.05713704907590856	-31.101475531700697
0.037330433688822745	-8.31549531953692
0.039827832258842344	-11.495054103126934
0.06945171160780926	-1.252247651742856
0.04952336453536147	-11.310526896933506
0.05687138972940791	-9.79127333530159
0.0657783540063845	-25.95301680527176
0.0657783540063845	-25.95301680527176
0.08694839407598341	-7.211607870012147
0.04569890146281832	-9.238300207754355
0.07084243842796169	-9.719136540316345
0.03548920598523405	-7.222964224890817
0.07045986600663251	-16.80372647470023
0.04131362274435479	-3.463445580066786
0.03534654975512731	-18.372579081775918
0.11523331505649761	-3.719059192265738
0.11431899451253376	-26.845532319703132
0.09551624581585463	-6.309745729188952
0.054184428578801354	-16.860518541992157
0.1341382062948368	-13.506386773023562
0.052607185759392314	-18.374279080857356
0.10275529977166992	-0.043329711524826064
0.0325955019282201	-7.668401925861525
0.03247923847816632	-10.343756746008632
0.03550069227231782	-14.599443701737673
0.04997988421325707	-2.4101226101461677
0.045378597255565506	-2.90096112892858
0.029835857029741012	-9.890873096441661
0.07143947810442672	-7.842014969548641
0.07093201357311295	-12.709263823288799
0.03151177737605328	-8.591925142760994
0.034122866685378214	-2.5238830153640257
0.04874534548077285	-17.84977429864688
0.060189467595410724	-9.942292648666873
0.03644392387812747	-6.432351224585911
0.040664943479343914	-1.8935825736368288
0.05977245533481074	-14.38908728143377
0.05422266742715279	-3.8497214493219154
0.04406595418656024	-7.320669716890904
0.058144668479219994	-9.53399493842249
0.031883439195896486	-10.23320972871259
0.0325955019282201	-10.820513524990387
0.07010802293319443	-8.842081914649139
0.03281692237506288	-1.1509595276817168
0.039776012923220215	-0.17425195990652645
0.03850126535485021	-6.287120055935252
0.031883439195896486	-9.853979552810715
0.03403529728699437	-0.13441821871168547
0.033602758791970014	-1.3112040898444612
0.03200905988465771	-6.297017356491648
0.05737195128181258	-24.430328466817063
0.0505124806437831	-5.781998407337654
0.061559330424506294	-12.869798810719914
0.037111265417508074	-5.458646353435844
0.03347367822553841	-24.684241483281895
0.11173780596141195	-0.10295057767377194
0.04125652353354536	-7.532919978617007
0.030345550741244585	-0.805266003963926
0.06912570910440484	-4.294554429615607
0.03246132693861187	-10.172352330636448
0.04412469265028829	-2.844122634866435
0.03189390935414813	-10.410154725077756
0.07201144101598965	-12.757033936339436
0.07055120172758901	-8.154095493209958
0.05028101498135956	-8.30709200968152
0.03506571508034199	-0.3800179989291191
0.03761139882652695	-5.910208252041972
0.03247923847816632	-10.374231265363576
0.08479954606894327	-11.265395185860095
0.11644408249580977	-7.256411309212313
0.03222885956856057	-3.8798524477721466
0.03284467074738505	-4.995392999021447
0.03316947374922132	-10.306852106679733
0.04151951672787379	-5.7740275514934805
0.03278234101460125	-10.309664122898104
0.04775105546601594	-13.648592925001736
0.050596609856181404	-3.0787634727530815
0.05029983819270406	-7.817869630955545
0.050945077084543766	-9.370348948664013
0.06866379326381522	-5.51658018103319
0.04119993937771613	-6.693500115312816
0.034035589690343454	-0.1365439479132274
0.06631934986806086	-22.290181002840804
0.11479931914213061	-26.900332920843386
0.03629318433834111	-0.06039835639869637
0.06400751737192018	-7.423666001884696
0.03329990649535291	-25.90473239973313
0.05714943556563756	-31.230663618636534
0.05772721874070479	-25.100974166913453
0.048461436466882966	-11.65414267038431
0.04873699003673893	-9.969573349121466
0.031976598140472316	-10.374570311093043
0.03202038540330184	-12.49378610736956
0.047105181425682714	-14.173592871747756
0.0650071106100375	-25.78711051334475
0.030801518885334674	-8.779030827817353
0.05027575921822546	-11.127972876499824
0.03248333820419847	-5.746774412592631
0.030476610330127506	-1.895722698396077
0.0601894675954107	-2.6779008325434566
0.031511777376053256	-8.625203863414878
0.048249896509237285	-13.597824251393813
0.0573559125160941	-24.462704865546545
0.03187753500133764	-3.2789390917600723
0.038359604077290076	-9.093470666646386
0.03247923847816632	-11.132911083485084
0.05745372927000283	-30.131194194354673
0.038908456089579165	-8.208528031338973
0.045698901462818325	-10.806795949141126
0.06155933042450628	-10.934493161688748
0.03189390935414813	-10.410154725077756
0.04343472409783832	-10.75702484899367
0.037998382562777974	-11.900323592359385
0.035132267769591365	-6.525749416360411
0.09956651347755922	-19.76692687773838
0.06802622498575504	-20.934213786668984
0.048898314013090555	-11.936963220531938
0.0375708117721569	-8.2028449029982
0.0509027308601599	-7.808581331425804
0.06812752864343252	-25.185102426891127
0.1341382062948368	-14.440000968589345
0.03136706080446924	-8.776133632951955
0.08051718954128242	-14.361026957544222
0.031753674035204536	-11.142487862982312
0.05455455629925624	-16.95124761463916
0.04755090996162942	-13.562996385260597
0.050345062283428346	-14.78555210226503
0.039382015239617346	-6.675213641594074
0.05379652966435018	-21.734190356090128
0.03857276044588654	-4.893629227209508
0.05766195081948762	-8.144078102943208
0.034573448104940285	-3.5009468364421115
0.05773098362045288	-21.24030755148718
0.053782111204451845	-18.80302604279193
0.10748789309605837	-9.138525078777283
0.04113298722119829	-13.271945289347821
0.03269151899958272	-9.44674534078734
0.06453242769719661	-10.175998252820724
0.03644392387812747	-11.056473174256563
0.04848332036118875	-5.402724693774656
0.043677113568029946	-13.964833312806888
0.05005616674313649	-9.254948902473886
0.031157614708700338	-10.305120182450162
0.04775105546601594	-13.650139532573803
0.032421670151484436	-10.427176559559507
0.03247956975593464	-8.91196484006236
0.11479931914213062	-26.78417505654649
0.041256523533545364	-8.207377871468397
0.05822686462364125	-17.394657190633975
0.0662959261797395	-24.09824926547351
0.034614343596123996	-8.20796682523206
0.03212219222951187	-6.13766342671989
0.03138656449048849	-8.506501868919095
0.03204239226179206	-9.831257456713358
0.11361130314916243	-26.305345164122517
0.032440508797093426	-7.698848996391865
0.06050646733139986	-11.326157376212409
0.03418122396486888	-7.55593728372301
0.03606732283678822	-12.648846036505285
0.07097635406931846	-24.873391879885773
0.05263804314393933	-11.452160526781315
0.1401287640308028	-17.93467641056922
0.0519626070299805	-11.688175730453656
0.04824989650923728	-13.664496233001193
0.03646846914181347	-10.37472244803077
0.03160265286967385	-19.799518417011864
0.0624395786364575	-26.203405739502877
0.03247923847816632	-8.767114072216755
0.03494734541620252	-8.107476400690391
0.032391627767183594	-8.358411563587891
0.049290037270463674	-11.365296670110732
0.07822353794981513	-21.11233309766392
0.03247923847816631	-10.524246530175798
0.056064011422906096	-20.8303643942749
0.03415343639731526	-16.674025175343672
0.033416779727896986	-3.2264320488172777
0.030825879623700484	-0.27572122847448044
0.03240827591082762	-10.30483564169692
0.03360269482826428	-1.3112065857600912
0.1339444785594392	-13.547568126161194
0.030337744618391106	-0.8056687344552758
0.04126374603154323	-7.139158010406524
0.048298652259210255	-23.494131355735203
0.032178940937876876	-8.413980714535674
0.03316947374922132	-10.306852106679733
0.048863823607340345	-20.948796961835477
0.03548325236785177	-19.06043965162869
0.032741172253011645	-17.411053553856217
0.05461738525923397	-12.125338254846431
0.04866677107545138	-27.643604369963043
0.11110203570505402	-10.290907903324898
0.031438173714020926	-8.607315691187326
0.059935984647398036	-15.693856067162802
0.06676057707144568	-9.018471290405834
0.04547598184775561	-27.40539428958385
0.05662321728162286	-14.241800784072682
0.032549245656280576	-9.62003983527975
0.044616300865387204	-8.409481170556504
0.1129082970260031	-13.742483668204585
0.08531574580511125	-32.095358562923785
0.09884715141730233	-11.611043527707535
0.03247923847816632	-10.408774783066562
0.03111898184724834	-8.72698326623202
0.06624088482642215	-23.15116233294299
0.043421110170334724	-23.768157237105502
0.054184428578801354	-23.27697007057372
0.11479931914213061	-19.284205270818887
0.030352379186901857	-0.8050847673189507
0.030337744618391102	-0.9123853200242024
0.031508208521314585	-8.624349567594193
0.031370505867672246	-9.554389849909883
0.06584109054622311	-28.06867322387254
0.05005816810111507	-22.873264640690433
0.045016824782182246	-9.229577237603726
0.048249896509237285	-12.217952474514957
0.11503724150176617	-26.918755229100242
0.03171233534749351	-12.18245367994023
0.0352346799151663	-28.35666062274089
0.03507282633296687	-8.904337073692396
0.11497041533910979	-26.861320068128403
0.053737261477945004	-16.963069994303357
0.07846451239174276	-14.00101017674205
0.05368544055838354	-21.858313963730122
0.030801518885334674	-8.776967707081134
0.03247923847816632	-10.531223031923638
0.052434410721946004	-9.671739421562336
0.03727781585817985	-26.009445024129466
0.03247923847816632	-11.132911083485084
0.032486121080303	-10.212374204354177
0.03250073581957093	-10.070027273233409
0.032163581451403626	-9.81044092988121
0.030476610330127506	-1.8851045126318102
0.04869050053744818	-26.036917959711072
0.06064803167608623	-26.52275370702763
0.05810306395333723	-22.185156974070843
0.06919304732615277	-17.893691731344816
0.10514660907472471	-26.335126890004325
0.034154757004151486	-16.710892970565798
0.03019339889908557	-0.7676795098653956
0.043677113568029946	-19.79729987081794
0.11535252718502888	-20.14101224064233
0.05268096241501204	-25.81498050494985
0.08994088161270694	-11.894525651926058
0.055997706382309186	-20.854630467239332
0.03082541632021234	-0.2660827723974112
0.06322984208294492	-4.1390755658434255
0.034272566013821365	-0.2941779743462963
0.10950400312273265	-27.635324346925238
0.05718775557790687	-16.858332357939556
0.05379652966435018	-21.93658886479187
0.054554556299256235	-16.67290750039357
0.030492449028033948	-12.854946269979255
0.0639904405037644	-10.912094659114025
0.06085777870522871	-21.04619048017679
0.11427245514667923	-26.855236131980664
0.05089841545805362	-14.848305130791447
0.03143408615286804	-0.272906635498185
0.03550069227231782	-14.84937391078205
0.03202038540330184	-12.49378610736956
0.06610658648227263	-29.560018034517334
0.05733752439087479	-23.487059756170073
0.036786813473385346	-14.629329182831956
0.05927394757893867	-13.202877879423493
0.032597906215998375	-3.2830048543272254
0.032449248809223924	-12.341632670830947
0.038982014260109756	-10.640297434551059
0.0718898754410333	-21.991485631308834
0.031165296735279232	-26.54679065554358
0.039309412065498726	-2.96995425195613
0.11376539168899588	-24.925665626270323
0.03603813675121338	-9.988684696847777
0.032072645602268635	-10.017812259651484
0.06582800347284053	-25.655106949756185
0.11321331876257441	-30.429197410701327
0.055828520407393285	-16.80760667477874
0.03240119480399268	-12.574528526508075
0.03600304898634668	-13.755223368348812
0.03507195747216351	-4.73276252835235
0.04231695959592026	-7.105980331327242
0.031883439195896486	-9.06890210440143
0.03247923847816632	-10.920996818196084
0.03250273271050259	-10.883482062217825
0.03189390935414813	-10.634749521417056
0.05872949823850679	-14.310559846706953
0.11477930044560254	-25.423625493957775
0.041385272583738836	-9.092171377827384
0.03143648693927136	-8.606898925245016
0.03138746138004291	-8.444594009134661
0.05447195973039574	-0.8017744421217168
0.06064544960221408	-26.523760943230705
0.030621680561850363	-12.769848991341155
0.04922650584438378	-22.93397362648896
0.11089386685839266	-28.530950803511445
0.05005816810111507	-22.681130146077525
0.030492449028033955	-12.569252379748033
0.03327779685118947	-10.053836417734885
0.031159176327822734	-8.83287390814476
0.05428269841178543	-23.297082870189126
0.03242375626395149	-11.11716388043986
0.04919933218068537	-15.70807866658565
0.036158601473351176	-16.187311889111363
0.03660396162250565	-1.2712822280128333
0.045126655111004825	-14.931919882795087
0.11012949494044341	-23.10024605410817
0.10174445936940686	-23.26372655674495
0.033839827265547816	-10.995471894393608
0.031526622751373065	-9.53482964360779
0.0308042554368046	-0.2755978855729742
0.036796993088614234	-14.639148959983663
0.033835035367457564	-11.108855950760777
0.030509237190257523	-1.916759647323924
0.0573559125160941	-24.462704865546545
0.11497041533910983	-27.03769055640503
0.034804333758297085	-10.971561486696164
0.04775384180321015	-9.580867231670679
0.0657783540063845	-26.37131535139227
0.11423426990435578	-26.417649773793098
0.030352379186901854	-2.00933077948159
0.03242167015148443	-4.126215557288619
0.030349959930982412	-1.3344386041851415
0.03087725033541599	-0.16649576993866688
0.03150808033955043	-9.184510781467125
0.032747276258643605	-12.350615985007511
0.05297608266291623	-19.959400485539327
0.03695747282686078	-1.018328100610562
0.03160265286967385	-19.799518417011864
0.03189390935414813	-10.410154725077756
0.06093898362062436	-21.34033345965633
0.05268096241501203	-25.000561897260123
0.035521972113399865	-16.428338363318538
0.032741172253011645	-15.618522359597215
0.04456647032034873	-23.973783497499976
0.03059282176445651	-1.645926052641366
0.03548325236785176	-19.06086844249806
0.03247923847816632	-10.524012517231446
0.03323921663322537	-1.92084093809004
0.03429129293516361	-15.979818703936791
0.03982221648296429	-6.400704528151735
0.042291845049967414	-5.304258644403104
0.030801518885334674	-7.822981460169823
0.029597406835439457	-9.626140534504346
0.03821063842567952	-9.041843199307102
0.11228855293727465	-21.743080520163836
0.03305863292389868	-2.1846147729988137
0.037469860471836855	-6.340580333004043
0.045257940581467614	-13.337568643970863
0.1141761811435223	-19.666627525144037
0.034165826083206036	-15.058841834113007
0.033527318324780266	-24.93551195435398
0.030476610330127503	-1.7849951817048162
0.030825416320212337	-0.26233575640220846
0.05666033837718638	-22.178277493476866
0.032840689791968136	-9.953199880435356
0.06243957863645751	-27.487098876790245
0.030352379186901847	-0.7216934108028168
0.0549238666022974	-30.62412633884698
0.05418442857880133	-24.56605507741735
0.0352346799151663	-28.67756949218343
0.03675567781303505	-14.609633426475545
0.07109978148090015	-28.813065187469686
0.03246236327760012	-8.849453556828689
0.029922184619970843	-14.065279503620458
0.05737195128181257	-17.731077284208023
0.0772047717130111	-24.137345019090056
0.11571326014737504	-26.975087909117548
0.06735288127463022	-26.253193626693317
0.057720318464200525	-25.104022644567852
0.06577835400638447	-27.302658236538054
0.062439578636457486	-24.907606027685198
0.030734357164233433	-28.096946102779384
0.030863872925785157	-9.560367333849072
0.031883439195896486	-10.240138895378163
0.03090891105170938	-8.722049819496782
0.040162451899398446	-13.121955555234814
0.11100160880859035	-30.248370821068217
0.04516169992520584	-25.825626857725755
0.04450884765647094	-11.458718983818999
0.03626317193409498	-13.309494201972212
0.03202038540330184	-12.49378610736956
0.030352379186901854	-3.0552301576304135
0.03171233534749351	-3.382867925000404
0.030536877162935745	-4.709580479900921
0.03558712327973389	-2.7978966855308034
0.030175910161210608	-0.8161812344180464
0.043583192856858126	-23.76467266712104
0.03213837049872307	-16.09081177016285
0.08531574580511125	-20.18977436737985
0.03172359116557086	-16.43493049578518
0.032741172253011645	-11.889953139407465
0.06267000892123574	-14.268426638098912
0.06418713729250405	-19.81888427012377
0.05273739837127212	-25.406845665756485
0.03240160059210097	-11.161520156630814
0.04547598184775561	-27.40539428958385
0.031157614708700345	-11.147272526902743
0.030264051752820254	-12.752552245025575
0.06543700395535285	-4.88444598428831
0.03724936176258574	-21.628497205497542
0.041227879732594244	-11.639361954151497
0.030387760838621714	-5.330270076595753
0.05772031846420053	-3.533950676913614
0.04668543587257014	-21.56314206417584
0.029607496161536316	-9.58300947730599
0.03035237918690185	-1.6724253473873023
0.11398695637023283	-26.948077341904607
0.03090891105170938	-8.745033553831655
0.030352379186901854	-3.0486199069872355
0.03293250871754428	-9.927081174766275
0.0381619515334568	-12.515437168908253
0.03418981324173749	-29.072200615901835
0.03182127645201685	-10.114919493671419
0.11432966421134588	-26.888977238535443
0.03123231987714003	-26.785656817940296
0.06257391637957622	-27.425571600679095
0.029922184619970843	-14.235681921494944
0.030323679138961272	-16.969619523510026
0.03435689298779957	-11.33125944889965
0.03578066992787967	-19.584308072068676
0.030239071462987998	-0.8122778340920545
0.03276622279775491	-13.568595548395656
0.039188009523567935	-20.814750011945957
0.04648123408684289	-13.79644663135956
0.05037850643253491	-12.452261095308618
0.05575982370935769	-23.461188119012803
0.05039967195176543	-31.96569056399666
0.04238102564070855	-28.935089055705422
0.11109370884407618	-28.3205822247906
0.03267167640336778	-12.34351268284279
0.030347682163561568	-0.8056668910420104
0.04895512457729522	-9.094132594060444
0.034039397802156604	-8.000507846839893
0.05418442857880133	-25.27950579360428
0.030175910161210608	-0.8161812344180464
0.06243957863645751	-25.703672617235245
0.030349959930982412	-1.3770551282640162
0.03196730203317993	-12.502771733601756
0.03048310562798587	-1.8942919702735013
0.10948492302377218	-28.01184035210461
0.0313915732344475	-12.581759979481731
0.030670577767781485	-0.8371376779214352
0.04789366243650955	-9.140027115794123
0.04337767799285027	-23.26515585442131
0.029916498471496872	-14.09025489564302
0.03429129293516361	-15.979818703936791
0.029597406835439457	-9.626140534504346
0.030219274736531805	-11.150598208058875
0.029835857029741012	-9.77724743173438
0.032741172253011645	-17.527358959773437
0.032027977642425695	-11.336712823898607
0.08066155692561155	-32.95706340788093
0.06615542949600625	-27.601030730844844
0.0301144897119528	-2.0147374673687475
0.02992421828038174	-9.861664770603896
0.037732717232429346	-24.5319529808357
0.09715545000942866	-30.51577454115282
0.03718855207328272	-9.022881680000724
0.1125257052236981	-25.262012870501465
0.04291003995038015	-25.21556679973898
0.030537497442080137	-11.711559284283862
0.054012065192138865	-14.802520799404755
0.04701579199765164	-12.67238269979187
0.05713704907590856	-31.373709360710738
0.03676965869192033	-25.799328290418714
0.05698833232243335	-11.1569324376892
0.0672321969227418	-9.060932694608141
0.03161045035371507	-9.984454692877023
0.03644733339772912	-1.4871036943576927
0.04634026243014752	-8.712029362831998
0.03653569626268347	-2.5615809516199763
0.11696215647643059	-27.77592022487168
0.030476610330127506	-1.895722698396077
0.030352379186901854	-2.00933077948159
0.03036573171800954	-0.8040659848783807
0.035507229077756636	-8.738789299736233
0.03231171181200195	-17.466950251168992
0.03774487582064864	-1.4470546701976366
0.03012595156825302	-9.646057691704627
0.114696696865409	-27.03431491439749
0.03563601868635343	-19.21144630424888
0.032096057573871864	-10.873303923157927
0.030470190960105642	-1.9017431366286615
0.03475563993128617	-15.466390137136596
0.05592873966861574	-30.4401851377562
0.07529692173532354	-31.12263349507778
0.035472228452459016	-10.736667216489762
0.034623385324255136	-4.443761929129334
0.05054749791872839	-8.964592062733663
0.0320971831775758	-9.287426529339564
0.03971694340556148	-1.020570814573636
0.03206521685815886	-16.060656942828057
0.030584655020283704	-13.505865746177252
0.029601301907883053	-10.402380539501102
0.029613441214257043	-15.233901874758182
0.04472347056027003	-28.15460220782826
0.039697029903048624	-29.24632471978581
0.034177512820024014	-29.08272338390124
0.03347367822553841	-24.684241483281895
0.03118981517913101	-26.542075422839858
0.03542027494600247	-28.20564008008939
0.03029459486951671	-13.715716899635215
0.0341751858051628	-9.732225074112337
0.07105110502176444	-28.834287622308356
0.0330251547932042	-0.7871753999235604
0.04794767676569574	-24.736712014550072
0.036265441469733845	-15.282785142204462
0.03237559011295621	-13.396372293070845
0.02966017562662118	-9.276520245222532
0.03563601868635344	-20.33974745179712
0.030796852646146414	-26.865208330846464
0.05268096241501204	-32.598091912979726
0.03012595156825302	-8.061308069559248
0.07612591663515023	-17.62043995661179
0.14913596509999386	-9.313347930412567
0.0452002421176165	-23.91355278797765
0.0301448292057163	-1.6835377189993745
0.0520671527015156	-28.21429718046359
0.03328421009894894	-13.939163189796696
0.04573287425141675	-24.916351562576583
0.05189938798387509	-29.037669568591742
0.08381436992731035	-33.54079220424915
0.03303001135318949	-23.890560449566056
0.0710989287037199	-28.813132890708875
0.04456682168428847	-23.973749294621165
0.03284364728628636	-13.173067407734637
0.03394810412654933	-17.825866225762496
0.03054861337986908	-4.664111259382602
0.03597025792855409	-11.08190638729707
0.03180365725822993	-16.403016743099876
0.05202132873323705	-23.64780546620053
0.044083401308743664	-12.515120022602444
0.029916498471496872	-14.09025489564302
0.030361479057673925	-6.195412308437962
0.03025512072648866	-4.015253268790769
0.0848062835986673	-31.673300835292533
0.03767225834511229	-25.59187108672322
0.03522397873254915	-28.365379941058716
0.04866677107545138	-27.643604369963043
0.05270250366129369	-24.824403580128923
0.029586637062001955	-9.533006308915887
0.032508569233645375	-26.35001531395097
0.0859182694028335	-32.07301623959461
0.03137265251258474	-27.157809908784692
0.07001330770674395	-24.810275156442188
0.030734357164233433	-28.096946102779384
0.05005565638818057	-3.3911489617437343
0.03038707607025693	-0.7673418942089117
0.04588482905953426	-27.760817304931244
0.04516169992520584	-26.74906000079343
0.04993906688829654	-32.512960265684285
0.029471704177664308	-9.785436907449569
0.03133235134100837	-12.261321806849974
0.03176390298411884	-21.157384806393047
0.03858315952294342	-18.542601278948204
0.0706090018644892	-17.318495973917454
0.22667043474264184	-11.270830569082465
0.03428398826679454	-22.00678146432737
0.036455550266748814	-11.287138905989867
0.030374214539091275	-1.383423657932777
0.08021117384544156	-31.87691300273215
0.032713534347119565	-18.379924365175313
0.045367894672402716	-26.265300444210727
0.0312389269778557	-12.443469673835875
0.033341024967003384	-12.744565698718933
0.032741172253011645	-17.527358959773437
0.029835857029741012	-9.77724743173438
0.06895888643177443	-15.15901376732846
0.0484741673546121	-18.857824343935643
0.032741172253011645	-17.411053553856217
0.032741172253011645	-17.411053553856217
0.0334736782255384	-25.231862295226154
0.029835857029741012	-10.041285950307513
0.030395273196784544	-1.3933352725124633
0.030341717200232453	-5.261839104446761
0.06735936738751863	-12.01172658547112
0.09854503208812009	-1.1851408889527768
0.03069072911287074	-17.08242264652356
0.02991649847149687	-4.336210925281818
0.06243957863645751	-27.487098876790245
0.11076298712463405	-30.23004104900906
0.03202633750005729	-17.65345354202743
0.04994973958586162	-28.37274724149783
0.03798542817016481	-13.374521279335802
0.04464249235528325	-15.243899067144367
0.031955011672284525	-16.261215584953234
0.03260768256161574	-17.896422747930927
0.030663146167755315	-17.736503358778233
0.05167802660165775	-8.480019028754832
0.04876315695292842	-31.81013457908186
0.029916498471496872	-14.09025489564302
0.031558358854816296	-20.063320283581902
0.030472572223304666	-16.723832518903766
0.050987842444659884	-29.347443188610075
0.03207410564902714	-9.546969738859241
0.04722502271400474	-27.829274554105854
0.040049062367638444	-30.52603825258734
0.08480841923624742	-34.29692805897226
0.033811824952352916	-13.518783924677637
0.03530980971517527	-28.115692586584654
0.03128074103596311	-29.400008653782276
0.03225914531062532	-26.549184333918628
0.029953556369201093	-13.359322919073035
0.03231654124480279	-16.009819279514893
0.06037751971129329	-3.8077771191335987
0.03180365725822993	-16.403016743099876
0.06629795559668411	-27.79058571127188
0.03249589386873909	-29.49163228813547
0.05714184563725225	-27.852550952750438
0.033080405451478626	-23.852350597465335
0.034402427547559226	-15.173252717298443
0.10448429627240366	-10.800664200079103
0.03282861736579501	-17.626923170792672
0.06378125419076358	-27.01956110851051
0.03655194864621787	-14.536557728172236
0.03373748874857934	-25.41090681677296
0.08066282059602557	-29.27087119045128
0.09715545000942866	-30.51577454115282
0.03338258231033993	-25.366613704020065
0.038267731402348085	-30.22646033143588
0.04188170139893857	-27.956440150440983
0.042425632256337664	-32.1393893796272
0.04072589675079287	-27.195951106685552
0.03332866139359152	-23.994745757497963
0.03192456438225589	-22.033339032098194
0.07102288582493196	-14.307597854845637
0.18020817544200682	-14.555654597189584
0.031921525810898375	-26.267407614190997
0.030113619071082072	-20.237900831633276
0.029619992394124505	-11.31334598344079
0.060462148060856286	-8.010669810169357
0.07486437891472088	-11.532507640384484
0.08965855087326112	-28.25834934768379
0.03434057328427377	-17.819468847941984
0.029835857029741012	-10.174450270101909
0.029524082285572406	-9.561866730217567
0.03195724040681778	-17.127357507002003
0.06917549416503907	-25.842813029828342
0.03209727867561066	-15.248369340361664
0.029916498471496862	-15.879536783069726
0.03137265251258474	-26.50490864175832
0.029873117687542746	-12.543337649926492
0.08667701363481599	-24.020657513445272
0.04974269331194953	-27.049468813107268
0.0642728564438151	-25.063770779142782
0.030252101397905438	-19.364966349746446
0.03136812441814747	-10.439566441084635
0.08481677670609444	-31.80710329387845
0.08530500641917266	-31.797297932752517
0.06944314996993643	-31.233105152620354
0.030448298128551987	-16.71036643331241
0.030804278211120334	-30.63695933714576
0.03058943072725783	-11.835601876611236
0.05039141697227637	-32.10189960704339
0.049945028266223906	-32.378130508469184
0.05281539197638347	-29.59763660463928
0.02996006144623374	-14.03837950560235
0.06330994533593493	-30.568236986300406
0.03026405175282026	-12.752425784930512
0.032852978636893855	-27.56504116281456
0.06920863076258058	-30.21702640008108
0.05592636583643248	-30.44150848124668
0.04588520212332846	-27.760590938995694
0.030905546184901836	-28.175078233621864
0.02989825429648052	-10.044164504886261
0.029916573793164918	-14.090170323873899
0.0350545178350412	-13.014208351018695
0.030256599620301725	-4.083586937881129
0.0317958394469625	-16.24681774030719
0.029491694178439935	-10.838872243216782
0.030273896191384493	-8.719913942214632
0.031143973287309418	-10.306989629293627
0.043553126823048675	-28.10845006524061
0.031723591165570865	-27.971957410657836
0.05592873966861574	-17.50284897966287
0.02985550969914528	-18.683014200711987
0.03154126565312315	-16.441578185419523
0.04305375295834377	-25.79244827544081
0.03179465234714545	-30.35894856206228
0.04200228743207922	-29.160021807953417
0.030258251331752358	-5.212586484891474
0.09634353133713253	-7.770946533604257
0.08255704992786744	-34.15259204788402
0.0319116018628619	-8.016438851466075
0.029471704177664308	-9.718641487703337
0.030891456108011705	-27.769342597088663
0.030168316021361705	-15.744231372923569
0.0317032749950197	-16.69149899903189
0.05080069552589597	-32.44199120192895
0.030448298128551987	-20.14157055197383
0.029601301907883043	-8.747475462887596
0.07497999424990817	-24.4566352714259
0.0488933912344855	-33.08560534621788
0.0867794589373155	-7.824654359112836
0.043950175353172694	-36.23655364967386
0.029471704177664308	-9.785437148845023
0.029916498471496872	-14.090254548053869
0.08459289131412663	-36.53942104297381
0.029891092689424834	-13.224680028248745
0.04489033017976144	-30.979661747538312
0.03379589975509389	-10.585883050051567
0.02952734760084999	-15.282619991469032
0.029959508884882784	-9.569047161048294
0.029693006231299047	-16.777494342180958
0.029751864358050845	-10.443334476863292
0.04777971755072592	-28.884601845245786
0.08066155692561155	-33.78728465177373
0.0310022044781164	-28.02104027238766
0.03372125874605698	-10.825299998323935
0.04708210248515184	-28.498220540323544
0.031699424138983676	-17.167776299773593
0.03089568793294239	-18.27696505879204
0.029835857029741016	-10.671439216441133
0.06037874105710569	-10.213152780410919
0.04597298524159764	-33.16806320481188
0.029922630766892767	-14.503550159147562
0.029527157084198247	-9.899650494822772
0.031165296735279232	-26.643006623748352
0.03826773140234807	-29.676182327748645
0.031479335936343805	-16.7881340917894
0.03801375940312982	-16.2907647206962
0.0347378242807418	-31.078471708298956
0.04993906688829654	-32.51146670628251
0.16780984299605461	-5.793349944782677
0.07817315885738971	-30.69240452613582
0.03063670413291146	-17.546998246107588
0.031791367543775755	-21.14718156763282
0.030323679138961255	-22.190864072143093
0.08530500641917263	-24.11170782963401
0.03225914531062532	-26.549184333918628
0.03154126565312315	-17.0653768652879
0.1104133220260695	-8.708728194496667
0.054142628501303386	-31.389117477346865
0.03831743899772001	-29.869856946760326
0.033240032325654485	-16.76748804406732
0.0298180271596725	-27.83289347597987
0.03457702324879718	-20.659137095789454
0.0889606609399117	-31.541175385194347
0.03525949012289691	-27.95602439316086
0.039698176056107266	-29.233897497232892
0.050403776347645105	-31.978975849891114
0.03027296679606275	-17.991361064742264
0.031189738493106328	-29.764971801067063
0.049934250913194735	-28.453673597676573
0.04005143934300314	-30.473008942058183
0.03074784309101032	-16.398959238592187
0.08481677670609442	-31.9921851026409
0.052010072976867106	-29.57808216377437
0.05268096241501205	-31.920821451798087
0.05048066384985384	-17.712879951026792
0.04735829482112482	-27.53421886942737
0.05393087844179115	-10.326751777116918
0.08201414749709454	-8.777886734481953
0.08480628359866732	-31.407473415186082
0.031531220768370706	-9.641846266313168
0.029835857029741012	-13.038330224498964
0.0744500982881981	-31.486846098749385
0.02967703742140909	-12.24481460999942
0.03216484274427414	-16.567495882775415
0.05600549666044545	-27.163539141337402
0.07079965785689599	-29.38899881831902
0.08931739003417338	-34.6097378207933
0.030646243238759655	-9.35756308496936
0.03115147656499316	-28.140915119276332
0.030321043425234163	-10.198001218737163
0.04051804269902406	-30.957659737156437
0.03143945030696309	-26.313019887368856
0.03176390298411884	-21.157384806393047
0.030915946664730964	-26.412325243346885
0.029471704177664308	-9.714192038932262
0.050997838134790675	-29.35474833263085
0.032742292255438114	-28.28572210324689
0.049949739585861616	-27.700257468247976
0.029461933442396237	-15.773065889812035
0.05095440329173087	-21.974194548873495
0.04238102564070855	-32.65099650806296
0.08480841923624742	-30.37424274288576
0.06846936325278351	-25.853206046182226
0.05651423931700574	-25.25172786091246
0.029937511132154336	-14.290345003403925
0.02945180647912291	-9.762146116921098
0.03417751282002401	-28.33589806384031
0.029835857029741012	-11.265383355497692
0.05111847463604495	-31.421222719156216
0.052252171947619774	-10.116756825658726
0.031189738493106328	-30.854944597722184
0.03826773140234808	-27.97335022519121
0.0382682149095019	-30.22607507013766
0.029451792218469396	-9.671122999614573
0.04996725845390721	-30.00430441070161
0.02954878096463954	-9.540272921575074
0.04896052487459367	-32.75823663837969
0.032481700394307214	-21.198634967582606
0.0536141975902825	-19.98336729291753
0.029882863586669896	-18.629857260137033
0.031508729630858955	-26.593846592125175
0.03774887832364678	-31.7667934592129
0.03123957290238958	-27.87437756377929
0.035224453014154805	-28.27429415001873
0.032333671197244	-10.957776254507678
0.050911689178534385	-29.712768163108233
0.0344893966074242	-30.16369034137434
0.05038280917657734	-32.412765374987806
0.035948513445994916	-29.243772872716395
0.03771498560646652	-29.195479893529452
0.030804278211120334	-30.63695933714576
0.040049062367638444	-28.857177921870903
0.04787298656711129	-18.053346273616278
0.030847174554500978	-30.014026343669837
0.031022190632931504	-24.490190590337658
0.034884401075480166	-16.8187381186549
0.07433729267972637	-13.009706664004206
0.09733634555499854	-25.02727206378575
0.030252101397905424	-19.876598707129578
0.060490058260480546	-32.78283521795814
0.038267731402348085	-28.314103362456102
0.05080069552589598	-32.43081328867034
0.08459377887575965	-37.50587149525698
0.029618903682615556	-11.313761858042053
0.048723524075335194	-32.628566270493096
0.03228544582176082	-26.187837885445347
0.030293610460836097	-17.819731644896965
0.031122150668106596	-21.01459143229654
0.031917731945898704	-30.487366861309948
0.02981802715967251	-26.338628406111997
0.07304447753478166	-29.539826290113908
0.04395499942462961	-34.77915397279487
0.03451818060449339	-31.282379445832827
0.032561737474671705	-26.434361971317667
0.03714253942257445	-22.05428472047427
0.03432333489752812	-20.919335317308228
0.0342812287397924	-31.412656329363397
0.04884720470267001	-32.953367384986585
0.0495564570538129	-31.973925853619825
0.0542393043767357	-32.708685636372394
0.03654198054701591	-10.664280438067477
0.04802459175040056	-22.10827088097087
0.0314919519433371	-29.20988709228316
0.04993906688829654	-32.50500576107004
0.0310022044781164	-28.02104027238766
0.04873187331481973	-31.63856093965284
0.031151476564993154	-29.12941510130221
0.02946193344239623	-15.237596052779244
0.031791743699424564	-29.566035039530753
0.03220398674101108	-29.791412252540894
0.03441347312838624	-28.361340966565752
0.03088157114180152	-26.16498808056251
0.06351653306495339	-16.0371937468159
0.03323956913519681	-29.14821868141778
0.03152631244859029	-19.07915148659096
0.08301927925353453	-34.24307977817049
0.038049732443712916	-29.962178457920356
0.08084090365942241	-32.93011747613677
0.02954046068755082	-9.55270060035487
0.031175596375106314	-29.783064562051763
0.03162539108413383	-30.313411460233215
0.039902425459006685	-30.526032937858933
0.05580318600832489	-27.89879744182673
0.04342404416300372	-27.334204381509966
0.03285297863689385	-27.47444482011001
0.03141783948101931	-27.761479989806514
0.03275600141135019	-30.17422940868518
0.029794156281756093	-13.33810600649865
0.04447022571068686	-29.75741701650283
0.07478266918157304	-33.633689109787795
0.031002664055640203	-25.540548361540097
0.03742933842443972	-30.38275089024723
0.030796852646146414	-27.215965677575962
0.02985550969914528	-17.80149286256098
0.031282088254761066	-29.399420253126316
0.04242451738555339	-32.140003955458
0.029993140901639546	-15.850299448718191
0.03154660309059334	-20.081760381005115
0.034177512820024014	-28.51824870651111
0.030891106149512012	-27.59209626164274
0.03285526826533605	-29.832070429669177
0.03751363659801824	-10.433268412373707
0.029775987403608203	-15.681749644341101
0.03034764062614995	-14.961411817568042
0.03091355583022323	-27.45738622881574
0.03226174917413287	-25.5393155506846
0.029916498471496872	-14.018154977120329
0.029677037421409088	-12.490027521326533
0.03118981517913101	-26.542075422839858
0.031165296735279232	-26.643006623748352
0.04485105367837249	-30.86310933501597
0.03807014537257954	-30.063437335095323
0.08497593974390263	-38.98061115093466
0.07573326615260068	-30.57077984372101
0.07131542500199116	-25.695885619377226
0.0327112353716962	-18.864193797253467
0.03042379582637671	-12.704492543944129
0.03001856420051477	-27.73608530874028
0.029855509699145275	-18.004980829885827
0.030734357164233436	-27.50827893542994
0.030744260161041988	-30.566437589480746
0.04597298524159764	-32.447486122690755
0.030796852646146407	-25.13361076683897
0.02989000116315699	-16.19756608539744
0.03106313861349206	-27.61248168838579
0.03085342986458672	-30.386539372726844
0.0310022044781164	-28.02104027238766
0.029527157084198247	-9.899650494822772
0.029882863586669896	-18.629857260137033
0.029881774309215993	-19.14198325589256
0.034649587796018046	-30.509928007766526
0.048851937302882564	-30.936068100010623
0.047804855084026175	-32.96975040725585
0.04806908396034613	-29.4408629018494
0.03036340799187047	-27.768718668956033
0.030796852646146414	-26.865208330846464
0.0310022044781164	-28.02104027238766
0.029451792218469396	-9.47972144591114
0.04232400764874017	-33.08624369639692
0.07545665121976293	-31.79822048797216
0.03934810062956321	-28.126019346188524
0.042315087271611464	-31.503991516236795
0.0310022044781164	-28.02104027238766
0.029471704177664308	-9.718641487703337
0.0310022044781164	-28.004593317296436
0.030448298128551987	-20.1521301957293
0.03039257868452218	-18.910780237870533
0.02979427530675436	-13.338052722056544
0.04235952306063344	-33.801457515136654
0.038501841257901265	-27.931682498400246
0.03123231987714003	-26.785656817940296
0.03079685264614642	-28.644570432505553
0.030629818821277348	-28.437884040287486
0.04352800241779577	-30.66235109892575
0.03165573497413671	-30.18799378764275
0.042425632256337685	-31.885890281816884
0.029647882847494915	-18.558170593300098
0.032750440195336884	-18.22210103510651
0.030905546184901815	-28.386136841308684
0.029619992394124505	-11.31334598344079
0.05709512305489919	-32.337405648764545
0.03129436120651435	-12.928489781415582
0.03814238323092907	-30.326571660300402
0.031235194542974284	-29.734762780656492
0.04394224323045195	-33.65146853265814
0.04672070819178426	-33.46315298786139
0.029796709524143154	-23.379008236892112
0.029783837079713098	-11.982023662132796
0.030881571141801525	-27.071748250147476
0.08458216863483115	-36.25065167369162
0.029855509699145272	-20.94035449469704
0.02982809031567566	-10.301391652253525
0.03070193002757746	-26.830736609339738
0.031213519811215378	-27.58838373032677
0.030796852646146414	-30.5565021636382
0.03032367913896126	-15.984188695810973
0.07660383229405773	-29.380239236460234
0.04137506463752698	-31.46329946720351
0.04876404952399205	-33.14733175651939
0.031151405777771167	-25.266779814936964
0.03308334884103171	-32.15604723857306
0.04158335722897934	-29.695063920221322
0.03129034525545464	-30.280795776490784
0.044855690496657566	-33.390117532657754
0.03812561348915475	-32.22388777137092
0.0347378242807418	-28.879441779186642
0.03967756181295963	-31.444481695863722
0.08085749688390005	-32.876900737775195
0.05486884169530225	-25.101998651435046
0.04736144438973081	-29.815983056956775
0.03123323204802164	-29.83505228911421
0.03155589264822492	-26.73057157809595
0.031384872400391804	-29.901528632640932
0.03610450926247	-12.64926913134602
0.031232319877140022	-25.4503316301118
0.035497761825015274	-16.303527884852887
0.03275600141135018	-30.442239831524983
0.04489033017976144	-30.979661747538312
0.17097638791754693	-7.5123396941316045
0.06902116630081272	-30.753617001287683
0.030367515397118742	-18.88444552129265
0.030515164759032532	-27.652885767212112
0.03203591396492677	-30.8512864082655
0.03220398674101107	-29.759188779824076
0.03071250548175244	-27.54412481370832
0.03685534630561095	-29.7392365748646
0.04242174327371678	-29.580297422881902
0.04504324611130178	-29.929726252320233
0.031625235272291226	-31.201922794886258
0.03073447662305159	-27.089321236197407
0.03165515297710734	-30.181481759022834
0.030896493508739784	-28.448104428033222
0.032967532896136145	-25.048273485574175
0.0419157256591011	-14.07524253109448
0.04485569049665758	-33.385349142091584
0.033819804757915115	-30.181315687602346
0.029836234046878587	-13.205342909476654
0.03219567696554754	-27.350477741735514
0.08881619974992373	-39.35949982318913
0.034013558235968154	-28.175601953150284
0.030891106149512012	-28.82693230319777
0.04232400764874017	-33.33229917694162
0.03802474886685752	-32.26652578013237
0.02969879955861582	-15.689512762777062
0.030746629108894082	-27.736730441101873
0.04177517749948652	-32.53704217744375
0.030891106149512012	-30.68538104980705
0.08480841923624742	-31.362558705372248
0.10276654434288766	-8.926491329881367
0.06120268929963015	-28.19698688206399
0.07608260156948575	-20.356402699922537
0.06253390258601417	-28.1427447784736
0.03118973849310634	-27.786826440441775
0.07478266918157307	-33.63373301830368
0.042252500122297865	-35.50818886732085
0.04306665894320213	-31.40071952197249
0.04449579119629247	-36.13557772862685
0.0712831114869754	-27.67866294880241
0.029916000541990964	-21.066892517414296
0.02979926305190079	-13.335820217851117
0.042149231344569604	-36.203314219093464
0.042491433156158304	-31.90728514757207
0.029359796666019795	-10.243719249598575
0.02979670952414314	-23.808195573379596
0.03128863817577158	-30.755944012561837
0.03137084884089233	-30.899886691092725
0.04469054037315872	-29.304973558087266
0.05989772335354172	-27.800993104289486
0.03079729094322423	-31.553841996200994
0.02999113839682711	-17.21779694078159
0.030800782979659228	-30.465148596580956
0.03126554409374476	-28.36111028569905
0.031189738493106328	-30.854944597722184
0.029613441214257043	-14.93250301470048
0.03690599166925811	-31.893104798686156
0.08066155692561155	-32.896907061539615
0.030733788986744535	-27.87106465947269
0.02945186388598424	-9.762127088749198
0.04114804037620594	-32.591303280290894
0.029702030907679502	-15.764540271368297
0.031930237187023716	-30.687174761464792
0.03263589301490434	-29.268146777366553
0.031228673967115102	-29.83942711946977
0.02946553490073968	-9.757597776443763
0.03136081665429669	-9.8694289024945
0.07199210840228215	-29.05307171877319
0.03381849845604966	-31.753246501585537
0.04508396634637394	-33.055945965384694
0.03729245708474572	-22.179306514649337
0.03983854376108328	-24.826911858437736
0.09062126942437577	-36.16513003112293
0.03990486002801062	-28.65374195321527
0.030734357164233433	-28.17183897396796
0.031625235272291226	-31.155984524803866
0.06517882767170881	-30.030932611870654
0.18692759454868801	-10.745691555862122
0.04137506463752698	-31.46329946720351
0.030734357164233426	-27.89440308940138
0.0301458340633884	-22.34047781190843
0.030932114917941147	-28.13129181269879
0.03165573497413671	-28.874834879705514
0.043950175353172694	-35.536332811990256
0.030697462626807965	-31.78335742766651
0.03308473563847301	-29.433790543171572
0.03156052199478459	-10.507033151024343
0.039520941977753486	-32.04966896326889
0.03248997386490416	-32.057977694488734
0.048764049523992055	-32.67617202406773
0.030804278211120334	-30.63695933714576
0.029471704177664308	-9.714192038932262
0.03087756643116177	-28.81298710823731
0.04224000625801374	-34.58907059969698
0.04235952306063344	-34.509933557815316
0.04395499942462961	-35.837997049476066
0.03203204012754137	-17.012649771699095
0.03253614061555142	-21.143725810355676
0.029471704177664308	-9.785436907449569
0.029471704177664308	-9.718641487703337
0.029845622253093985	-16.09010181939237
0.02931017489892724	-9.17629982557449
0.04515539961402775	-33.30074830903576
0.04393066931909022	-30.543535971300606
0.030905546184901815	-28.386136841308684
0.08931739003417336	-33.484966935280255
0.041927987333716	-31.92926333645538
0.03015558728174739	-29.833799079206674
0.030048287055464258	-28.878619105375595
0.03179465234714545	-28.117611129908585
0.03213512839592569	-12.378454121187053
0.030656733651699707	-19.255002821884514
0.09135742648373804	-36.02273799918482
0.0294612408975316	-13.817534587329177
0.04193394780004302	-33.614495766860124
0.04195204340014095	-30.989376580535858
0.030678273343467923	-8.4005670155947
0.03080078297965921	-30.718292311702818
0.18181827917603466	-9.198912529261511
0.07216344575786449	-19.6258930703435
0.029452638745609442	-9.85292610149984
0.030023211742254995	-26.245987208789057
0.04231335804531094	-34.082267173149326
0.034445663842425145	-29.862861485677975
0.0429357610042678	-35.32429165833079
0.030273787809391422	-15.352318240531753
0.17358331436915075	-5.4288178618296135
0.07123278491322814	-29.513523072010308
0.03041389803723303	-13.406899718152514
0.030250096757046246	-11.61409258083614
0.09129446661653155	-38.01153578830245
0.02957629107657313	-14.568947998874517
0.029731490307831582	-24.371203723809273
0.029449294812115917	-15.793612559017546
0.040274157314045274	-31.33899351781323
0.029647820584101554	-18.494954792264373
0.031156532432197393	-30.706182519155075
0.029601301907883053	-10.402380539501102
0.032086605973395715	-32.046356212447044
0.03223869675147001	-29.30054611493418
0.055244328845812804	-24.900677781589124
0.04593603563488488	-32.60912979617675
0.029803653968638197	-23.80264808596003
0.030323679138961276	-24.945177546645166
0.03774887832364678	-31.7667934592129
0.030323679138961255	-22.190864072143093
0.03247487137525231	-18.12784031955031
0.036737952772474616	-26.529765517491832
0.04426056969138255	-35.777067000584246
0.04395499942462961	-35.837997049476066
0.03899861457257817	-26.263721703701584
0.054165885028271694	-23.073286325048805
0.02986824064804938	-14.119710428634379
0.02933777141871878	-16.24240787206663
0.02984571394614715	-16.090211146137413
0.029798398676679584	-9.689298965746145
0.03999704254478003	-33.07645823563739
0.029765441058185897	-16.327402736779213
0.03248721903870662	-31.738421754665413
0.02974014230961627	-9.66090411193233
0.03163350230456756	-31.41743361697615
0.0298180271596725	-27.6925145919473
0.03012101558031874	-27.618515242320548
0.030530556220851764	-24.70364879310074
0.049328686762381405	-33.49673900336251
0.043049764155225	-28.710272980195352
0.037805556027151875	-33.05257942418165
0.040318369677453274	-29.459712175527134
0.02981802715967251	-29.798960862287394
0.02930907446555665	-13.838356490657652
0.09152746441090724	-36.88204719523945
0.02932498910990861	-7.370300619299743
0.03862534525253258	-22.103671693663678
0.04449579119629246	-26.33673361118337
0.04136514704049959	-33.677717334836906
0.030800468849498466	-31.5505857235193
0.03051516475903253	-30.85528840846403
0.030305526929527628	-21.665703379662684
0.03011364621881338	-20.407087930967293
0.08480840514618655	-34.07810838368047
0.0753868530865751	-18.439635039194357
0.17983714676522583	-13.491049212790895
0.030734357164233433	-28.366129402579855
0.029471704177664308	-9.114177913914702
0.05364177879607146	-26.0246468095696
0.040555108148501134	-33.336196588955566
0.029697647409306003	-8.96548686102792
0.03172482322368769	-29.49402758071559
0.03308334884103171	-34.95908487060453
0.029811921184016897	-17.198866647056498
0.03080441760316666	-30.637119915970825
0.0375898312091379	-15.821076915272974
0.029527157084198247	-13.37124558451495
0.03067778061000009	-23.571909854467364
0.03159711025398052	-19.362274051858957
0.03341099974923806	-24.144806545616603
0.03017304304988052	-28.556023505051904
0.08458216863483116	-36.13677818282757
0.07826867231140851	-11.700439109537847
0.13872552569157134	-18.26158431818173
0.02981758477885194	-10.320539260953348
0.029892978092903172	-16.224113671242346
0.03178198941840247	-13.970534858284553
0.035198020268689255	-20.931610745612137
0.04341536543749755	-34.39415165698541
0.02946553490073968	-9.757597776443763
0.0557961636898382	-8.57836307245974
0.03965176445555175	-31.063102413178562
0.03135852357033167	-25.907473258435168
0.03079260420345068	-9.943059746761351
0.10627166715084979	-7.333079292303604
0.09232464646089024	-35.0383090193653
0.043495770857841856	-33.378169340651745
0.0628353641865623	-16.757863900526505
0.08704968103404671	-39.90574041611867
0.030069583129572763	-23.446211966015213
0.07606583484130847	-20.27524526041665
0.21417569887718063	-15.04954024297599
0.044504296790326664	-36.12656393520562
0.04395609938334248	-36.137254799587694
0.03873666121227562	-33.87993813433071
0.030617044504012866	-29.89387955411663
0.03687784337023954	-23.763189437910366
0.029457285100385287	-11.980829052286161
0.04179468018413997	-32.58177822016808
0.08354719993257628	-35.1921489007365
0.031657645760087026	-31.312003991982635
0.04005764477991041	-33.38676740108799
0.03145654915892353	-10.966053328635118
0.03316909148160738	-23.37762280783806
0.04947334734856425	-30.43787607781181
0.07606271930613458	-35.52073473862612
0.16975726938336744	-9.064082718922727
0.08598817879595964	-40.953637645691046
0.02981802715967251	-29.798960862287394
0.029309074465556657	-13.528382882113975
0.0465357848624504	-26.596600676303996
0.03240019098897924	-32.28648971080564
0.030425902875758738	-13.936592048188079
0.0327878650277482	-20.960614773638834
0.02968945106247149	-15.609580047291397
0.02951052541296884	-15.28762694636054
0.03153585241093672	-31.1048246249388
0.04588109004799038	-33.58519356548893
0.04266248382895729	-37.77961810861731
0.07483587470234687	-30.583139078176853
0.039000837937123264	-29.318659759537944
0.04323281165777896	-37.868532677441465
0.09062126942437577	-36.22637124809339
0.04341536543749755	-34.33601711432671
0.029443401863485992	-21.25901252595637
0.03327282858273115	-23.445319532147774
0.08194591046078507	-35.82343463212871
0.0401671108242355	-31.60836616560978
0.032344318013630385	-10.845128761245224
0.02948373473922574	-29.11825885049803
0.14045255577773327	-10.115230149432628
0.08580507006380582	-19.485504567663053
0.08255617835535495	-36.00827990734803
0.03153691650919724	-30.77591670022551
0.04256243112575129	-35.11124146085074
0.029750261372748887	-29.734133707272434
0.02976275920210146	-32.28992947327235
0.02998738568364465	-26.674957001368245
0.0912410587032329	-36.05731905713343
0.029834390743049034	-23.78690583202362
0.02935979675315425	-10.55156874012155
0.029471686113471122	-9.095661504084264
0.05699731872960576	-15.267032967497542
0.11387613083059656	-17.736412450690366
0.029308989786134956	-13.853626500838837
0.029451841119743017	-10.96928883338852
0.10103454871672025	-18.101992100097533
0.08501494488410052	-25.850748602720213
0.0851669486241693	-36.41648575349469
0.029402083963698658	-15.672640393471928
0.029811921184016897	-17.230662520103696
0.08524675728485392	-39.11692688940753
0.03248721903870662	-31.738421754665413
0.02980036403700843	-26.35424402550461
0.03418425345948524	-27.216382737307992
0.0505422223459427	-38.857063011267506
0.030173043049880523	-28.66328861571805
0.03619375830407608	-17.11961635178018
0.07010903589535211	-35.964266063023274
0.043802007425718416	-34.98452541501891
0.07496342818608814	-34.79579466765727
0.0397933336600347	-33.10528641503834
0.029471704177664308	-9.785437148845023
0.029471704177664308	-8.67721572676186
0.029784208906414065	-27.93811957147835
0.03239364867540774	-20.344874161409127
0.04395017535317269	-37.65259514925945
0.029481263012705164	-15.203774519163947
0.03359781491584627	-28.980827275686273
0.046184081507719126	-33.787434199186386
0.032086605973395715	-32.046356212447044
0.03213098892897902	-15.945759315813309
0.029790620732023654	-30.63633812002085
0.03306483227465142	-32.61838478641576
0.04258561054559902	-36.16847349080828
0.04272476943444971	-35.41420257975034
0.032086605973395715	-32.04600394225508
0.042149231344569604	-36.203314219093464
0.04395722769025772	-37.249818859726744
0.032478666587540304	-31.746780776803135
0.042240006258013746	-33.47241457572058
0.02933777141871878	-14.980136587095695
0.029811921184016897	-17.198866647056498
0.02952734760084999	-15.282619991469032
0.029711007609878503	-13.344365598804604
0.05274912212978093	-25.992297116154294
0.03639494902826038	-33.955562789557085
0.0870496810340467	-38.27141720498189
0.03925014793290031	-34.93140626415235
0.08497593974390262	-38.97783690067431
0.06473248540472168	-27.125188949958396
0.04479727836404938	-32.05282513420372
0.03068566894983471	-30.680613245762377
0.03053062613624629	-29.14210766844496
0.03613490817968966	-28.995122877540727
0.03688848691204582	-33.100667308628864
0.18118292999358104	-6.986582858704934
0.07600658114937328	-35.50398908770438
0.04919544693798277	-35.4428514830573
0.08571543124278533	-41.63040150816492
0.03812561348915475	-32.22388777137092
0.03715122631937064	-31.563924324413243
0.035775277710085145	-33.164193267612006
0.02930907446555665	-13.838356490657652
0.029419472839773808	-17.42003999137789
0.03244883736403856	-27.809958957788968
0.07522900753259659	-24.524625688122406
0.06327533427458136	-23.960956433096293
0.030617044504012866	-29.89387955411663
0.02964981667444401	-15.90184271236388
0.05337424152165473	-29.225890114709912
0.04651053771341111	-33.97077460812498
0.030866039252532028	-30.634507722333247
0.04444741011244793	-35.959394071575154
0.03578465525080556	-13.058981488100384
0.04007146970354672	-33.93234943353717
0.03202042551533334	-32.40613561754379
0.029807446826277055	-23.7336040448172
0.029456780607935936	-17.07548897452097
0.03208660597339573	-30.95665037299176
0.03133218166375653	-32.64384789720164
0.04822764646011792	-33.576821844648016
0.05449794236923154	-26.80918477285376
0.04586279301831474	-34.15912451691659
0.04193394780004302	-34.83194075922936
0.029481263012705164	-14.671840393080842
0.09192687409917194	-40.15286319119252
0.032286394249733896	-32.69629332310551
0.07161144473034046	-38.43633103479478
0.02964188880827113	-15.989890999243311
0.042156101832161993	-27.04506915906443
0.029401894952435326	-15.693381232745505
0.03137353979605836	-30.545753546518178
0.0428017999210155	-35.66925519904428
0.040621960766127965	-32.66861646403239
0.030544445196301746	-30.83460204366653
0.04393643145067219	-36.556130261254204
0.044244580835696525	-36.5149405607698
0.04418915722321656	-37.21358903190426
0.02937739116027662	-15.616142076401418
0.08529755823398956	-39.03338095751773
0.029704203420588177	-15.683249550526606
0.04203570190271961	-37.47565832636627
0.02954969116451483	-29.27475172785631
0.0423010785253556	-34.09522935108591
0.04178049474136919	-30.82719995637709
0.029805795517108512	-15.139791746414597
0.086811510228052	-39.27500565847365
0.06330952817004097	-27.336484894821137
0.043961440744792885	-33.703729381806006
0.054107148590393096	-37.12413476326083
0.05869123095021878	-28.356808599558658
0.030841796924317107	-30.423216674464253
0.08458216863483113	-34.0600855295141
0.04151196508343662	-35.11650802598654
0.0431860275261046	-35.725052775371175
0.2316521310757635	-9.310031047964852
0.08028272696204959	-23.187566802852825
0.05039891185784033	-28.466588244996966
0.04443613682992243	-34.29702646396743
0.029763019422425617	-32.28964708266288
0.0297670276845198	-24.27929519624348
0.02948126301270516	-18.409745567229585
0.04395017535317269	-27.795946250926484
0.030384346800364514	-19.039942118552645
0.032526680444647016	-23.763450883936443
0.029836146170829036	-28.908168510954887
0.037361958520945704	-37.34954572647718
0.05836202493487007	-26.50293359918203
0.04496594674482126	-30.24402219543771
0.03240019098897924	-32.28648971080564
0.03079729094322423	-31.553841996200994
0.029693006231299047	-16.777494342180958
0.029331788016585526	-14.98319239884207
0.042174205479875986	-35.44879819530428
0.03386710630748032	-31.049541513763824
0.029716750871143283	-16.325619657806755
0.033244469940674516	-33.83222446919984
0.042562431125751275	-35.38448930795496
0.033156204794758164	-19.521961672654207
0.056192108070929996	-26.31057090244421
0.08940168624377123	-15.891223564445085
0.03060063690298071	-30.2273762081713
0.03298635915626862	-32.46567721170551
0.045676353067661095	-35.01494133360469
0.09142179937907292	-37.93248199012282
0.09216758938413165	-39.50577130606681
0.031726458350672365	-16.706078934177892
0.04256318323002929	-36.35073492340138
0.032266159087248364	-31.648700000670956
0.1724281558533716	-7.855963939351239
0.07681091488194756	-34.11358571095567
0.04471086733491003	-30.13462401071943
0.07014627019866604	-40.01859012427428
0.029624735381913077	-18.373200193353924
0.04276973031556765	-36.1044873754657
0.04007427110956021	-33.5918985383469
0.03320367625189525	-33.08950460386669
0.03306483227465142	-33.382308949527975
0.0298180271596725	-27.83289347597987
0.031222215028553452	-31.82660326185835
0.03982339279793621	-30.691588733327944
0.029458423393606357	-12.635889595465258
0.03578976108660201	-26.529393434848707
0.029612478966684518	-13.134952717724456
0.04516681754371178	-37.866746700862784
0.02961499921431659	-26.01208138243569
0.044413703689756306	-21.049384727116774
0.043151027556850755	-36.56671029226267
0.029420679550623368	-15.31058515650252
0.039233702635781215	-37.92705295757479
0.02976275920210146	-32.28992947327235
0.02946193344239623	-15.235524482114148
0.02944929481211593	-15.795756133445767
0.07296382636598132	-18.7972446918325
0.03847045132936499	-34.36043474331337
0.029309074465556657	-13.528382882113975
0.040517150228753296	-13.907452675449385
0.029537650831249526	-28.153019131474075
0.08532083574303674	-39.258792918373814
0.034404179030901004	-34.56956481525529
0.04225825760937096	-34.60494637441697
0.04011337525340821	-37.64879383929242
0.04680171795431476	-37.91502589379106
0.03287671386836872	-32.779041488636935
0.029337771418718784	-15.716588243881457
0.044131620747763486	-34.46269103404472
0.02937398001734071	-17.55719772486384
0.02994793969857143	-30.61104483072704
0.03256367705921791	-32.4196358534638
0.032400190988979255	-34.563731761902815
0.04224000625801374	-32.53806762992719
0.029456780607935936	-18.530272735450495
0.029309074465556657	-12.831561457853924
0.029309074465556657	-14.708002365545823
0.047524343672523416	-18.285579980990494
0.029360648656370173	-10.687914000520076
0.0863864026284335	-32.42494510584152
0.029377947662512116	-23.779008415155264
0.032397894395010306	-21.24658821009262
0.029309074465556664	-13.845431042628418
0.029422643013527813	-14.908566086646227
0.07954560078188688	-39.89432671698774
0.07228563430648013	-36.47861997061776
0.07237143282846753	-19.690368719295698
0.1785338276557148	-19.305901956079
0.07218063184075628	-21.328897746882078
0.16311127845442167	-17.364152871345198
0.08975003328688902	-10.962573453505634
0.08070719192799537	-36.41569668141626
0.06508231261845303	-13.543774339036672
0.02990901828782773	-19.608477327705604
0.03193247984331038	-16.66673050760006
0.03910040650655527	-34.75398069517447
0.030465229535707322	-17.268836391375956
0.03005956419110798	-16.510057871442637
0.029402083963698658	-15.672640393471928
0.02931017489892724	-9.17629982557449
0.032286394249733896	-31.97864956120472
0.04224000625801374	-34.58907059969698
0.0300205987072085	-14.392791114347286
0.029371329755229145	-19.512382798162868
0.03203498049787474	-31.75169506939661
0.0527886102242142	-31.28802457788043
0.043232811657778966	-36.09126884520774
0.04136514704049959	-33.65732983948463
0.0297670276845198	-28.85594856843824
0.030132336758939268	-18.587094127464855
0.08146639712964578	-32.53951060097245
0.08930319511529675	-39.89902515994772
0.030697462626807965	-32.36449785973094
0.032708197395379446	-31.87952496787026
0.029647820584101554	-18.29862291857646
0.02981802715967251	-25.40942182833645
0.029763019422425617	-32.28964708266288
0.02931017489892724	-9.17629982557449
0.030778946055641177	-32.6524651676357
0.09266012473006903	-38.437948239613235
0.08881619974992373	-39.35949982318913
0.029536704058823016	-27.72407518041032
0.04264718998790709	-34.18265499536355
0.04730539705186903	-32.1701503730179
0.07078160286380543	-37.503186853797885
0.02955124296329346	-29.27695909086664
0.04723005814950387	-37.45970033408555
0.0329882142871895	-31.25561134844185
0.047422187317465385	-35.46068114063146
0.029551547832716376	-29.272812695766543
0.08531574663588283	-40.413433220417254
0.031078728083924895	-28.721182808496295
0.19638392488319276	-11.816325213559837
0.07151340868561541	-28.197889842553355
0.031023077434595616	-33.285733731367806
0.04038311652440871	-34.997271822836396
0.035657661009989794	-33.48965503363435
0.08524675728485392	-39.11692688940753
0.030458329907758118	-16.037248365323453
0.029763506327864526	-12.35992282159954
0.0363764074453016	-35.040462784193544
0.04395017535317269	-37.06134893619868
0.07989950422910881	-40.00455772810288
0.0329183527983056	-33.30738429807851
0.07488544707281365	-16.794040079993337
0.06094857405479348	-37.30795207100513
0.040369321236136485	-34.29527399198565
0.029767654577490015	-11.299780477575156
0.02941947283977381	-23.594704922499833
0.029371329755229145	-16.755406299469147
0.02954969116451483	-28.649899520345656
0.02955124296329346	-29.27695909086664
0.05795226521435496	-17.752877226708
0.03946779504338966	-29.840527528870837
0.07055591152571095	-36.53113344334453
0.10021533190409675	-25.16964091093446
0.02945678060793596	-29.494233984865787
0.0870496810340467	-24.964703196088106
0.05924096576737827	-21.661460677908927
0.03939130310658324	-36.444022347577324
0.043504509346688404	-38.29903432075684
0.042356383669604245	-16.54147670171273
0.04692268691290209	-13.81347786203104
0.02933777141871878	-14.675456484955047
0.07660592281881683	-35.77213952888878
0.04114945237783423	-36.21511793517928
0.07404946209254314	-21.087873096709455
0.044593785028139946	-36.95595496152425
0.03688848691204582	-33.10445441107376
0.02970454459265289	-33.50671750880642
0.06029685370707611	-16.909197663282445
0.04281893990026218	-35.37343352470186
0.03988843564309728	-25.92736006498213
0.04193394780004302	-34.00170400627024
0.03069816675293044	-32.73992770663235
0.03449013483541941	-34.492205701158
0.02941306766590267	-17.431372948115875
0.033244469940674516	-33.81781913837737
0.03265894818988362	-32.933686563464704
0.040868087598274865	-34.42871440434495
0.029515089304018267	-29.402749905863466
0.07001102032535288	-37.774285256220864
0.05116545661201181	-19.70150476118539
0.0957592079490772	-10.696821704598404
0.03253287225930319	-31.1158790800298
0.03197852889718855	-32.47488477862299
0.03284838373364386	-32.038416121558015
0.02933777141871878	-14.980136587095695
0.08427960560585226	-39.78135934482622
0.0399921291350858	-30.580485880060532
0.03051516475903253	-29.449959228078367
0.07539229186241292	-20.723059944632997
0.07152515033965882	-35.8840532285361
0.08539980656419663	-36.97382919683926
0.029494188248675765	-29.889583404559346
0.029437458893474266	-14.618454083665426
0.042149231344569604	-36.308761904683706
0.09242798324910215	-40.01502818166238
0.02933777141871878	-13.66376393995537
0.029337771418718784	-15.716588243881457
0.04395722769025772	-37.22502827490908
0.04715366177134914	-34.168010310451336
0.030294851543617034	-32.59000436883355
0.02937398001734071	-17.5886293653328
0.02936359829586291	-16.956338000284525
0.029384583691561755	-16.34209889917632
0.03051516475903253	-30.85528840846403
0.02930907446555665	-13.838356490657652
0.05268923548363159	-39.57603125624736
0.055768380062371364	-28.76036769639985
0.02976301942242562	-33.38521576644131
0.043232811657778966	-36.6373599952044
0.0769683632054626	-34.41927012724437
0.04252784805464157	-37.81104603971336
0.029953810506084685	-30.59004395160446
0.03186893520351306	-31.74350598703005
0.031314254323371656	-32.1297623508487
0.07014627019866602	-39.959410470687565
0.030697462626807965	-32.36449785973094
0.030697462626807972	-30.190550014819785
0.07688210442788893	-39.494668232672794
0.03381662463698992	-16.251957879504893
0.037997778186635106	-31.884818294281594
0.02978420890641407	-26.175998778780595
0.04689288984768862	-18.682643663457736
0.08389466536937264	-26.14183303006799
0.029370664388370066	-17.9205854311757
0.036546835415719625	-33.300661737304054
0.029802892158668444	-31.2813322925978
0.029359705404903957	-16.2302734580158
0.08541094962589096	-33.94564347795497
0.04238807893183073	-18.566670189311147
0.10112109672980653	-43.358537389348506
0.04680235543589475	-36.18119892916422
0.029505447185433763	-17.769944667045817
0.029361633842027737	-27.975143634689104
0.035657661009989794	-34.658142271549345
0.03496048356435177	-32.1464078243769
0.02930900367478104	-13.738753060259475
0.035873511307427705	-17.380553797435937
0.040823968246353114	-37.5298850225303
0.029515089304018267	-29.402749905863466
0.03246931460293649	-34.08475556161786
0.030487566506143392	-30.893697929998336
0.07073956811750183	-40.69929843983582
0.06512839793217624	-15.291674279447923
0.029766449790721797	-18.13952125714284
0.036077390067253044	-23.983419191380104
0.04371782864069934	-37.39930267406973
0.029700328784890536	-32.111446782960016
0.029337771418718784	-18.425240758496177
0.029377822893675028	-14.80908626815868
0.03741540379410161	-34.34366715948541
0.029796628324620152	-32.715779915042845
0.029635286752631464	-15.79625608326722
0.07039358840512597	-33.66039632857118
0.029323738262217472	-13.429732466540916
0.031747707404929576	-27.994921735541713
0.03847052345097443	-34.43047875555781
0.029419412117568686	-23.550185328814354
0.07989950422910881	-40.00455772810288
0.02955124296329346	-29.27695909086664
0.03429653044858103	-34.39360283977674
0.029545729029037043	-14.330694261995983
0.029307408246266962	-13.56852603372189
0.03521218368999028	-33.43839688869287
0.08654833588496634	-16.694543215175052
0.0820592318556625	-31.348260453420682
0.04236374017165771	-36.36468529059087
0.03939130310658324	-34.87277123709458
0.08555276720459118	-40.49337310778328
0.029505517783224838	-26.207578879648615
0.08656908890603197	-41.009772034248385
0.04423890404563208	-37.5841290752674
0.03324760095024793	-33.83285838170468
0.040382504483684446	-34.99674592373299
0.029515089304018267	-29.48802981059521
0.04516681754371178	-37.72361020063312
0.09193297254758356	-41.02078674687769
0.02934936850690535	-16.235989830008283
0.03492275175072764	-19.612871193883343
0.03561715684037008	-25.12265992536851
0.041998617304243015	-36.17395139154226
0.031146529829789354	-31.129356540054992
0.030748801604485145	-31.894019466179884
0.03695682640360735	-34.1819429104596
0.029737180260061905	-15.096901751543696
0.09117878749942852	-38.68718203205771
0.035657661009989794	-34.53447298835915
0.0849759397439026	-38.08791919637509
0.030715717206108183	-31.323348183861924
0.02979689105279453	-31.29302564055581
0.057340190077453515	-27.304829188016473
0.08454571098540582	-17.92150934392555
0.07542159804698816	-30.028582055057765
0.0715352124374217	-31.170295024653544
0.02954988874009198	-28.488938272520123
0.029373863274484963	-14.58230801099418
0.08427960560585226	-39.78135934482622
0.08930319511529675	-39.89902515994772
0.033064832274651415	-33.76511638002026
0.030294851543617038	-32.6045064003722
0.03308334884103172	-34.91818981180267
0.09192687409917194	-40.09706233328401
0.02929678569388969	-18.342616558969777
0.08497173238082274	-27.380769949734443
0.033586942476072766	-14.113579899894336
0.02936104770282241	-14.58482614586695
0.042273066615754404	-39.12437092122385
0.0506988332531559	-16.67048664443283
0.06574986162301885	-40.05797650260151
0.031276221048662546	-32.46861185415036
0.037354247518670704	-37.343248619247206
0.07027639048138178	-36.407716857281976
0.02982055960497261	-32.69375653518354
0.04125846780165083	-38.821465990196636
0.0294563928570126	-30.78671564966232
0.03926303428147921	-36.27429095169223
0.03909899428035075	-34.75523602477611
0.03800098424092727	-27.955642811235943
0.07304534823411062	-20.364623015466098
0.14311270352569233	-18.14182114569808
0.07429351566134078	-20.22843235146535
0.1445612718202255	-19.127205603829427
0.02955124296329346	-29.70713441278567
0.02933777141871878	-16.24240787206663
0.029497647231265856	-29.093812369322368
0.029309262786730676	-14.282439206789146
0.04144469684010552	-38.02450200808243
0.08119461399036437	-35.647309728086675
0.042989144824885146	-36.08109674787971
0.04609182101686816	-30.3444408246795
0.029887028685270177	-32.340153718295
0.03920125064277228	-35.254373435491814
0.02930913610820333	-13.847113814259918
0.029299775411855057	-19.656952847604572
0.02948373473922574	-26.27026540639397
0.02945639285701259	-28.797618863636572
0.02930907446555666	-20.387646039055866
0.08531574663588283	-26.516813080493865
0.033083348841031715	-35.18505447737294
0.03634611996707428	-35.631126687896064
0.03308379040232117	-33.993224303529324
0.0441071018079924	-38.24796232813112
0.02932032445576354	-19.33547449791255
0.08021861612897344	-33.50499352141785
0.0623569410108246	-41.5219619010659
0.07556878117279532	-38.1566796558032
0.03387591975062231	-33.771132670653145
0.07868203775163676	-40.030630667121784
0.029700328784890536	-32.111446782960016
0.032003676821017915	-24.028746385394065
0.037940095273223624	-37.537209398665816
0.02976301942242562	-32.51595429181332
0.17195311729888813	-13.819777041574275
0.0905949157531919	-41.02219038208798
0.031181974474580012	-12.93519838302892
0.03274124537549298	-35.09636312588063
0.03108480009631588	-14.203373873956664
0.029361633842027737	-27.77484030148685
0.04204214800665536	-35.59579454478231
0.03293575558236262	-33.295523969247554
0.04188734089078703	-37.76873503501142
0.02945333367434153	-23.783814319683465
0.03854885442632081	-30.001625619453996
0.03892133783502646	-36.876273924415685
0.0773014434138976	-35.79823770367522
0.144574407960388	-19.376411990376397
0.029593187054799918	-24.36159853329526
0.052113191144485045	-36.94715760169967
0.040731508349204394	-37.61512194468725
0.03788331254023647	-31.749090384994922
0.02987795235950118	-34.42756427153289
0.0712492090162847	-32.09433394580526
0.03370518003785567	-32.49595511733013
0.03897737996529923	-38.018234034182534
0.033743238676483545	-34.45498219689828
0.03449858270261187	-21.712928701647748
0.03964021335755885	-35.561718868574395
0.02976301942242562	-32.85343612752085
0.02976275920210146	-31.691799193843153
0.029701014145361398	-33.524432593776126
0.029481666632963296	-16.021139249320527
0.029309074465556657	-12.83700421924381
0.07688210442788894	-40.92640019301706
0.07099939323051388	-36.241899952925024
0.04365843802353393	-35.807477080580675
0.029704544592652888	-27.112954066867026
0.029391884394272292	-30.075515276129504
0.02944008839855391	-11.611097842401522
0.029337771418718784	-17.80044917771526
0.029309074465556657	-13.729360922019174
0.03324760095024793	-32.376244502935094
0.029812947072577235	-29.832148172351165
0.033064832274651415	-33.76511638002026
0.030157588219295824	-15.696513322625187
0.07989950422910881	-40.83178281564287
0.04416035725068348	-21.825504962305963
0.036368430599952824	-35.05345016460115
0.029700328784890536	-32.10665958233335
0.040383469076626585	-34.996965696049365
0.029309017053936737	-14.282558953958427
0.09218069427749738	-35.57543368991566
0.02946860854839106	-22.024611698418006
0.038774093712480216	-34.536297768367646
0.0352341710163957	-16.396746975715786
0.03176173939590289	-23.69580669474945
0.039696198618419415	-18.209373813066026
0.059524973534610406	-37.90594441084819
0.0379876634510697	-30.847739474064095
0.02946804199214128	-14.616399813302131
0.03008594400581702	-28.29304207846196
0.029763019422425617	-32.41535242978287
0.03939130310658324	-34.87277123709458
0.030720693631748685	-33.806495915240085
0.03958406918638505	-16.732134620522988
0.02970454459265289	-30.09739687855382
0.08967049315866822	-39.99054149405703
0.049506832790463313	-39.13423601461965
0.0708293422378558	-33.210890536849725
0.07390162266500129	-24.78455862103316
0.16082836933204228	-12.709722541843568
0.08598817879595964	-40.953637645691046
0.029293565011799375	-15.178795986050229
0.029443401863485992	-22.793561860177714
0.07073956811750182	-41.47775127154794
0.06549829766404751	-35.21793484654296
0.04314120335797488	-37.255530511304904
0.039166759243631916	-35.19442252021169
0.0327827437389181	-31.952865235950664
0.03632257544654472	-34.99508249780366
0.02977969718140685	-31.846097553089617
0.08649980786806631	-41.39816714072477
0.029312289318185792	-12.587528868172392
0.0423252671338306	-37.15365879660234
0.02933777141871878	-15.990919563204516
0.04584737622969345	-36.580091884872374
0.06427740171623253	-30.60071038881574
0.04350455056878491	-38.298997980418854
0.029372858064898564	-27.764226602091966
0.02935649874746039	-28.4850021434315
0.029877548082713055	-32.94542896626862
0.029307273936953045	-13.70564310321727
0.029455982572390304	-28.812898766161126
0.029299454814050913	-14.37148876775372
0.029309072220376046	-13.838311268239352
0.0905387782871975	-40.9410287005218
0.029359328647584296	-25.918347104433952
0.07073956811750183	-41.9329705815059
0.03646755461906787	-34.9826104589896
0.02945622550071679	-29.491689591428653
0.02955176529665202	-29.17648531142862
0.033118681726183416	-30.137263374844114
0.03306805192297877	-34.606153714592296
0.08694346347519268	-39.5946511893002
0.02934876593885732	-18.093413673797848
0.03880884239506554	-38.929649584908205
0.043314625075531125	-29.928402183450217
0.07715582879503682	-40.44139137507174
0.02931761233542076	-14.227961065091574
0.02976275920210146	-29.28448103998745
0.029361633842027744	-27.811910231961445
0.03244481599520185	-32.45031116819804
0.02930840668850136	-13.340926756326684
0.03554089082372904	-36.580439802552874
0.02954034682533578	-32.08724150542733
0.04323281165777896	-36.04834533849842
0.029308989786134956	-13.418151873311956
0.029307408246266962	-13.87217085665042
0.02930926278673068	-13.84234190633503
0.033083348841031715	-35.0172265050355
0.029419412117568686	-23.550185328814354
0.03275894372993544	-12.893035349364256
0.02929823141314833	-15.27820438534436
0.08641525249109169	-37.85899240128696
0.029414213305304613	-22.995251256241893
0.029308777266176828	-22.485296413116064
0.02945607987582205	-19.082833157683822
0.02971873660682205	-14.688970422846342
0.03220650711758341	-34.23226886922706
0.03611490522772076	-35.684997406455885
0.03939130310658324	-36.444022347577324
0.029308957865478925	-13.741467122167776
0.0324007171652437	-33.08964615997118
0.036368430599952824	-35.394771660987985
0.03561706993407279	-34.77071649679386
0.029419412117568686	-23.550185328814354
0.02930900367478104	-15.366554703745377
0.06866973814862116	-37.61169354974164
0.0519820291629526	-38.42654035322272
0.04088972735143278	-30.46767655193063
0.02970454459265289	-33.50671750880642
0.02970628332283305	-33.5110424073365
0.07073693419158406	-41.470122467594194
0.031712469070572284	-33.557028729759516
0.034801347386702784	-18.942755022942123
0.036368430599952824	-35.40642942247861
0.03926303428147921	-34.986504689037346
0.07488563853739676	-36.84570729972964
0.04114714100576758	-35.91743498914802
0.05292664127315864	-34.561960384760184
0.0294563928570126	-28.628048439428024
0.03902099524426384	-36.20729399189389
0.031592465261560884	-13.997872023521065
0.07826163745760983	-39.813392910392636
0.043267056900129885	-38.970806736472
0.07512776897054424	-40.904704259425635
0.03245149517537404	-15.436542372976312
0.03107868457879023	-29.37321225929334
0.056409204052033576	-39.349565895414685
0.02967549510922724	-29.390897245000925
0.06224131465249718	-39.51992646796372
0.03639882062777846	-35.26017014839407
0.02941093706173901	-14.79146107066258
0.02937070142834337	-19.929822198891394
0.029775237090516528	-23.202621943624838
0.03897737996529923	-38.331310031952334
0.04285541848429738	-38.821054623771566
0.04248502790849625	-25.428305072242615
0.029743053705336957	-17.49471806970482
0.039233702635781215	-37.92705295757479
0.029821308351880817	-19.405631953635925
0.02933107126842893	-19.344030806886533
0.039342777775955816	-24.403571233442438
0.032469314602936505	-33.440163596155394
0.029639408518489903	-30.762714866631384
0.029323900097181974	-20.221060169982174
0.07013229748263823	-38.44813748545764
0.03143441853853961	-28.903360638415602
0.02945598665617457	-27.248670947412055
0.029456175177454077	-28.714575283579663
0.02930896479079321	-14.651980529569295
0.03053248663881636	-33.982581643579685
0.029455982572390304	-29.52565189877594
0.03025962105869754	-31.1769107944646
0.02959357188290426	-31.875224038510392
0.05410681733924174	-29.674955843768952
0.07401619015399288	-37.480750777489824
0.03272102046549314	-24.730748350655848
0.05195594765785683	-27.31889475058341
0.05803195734543647	-40.383579266295826
0.03145395566604841	-33.29345758832556
0.06806173972669417	-26.240949972134725
0.06957902428997328	-38.282028759337535
0.03308334884103172	-35.20356398385082
0.037272786639812365	-36.95748784804255
0.029700328784890533	-32.07078196729284
0.03897737996529922	-38.05963994194261
0.042985424371135644	-34.6514049415029
0.03311381000763127	-35.15268011356632
0.036359985263579364	-31.956198808611486
0.04241117886672912	-38.73698056545718
0.029340995186492427	-27.994821674545094
0.029312835329348485	-15.168817354387016
0.031893472172619654	-32.10068852973004
0.031962812963040835	-30.171435973548515
0.029362124459731225	-27.792862081643282
0.08571543124278536	-41.53983838319621
0.0905949157531919	-40.06241398010908
0.040120452393593076	-38.66171206405333
0.0758428798813682	-38.05963596682225
0.040690760924778344	-38.47113845095045
0.03793063964382852	-37.62907083316282
0.08598817879595964	-41.04505997709751
0.18360980446543948	-15.973380867955138
0.07714851317502236	-35.194545263535225
0.02967795615670073	-33.46171428486566
0.02976363930538124	-31.23811780326288
0.03258576721235039	-33.718805969412784
0.0396064903248611	-36.086050988309935
0.09063106493169557	-40.290977602254564
0.038975824334623044	-36.86238168512164
0.02935649874746039	-28.47920445079172
0.033674856788570524	-34.30179679790049
0.0386951088888239	-36.818224886745234
0.05289640195576332	-39.64501888997512
0.03303096539602812	-35.46988496409747
0.029864441731486478	-29.054593248621853
0.08678115146927637	-23.007728079896463
0.05575997423766756	-35.0249149939238
0.029299775411855054	-27.473129330749064
0.0905949157531919	-28.834366575636512
0.02970487520847924	-33.510976359088744
0.037658514899381296	-37.53335192047511
0.03084251841613336	-34.74033565691823
0.0313760092122251	-34.12135617992807
0.03305969153116371	-34.31829148634551
0.029486922162983917	-29.28142111730337
0.029308777266176825	-22.77746807706459
0.029359328647584296	-25.846791864767138
0.17017041924665482	-17.73178189262741
0.09649108861625551	-43.644865214888995
0.0315532885916231	-33.89313177807066
0.03252831298033418	-34.16280642210582
0.07688210442788893	-41.490566996845644
0.02970454459265289	-29.06270721219757
0.10099452341713255	-43.419556326589536
0.05059215343150441	-36.28011025957647
0.033541594112677944	-34.81927415523899
0.029515155628669878	-29.419535458538522
0.17299650607715186	-11.273033869288778
0.07436477492229834	-35.637120578389535
0.02934488080050715	-20.3516239049681
0.029314023275786746	-21.29461503319527
0.029376489357110437	-19.983716570696828
0.06483071566462704	-38.1189532683076
0.029362263313698775	-31.512664270635707
0.04519491064979942	-35.15934025240086
0.06551823929580985	-40.35920800163093
0.08395939344222365	-41.0314155625508
0.038409619833938306	-38.93253483968266
0.09099662135309859	-41.01341572447003
0.06426955384411866	-35.66656859368779
0.0299824538493683	-33.95010771327665
0.04372487295039636	-37.29047781402665
0.08593622462712346	-37.58986016957311
0.029701014145361398	-33.524432593776126
0.029370059545492308	-19.930257766139004
0.02946837110309476	-30.603179823814305
0.02944810314599184	-28.94387092469163
0.029700328784890533	-32.65178565391594
0.02930901705393674	-15.306972594391869
0.03044974252434735	-33.913616296204026
0.03513402616833854	-36.05489223820421
0.042290914464336346	-20.27829517296668
0.07075038436875321	-40.46227204308889
0.07218149887665462	-42.90066393932533
0.033083348841031715	-34.273277696435905
0.02938787072014469	-28.490438287745878
0.07703758915532201	-38.50327777749008
0.03862971953712373	-35.225546527071664
0.03880605905994415	-36.24281978038717
0.05289640195576332	-39.64501888997512
0.034512538590657935	-30.986327258047133
0.029298230191240813	-21.052072917831065
0.02929977542245817	-19.90543794975545
0.03044974252434735	-33.903695534304404
0.029877952359501168	-34.432584362672685
0.02970505882545126	-33.51116746289455
0.029708988259511463	-32.04034003732778
0.030276519378586646	-28.23482757362685
0.02933838015967788	-26.611321667671632
0.029377996935065535	-19.867054365999287
0.03734941364219246	-37.09941299782651
0.02935349296261539	-13.837719354199894
0.02965613596022974	-30.966190869156783
0.07095851778177445	-43.469860844789515
0.029814954919047752	-32.55407107455792
0.0623569410108246	-41.5219619010659
0.038977379965299236	-36.49030644930211
0.0295842403085314	-33.32875933042881
0.029363039449090505	-27.97380445262893
0.0479477215615852	-30.852274644238424
0.0415184813330737	-35.55704292368015
0.05867245199013786	-35.13432494717307
0.09865545517396304	-22.437284550675262
0.030961550977571438	-34.51089860609824
0.03374615098370273	-34.32851688682993
0.08569636512034633	-37.95086888581868
0.10132169419048699	-43.51620190560403
0.07073964638620811	-41.47436583355133
0.037649298810873096	-36.75382644242614
0.07543198993003747	-42.994987688884635
0.02963841663418199	-33.355957583334586
0.02935649874746039	-24.612434512480213
0.03167714467919707	-12.352117455090228
0.06938574764371015	-40.65413977539475
0.036329760043319316	-34.72480888526305
0.03200322098032549	-34.75316109440693
0.04143048312122617	-32.516584694449215
0.029727125648975786	-32.45903483144621
0.03310934698310727	-34.81401844808635
0.02970487520847924	-33.97516053099182
0.044040161478386276	-35.85786281828192
0.042440396764158395	-38.63389073262796
0.047606777332654844	-35.89394929845992
0.029293463446460707	-18.46489359119094
0.0330837874399141	-34.927276016279706
0.03994925929205327	-36.973078731733075
0.033260815990707286	-34.62864358371742
0.029760719446349268	-33.777981890243154
0.038479081459743755	-37.795812806984245
0.03753236572743013	-37.4621461675772
0.0436004659711251	-31.217507382838054
0.02983702203072123	-32.36078762227356
0.037449640456901745	-37.523973009217684
0.07163297617512879	-42.20500895039899
0.029678927348605166	-33.46061922731638
0.04364500183659963	-40.22305629274349
0.0505422223459427	-38.821801873227045
0.02979580928086396	-33.0621609234129
0.07504023941359467	-39.96828802915088
0.07231677181800755	-37.07871793218436
0.03951085354428451	-27.101833567833346
0.04256987110781171	-38.096847343028095
0.08575516535738652	-38.982722571040526
0.029768343358234115	-31.93733923028768
0.052598939316464206	-40.06504567846729
0.04518945873165616	-36.4785178368695
0.03722299062352923	-37.42388727634698
0.035530903918972144	-36.577651814826844
0.032464090369782796	-34.10272498620448
0.045259792190920696	-36.88824953507917
0.07077408242405372	-35.13530028987734
0.03308334884103172	-35.20356398385082
0.029388122198677872	-30.469807008478515
0.07803172774177075	-42.088761659252306
0.029783180360415887	-32.27164457029731
0.12823684839390714	-28.49576564492108
0.08676455626675418	-38.073246668315974
0.08632957499072919	-29.471099273632554
0.039507191665455035	-37.94389769926847
0.030220839926571336	-31.282375740744794
0.04128018037484727	-38.47056192149476
0.04154825465076873	-35.29208447285035
0.053631691169529594	-35.854634555427566
0.033185015377514775	-35.80069464958648
0.03232030943825091	-35.99263630326764
0.029466316751381803	-30.284922249008986
0.02929799979236873	-18.34185644547047
0.05670259796867297	-39.30340285439627
0.04223891641237238	-37.42382837463596
0.05803195734543647	-41.601633539910246
0.08635276294730869	-41.74978903636674
0.03145596866307742	-29.471371649795234
0.03226445945732875	-34.180598143036946
0.10099452341713257	-42.070333984556534
0.10112109672980653	-43.358537389348506
0.029438271335869622	-24.12149921668234
0.03855702131351785	-37.151108172412044
0.02936226331369877	-31.546011236474953
0.03232030943825091	-36.73233254750594
0.07540776984159839	-42.9879132993506
0.03524542954544496	-36.13712006009319
0.029760719446349268	-33.777981890243154
0.03753236572743013	-37.96083135614337
0.052871052795953395	-24.28399238441808
0.14554879892434586	-24.59211696104922
0.02970454459265289	-33.50671750880642
0.05879703599890465	-42.11954186478405
0.030284814696416997	-24.522224100656732
0.10222546991476328	-43.00993633253066
0.03240019098897925	-34.3697897274045
0.02970505882545126	-33.42746042560832
0.04289524241058333	-39.26821793918163
0.03124944355816674	-35.9235734450183
0.06701915490078846	-38.011924177130496
0.04184731366986133	-39.45055468976108
0.029308137814814957	-22.054596155130884
0.029596105346407855	-26.07709515751571
0.03823729379312756	-36.43974363686609
0.05542071086901722	-39.27221355305264
0.040012890646227164	-37.31739236557351
0.07073693419158407	-41.40612544697935
0.03611490522772076	-36.486553894333106
0.029391028829355285	-17.12372236845644
0.06631392911671011	-43.4615310540071
0.03897096597428361	-38.04725428336157
0.09500123913030428	-42.70316423052765
0.07773252215231044	-35.42366201882148
0.029700818358119305	-32.49373575434309
0.029878244139382483	-34.43423070054274
0.05851100325367144	-33.01139207227386
0.04127045809664139	-25.22296416884843
0.057991725576070324	-41.721520114512494
0.039877631796181374	-38.09402288930321
0.04396350013212325	-34.75729520069609
0.029346699204605052	-25.639513439015776
0.03265394701812414	-34.725026166866414
0.02965185588931055	-32.54158805782622
0.062447437988770574	-41.52847719499929
0.02970628332283305	-33.5110424073365
0.03734672819374837	-38.266863385149655
0.07171808854539408	-40.35575291588747
0.034965502222918624	-37.06964177724267
0.02981470455491131	-32.17879683472002
0.056489832411240185	-41.56206163598398
0.047244484093739596	-35.7295028653151
0.030487843712853607	-31.084094133665367
0.03821732182783332	-37.107083658034654
0.05893939775279657	-38.1196922525158
0.03968458914129762	-22.174592068941674
0.07203053732219823	-33.78639938669253
0.14335121922007196	-22.675244814318958
0.0318646705320287	-34.71940590683781
0.032044046462867765	-34.756711646016456
0.0505422223459427	-35.565793790122
0.07218149887665462	-42.18289091877219
0.0773690632480024	-31.789175984988464
0.058902303828822465	-40.4740241227003
0.043604325244376865	-38.648676910830744
0.057315303349885154	-38.4598035750172
0.03266185718935321	-35.06646839391958
0.03443262223288415	-25.962161288426614
0.05327422953404783	-39.47060403757872
0.07195771274681043	-40.83039954382217
0.029363020746535986	-28.52726897828755
0.030647756540008574	-31.599016552885878
0.029356498747460394	-28.475089250862812
0.05116711110180909	-38.405433821232826
0.03621630806584932	-35.800311181901606
0.03547080116937845	-35.251643741670364
0.02988656966442975	-31.381803083650922
0.06394142117396186	-42.89479098968634
0.03036525449953211	-33.434255862857285
0.03753894997956746	-18.066445774621467
0.03767548536388759	-36.48219545805176
0.040120452393593076	-38.933404279867
0.0505422223459427	-39.3981685502238
0.03310978617390772	-33.370982861153436
0.02970454459265289	-27.35801854735621
0.029293565011799375	-13.810045921566335
0.038479081459743755	-38.536221527687395
0.029700328784890533	-32.074721757669764
0.03039186403571635	-34.010316904556106
0.029682660485029846	-31.968875032715154
0.030375173680363413	-33.38555840307847
0.029356812352658544	-28.483180326361765
0.029717289049607677	-32.86622465287396
0.029648830941974257	-33.27490642832405
0.029503126613594197	-27.079570097822753
0.02970791142139571	-32.0675304118413
0.04347753191934942	-40.141707261880136
0.03167869584979635	-29.8014361716877
0.037930639643828507	-37.62944994650056
0.037349413642192464	-37.09903931993505
0.07354777378367998	-42.79752940301023
0.037947343378567734	-37.532921817763516
# $END DATA$




