# $NEW GRAPH$

# $NEW TRACE 2D$
# $LEGEND$: $$
# $LABEL X$: $Objective (or constraint)$
# $LABEL Y$: $Objective (or constraint)$
# $BEGIN DATA$
0.10136786362747262	0.10734449060572428
0.0900396631553785	0.07987166899465765
0.10942990724657974	0.3145896650092724
0.11146299143852745	0.06731238131415622
0.09157325493181055	0.11521180153937731
0.11452965972564741	0.5807699594021647
0.05474320485550842	0.12675153465131556
0.04500141674352966	0.3225130563629885
0.11174256189859566	0.14579509539375887
0.11473043480295161	0.14130061061387864
0.06250824206881286	0.40675248307384165
0.11081060454134577	0.146071283600508
0.11227048307338658	0.08442050214319469
0.04739085910058974	0.16317925094016825
0.11344785871877959	0.1676381495794153
0.0	0.08569005036178096
0.08074219543001449	0.1603760520101514
0.3762774117501258	0.6030857963528437
0.08061768554472598	0.11681883627997072
0.0675658289696341	0.26188184303439094
0.10094988452408202	0.08233889090991539
0.11031700895681529	0.12070834776110662
0.11187519200560464	0.24349667901041033
0.10761201290976198	0.0948680816538338
0.10219850858641746	0.2632889293054982
0.11167543969794606	0.17641955870305315
0.11737033711357454	0.11598846581641886
0.0711033013344987	0.1496157192254955
0.043248509251433344	0.17940620485239533
0.11109720188093021	0.13491999832867183
0.10325880866422342	0.14691745871444295
0.11165045864228787	0.08389445135800068
0.1080432679915834	0.07473456844904476
0.05293808708143833	0.17304032303264355
0.11006189001875431	0.40716590422839827
0.10525626595787375	0.2854802412915223
0.11355682395381457	0.38048617149080605
0.11265308204026361	0.24217426004266274
0.06124852572871593	0.09280650236173522
0.07603683998140856	0.10380688174949577
0.04441183697836797	0.2216945258911063
0.08902059668507137	0.5142242350148838
0.11004562359602982	0.15356429758461843
0.0980640450142833	0.1777235859697681
0.034710716844319436	0.3018044949193022
0.11380341305395877	0.1049838970212663
0.10992103837976937	0.10293263369936355
0.10441345444680424	0.10258595101624146
0.11390951483928467	0.09876588806762684
0.08823760276650518	0.07827867694557056
0.10968109394663714	0.16838240684883507
0.10733093659615989	0.08415963135276977
0.11059451109530793	0.22029386075132262
0.11439225828956205	0.09881404769738666
0.10372629768369371	0.10793205434811816
0.09526240980374891	0.1253188480507278
0.11127922573087994	0.17290323492825851
0.04067385804084983	0.19467836892476786
0.11235367671755636	0.12426469768062298
0.08502095308761498	0.06776141477771361
0.09865030146681845	0.2124173780696115
0.11796924710647626	0.12454409795454506
0.11889449864517501	0.16831048038426563
0.033354659996618914	0.15301082781389427
0.09892765411078298	0.13703409098323882
0.07999603863265435	0.2896970368749307
0.09262375223417235	0.09369097900318371
0.1138607677256253	0.24122286043516014
0.07651783721531848	0.10537995399257702
0.10025625576886119	0.19996243919786108
0.10418017336468569	0.08312576344992516
0.11724843335034577	0.7035418813945936
0.08011677230875347	0.1984257794302262
0.1016941452789716	0.418488883609063
0.10778958555285631	0.17215109359775685
0.1078416260324459	0.13055039859811007
0.1124010198995779	0.1540861120470566
0.1080560575745953	0.10420963873244249
0.10663477365087037	0.19098295894014017
0.11459630915404852	0.43139468405958453
0.10371931197872757	0.19141229446216862
0.09354996273891811	0.17304704120552888
0.1026474470001598	0.07886526446021142
0.10990798768044795	0.08576512746034365
0.0916288149230264	0.07777574071624063
0.2605859868669768	0.25495820469914
0.09888420872948436	0.08057646276572189
0.1751207480809166	0.10852186945717342
0.29680460986303414	0.3556742335560967
0.0870774432907383	0.11893294511824135
0.08897029937531455	0.09851243869716261
0.10901992319586093	0.08882888587886653
0.09194363269932876	0.12322505732490294
0.07594991725470127	0.12902139699790446
0.09531613455208701	0.17985427190036096
0.10907553812730486	0.1215555759587262
0.09027251448145737	0.12566022483551517
0.06832937002944997	0.08577474951774994
0.10861117520606144	0.11847564816565466
0.09182042616288912	0.15384783990126488
0.11474767000721099	0.1709173780349609
0.10282023912707113	0.3123657589098926
0.09027251448145736	0.09693455229728334
0.11081910058308986	0.15470959501349313
0.17562148472835942	0.10607035331960318
0.0345583574146364	0.2747708364469319
0.09689646267892012	0.11829434403757276
0.0382550814527427	0.27219820933105326
0.1026474470001598	0.07886526446021142
0.03205517043061235	0.3407989053458924
0.1126483918883204	0.18635724707854656
0.10335976399514062	0.2870779055401684
0.10333190598038415	0.1760244116984947
0.048931711837088714	0.4125481328965088
0.11177779391206998	0.1620208399404233
0.07754062031118673	0.08694022133968303
0.09470690201641423	0.18210164460166647
0.19632569364013588	0.42388938816787175
0.05894811795750217	0.17440643458210653
0.09194363269932876	0.12322505732490294
0.10572752715342565	0.25262787248947455
0.09531613455208701	0.22641238208018352
0.11016384825908695	0.3316501432363559
0.10541253017049561	0.28708482059282997
0.11543683617438316	0.1450842247721307
0.1139240022658464	0.09680708482107027
0.11049638705371828	0.1149038222209584
0.11854420617244209	0.16935402316101245
0.07594991725470127	0.10015212064600613
0.09175131717036292	0.17396992517833687
0.11163546940531649	0.07970195860333282
0.10412554535181898	0.28991287825903567
0.044950204446184874	0.13188886087434584
0.11278338032143342	0.1554789780041918
0.09326700799524076	0.08253120130403561
0.04532719511300122	0.1837034578617247
0.11335966910638834	0.10497818054094403
0.08773861469744923	0.6971166969237969
0.11135677087890027	0.17117870214518408
0.11349171175831631	0.3836198585291034
0.09861149523897163	0.19454221376756
0.07898265190043352	0.10547891511280767
0.05203804714884534	0.19219745896210155
0.04856396174470551	0.19916268281985236
0.09488762680885475	0.13850612840006937
0.24939463102923456	0.27746398687793383
0.1026474470001598	0.07886526446021142
0.0711033013344987	0.1496157192254955
0.04067385804084983	0.15880945219909712
0.11390951483928466	0.11927537548677165
0.10882498429109441	0.09224326802496113
0.09691795784965165	0.14743084163611825
0.10978088801394696	0.12257664100301865
0.052690269041457474	0.529416960609389
0.11059451109530795	0.09042810341457488
0.09027251448145737	0.2816913047697272
0.10273794314068743	0.08282871562093959
0.0388514173189394	0.16347088772884122
0.10908067685000945	0.2163258912867448
0.07990697376400786	0.12731474502804235
0.10336463802530096	0.09566327071505734
0.09625445099363394	0.16632519591497907
0.09279294431961053	0.0937870943938553
0.09354996273891812	0.1700425567637934
0.10364226158495499	0.16598676480355007
0.11633632753947398	0.5349221533839418
0.09794535609684482	0.08007453704085069
0.10663477365087033	0.19057699040189327
0.10021312277524602	0.08225345077651523
0.11121115806466689	0.1728304070132758
0.11006189001875431	0.40716590422839827
0.10526299644808969	0.26494236267772797
0.10738798888953507	0.19254432994661105
0.11265042886708282	0.24217280240300737
0.2610342369079373	0.252047737938529
0.0988478201344502	0.13748569284773707
0.09817147254732292	0.13073043858656214
0.10367823416670041	0.27144979769831074
0.04565232152375472	0.16627775124888838
0.0883425839840814	0.10673401858211663
0.09865030146681844	0.13913496646017617
0.09983949394194765	0.27891155255944056
0.11081060454134577	0.146071283600508
0.10236224492448134	0.10189942092323236
0.11587385811081496	0.28133231484140925
0.037326676740062764	0.13985420229067005
0.11369295196281401	0.3805616278294036
0.10795820984057761	0.16594311230292655
0.08159813206574708	0.16011746176417146
0.11237393700539156	0.12586153522765173
0.09848212023915108	0.09259500031456783
0.07401527278346803	0.15782006888594124
0.11806834885385374	0.17660613021086302
0.09210866149469578	0.7308604268965018
0.0926713078130112	0.11224253692226797
0.15692949187619362	0.3285878601278754
0.11693364153238334	0.1113643000136689
0.04386716845285006	0.10269240907084151
0.09241559518149116	0.1668587884040272
0.05075182541708773	0.18266055602829703
0.07898265190043352	0.10547891511280767
0.11176872912444683	0.1457942930126417
0.10321296905838898	0.2935472267925702
0.11596500702996411	0.30036317229500803
0.0988478201344502	0.13748569284773707
0.0988478201344502	0.13748569284773707
0.0	0.25609633150307787
0.08708720610718032	0.11907195969662293
0.11170737947087299	0.11456916871890142
0.0997480652599164	0.33822522927346976
0.09865594196428029	0.19322284559369035
0.10795820984057762	0.16507016897929955
0.043035446851475416	0.1789635445270123
0.08773861469744923	0.6971166969237969
0.11127922573087992	0.12040384614909033
0.11461322365883808	0.28039492452508635
0.03539010587591293	0.28397970580621235
0.048198224185560266	0.19944772232246405
0.044999791053901304	0.32292705948878137
0.10538862601784699	0.2864005495569653
0.38780708287814525	0.7505117344431954
0.09056058387764604	0.14596669723751754
0.1002562557688612	0.1435700237493935
0.08137677723209073	0.23188622818268795
0.03909200499319165	0.2759849344690974
0.08458597289455783	0.5179987068163084
0.1100898330102038	0.17263201877873566
0.03213889649819981	0.1558038395931282
0.11121115806466689	0.1743645206947659
0.10525626595787375	0.28389137234147516
0.0949393910344739	0.10355990003498845
0.07676929997397769	0.2146876881409514
0.05071729280227397	0.179121220317628
0.09749718124874457	0.13915275963679946
0.10582325760881083	0.08716690310121113
0.098371981226416	0.35528999073578427
0.08698357929495497	0.10250031741802129
0.15692932129248244	0.3403314797652217
0.10746004158456926	0.2936092574855551
0.11007127224694066	0.407161368821982
0.10976918057064193	0.39190279196073624
0.11081060454134577	0.146071283600508
0.10065437818384376	0.17177649323192193
0.2606905871304574	0.2550093702083309
0.0787049651593124	0.13232507340800695
0.04995502420204767	0.3398907264109248
0.10604625971617042	0.3045486477981017
0.08076504731655482	0.12815290115302302
0.09865030146681844	0.19962711497374158
0.10883438590998293	0.17517907393773532
0.07250262750386527	0.1385835408957975
0.10069889360325007	0.19994665769956088
0.08260172156042955	0.17436093216183238
0.08456166977114225	0.10532014652113596
0.10934075631883473	0.10208667500857041
0.0321041319806763	0.32946601523654095
0.11158141427551968	0.1729865070243068
0.1054702114697435	0.2912014330338666
0.11124696672734304	0.15416407802907253
0.10371932120203081	0.20648804495006615
0.1035521690742283	0.18106692918540887
0.1354033357975937	0.2704112861431724
0.0994257672545248	0.27760465698483905
0.09446795934372196	0.11530148641031016
0.11122442786135865	0.14654782912606576
0.07990597623835345	0.1511027532954109
0.08952844390356363	0.09286352619175249
0.1116186082353889	0.14163481995235444
0.0855126156134328	0.1192712485860907
0.08935724125512916	0.12572167862839584
0.05570876448138664	0.20166580868307976
0.11080174561784324	0.13887994764706615
0.09262375223417235	0.0931849761185697
0.11059451109530793	0.2214575675062103
0.11149696471298431	0.1333882560709533
0.07672514498645483	0.1714974134148701
0.09885718873608855	0.1302531274220936
0.11274928444536311	0.20282906295314138
0.09691032578777123	0.12497326479738782
0.23348051703093864	0.21029231604976928
0.1960803436484244	0.4594536356773287
0.09972108054228102	0.13698551307386558
0.08729293040031492	0.12202886288236171
0.0711033013344987	0.1496157192254955
0.10933374542670682	0.092485033573559
0.09055797118436225	0.12564123238562103
0.09007959701157296	0.29666926739572375
0.1124673218707345	0.11716456031447028
0.08518666434899609	0.1415590694783003
0.08489448003791857	0.10360097732191485
0.09157325493181052	0.11595779360299437
0.09619489031308674	0.16187374104959898
0.08897384758718409	0.09660183752096156
0.11132091775447933	0.1262123829401322
0.09663555401920597	0.2242084661191072
0.29680460986303414	0.3744133971910078
0.1082828960671609	0.0953409440932353
0.10027193409511963	0.2001349777116578
0.16500778566420243	0.2486209045992024
0.1051084934712048	0.09570086110961945
0.08756664179795191	0.09861756025470823
0.10830383253345284	0.16508980413921986
0.11281042809049234	0.12073876231074662
0.09439534706403424	0.12780918968261565
0.09695821492173573	0.14378286281143482
0.09265037626307863	0.09262700822728015
0.06663921648590394	0.10542300825996528
0.09566348055308332	0.13997306653072789
0.09782818044284929	0.1303207361131853
0.09015925803376784	0.3398848364634702
0.092763891403162	0.16406961568855594
0.11105674812005893	0.13888354383384902
0.09500136517836118	0.13881605497643174
0.07536042157947367	0.1115942210172117
0.09011092974707363	0.11503304684506292
0.08583872987156221	0.12830771973987218
0.09867282114942937	0.11028128384718168
0.03936916442531228	0.25128600289507674
0.11125364592058706	0.13510687345338623
0.08897029937531453	0.09858955799864333
0.10627368994104368	0.15796506975819286
0.09345712453230519	0.1488834919938752
0.0949393910344739	0.10355990003498845
0.08712445723689635	0.1216194157955414
0.09837602308742294	0.13726803509399693
0.10252330506956835	0.199929735281955
0.1110633419709559	0.14048383218480995
0.10474859135841035	0.2981343136937794
0.03056375717455742	0.27195227542428285
0.10327635125376934	0.14403080156842982
0.07910227954159865	0.12214901138191947
0.0802173498561627	0.11285180873044938
0.09111089302669535	0.1295307724626388
0.11102557763462108	0.13492440177804899
0.09874572077925466	0.18109607956120824
0.09719579655476797	0.1416874169070349
0.09824981546545383	0.17360861332735783
0.0901585011065859	0.12644167193626016
0.07594991725470128	0.12594973544473942
0.094467959343722	0.11582859754393182
0.09338617881745787	0.1138139561832152
0.08994935657687185	0.12565702569924198
0.07594991725470127	0.15282223736026876
0.1007561812853009	0.20909085931341143
0.1081618962796935	0.13419511474025173
0.07940829158608519	0.10896533259448042
0.08903840153982233	0.2626920411237519
0.0409040065570329	0.12910905418462013
0.10082943829879637	0.1149975967760759
0.08050157834917741	0.2280567545506287
0.0855126156134328	0.11669605970141238
0.09157325493181055	0.12186962941049582
0.07548524457552397	0.13170863984187747
0.09124720914067419	0.13239307554834276
0.0	0.26756928647106737
0.08886092219636106	0.09701589020191614
0.03635307867091432	0.28479637788340717
0.10406889670569573	0.1651217720110429
0.09575031095125447	0.103233608349909
0.03105110458043839	0.3064116231092332
0.08997960050659491	0.09316122047968145
0.09910086353206396	0.2000138481567069
0.10806827114992043	0.14599948317136854
0.11227570390340305	0.17108702808312087
0.07540541696576916	0.11898122641709763
0.2546952052271631	0.2677002019984004
0.03909906801537202	0.276000128520916
0.09347764292147155	0.11685379392317373
0.09516448479484325	0.10391758387864602
0.07898265190043353	0.10526532748472006
0.09429396885355791	0.1708540116408298
0.10956160718639014	0.10208085431948187
0.1037599743241671	0.15078456752264877
0.088471385354706	0.09436312864362244
0.08964273398369506	0.12166261849954
0.09453152942036358	0.12046498119835045
0.11201959762105962	0.12320188361787433
0.09739485914646961	0.13514660766918726
0.09360564510586615	0.17490014788780633
0.04212054491448474	0.28994135601786925
0.10705157808883496	0.2813732544287077
0.09138267669685238	0.1176654846775865
0.03356747109031592	0.24693210288572878
0.22957564766728566	0.2635196506436814
0.1025044490334612	0.32326590619966583
0.09005650945905336	0.1255937354645566
0.09691032578777123	0.12497326479738782
0.09513150123370544	0.09671984985017859
0.0803485213465646	0.0987617342301231
0.11269859801567134	0.17306710489763838
0.08681337392181579	0.24156473375634918
0.20629460734382285	0.20626564350988819
0.09700482250568761	0.13760275824552942
0.0812803621546607	0.2379578764473042
0.08016530324969164	0.10200653642885336
0.1068337194708011	0.47898106742157465
0.09311229107079523	0.11591530913236037
0.07956675938778841	0.1346474904822585
0.0984910156354844	0.1375500619556477
0.23903263176188133	0.2127974068945319
0.08076673163797511	0.11638288231577142
0.08922305539738401	0.2767160476811491
0.08992014301082178	0.12565898416377716
0.08907161423083504	0.12324429017503259
0.08015186396314913	0.1266086453705744
0.09857000618916258	0.11028785443594323
0.08882049379692313	0.12027184702605363
0.03598098880717606	0.303562112085371
0.03493509083369586	0.3410573857676197
0.08979671510148458	0.12165263338843504
0.07594991725470128	0.12965389292621593
0.08076504731655482	0.12815290115302302
0.09687542165670124	0.1249371488753512
0.09499497137542294	0.10359887987224851
0.07594991725470128	0.12594973544473942
0.07990597623835345	0.1511027532954109
0.08121997002566869	0.14818534737270575
0.07908126779990378	0.1637101542368205
0.0887765350117826	0.12765003175239806
0.08114002634897172	0.13639193530989194
0.1080999664121524	0.08801843679818802
0.10602869904468415	0.11093983000251778
0.0390478396031442	0.344989673259616
0.03498645584164136	0.2855083760444368
0.08386858308199287	0.12303688369314424
0.09012027206644269	0.09590940705291268
0.048293026481371445	0.10752752138669278
0.04106123594868395	0.3661632654105756
0.1944713784178389	0.41877252936144543
0.10268065919699863	0.09224166110848597
0.08949264399162102	0.09283653229299077
0.07679934260907022	0.20539749917946742
0.09071341401386862	0.12696649663465606
0.10314518197235086	0.11618891642724692
0.07878025481687428	0.2146274390762458
0.0947960963392211	0.11528283030948674
0.09389707313446485	0.2256640364349464
0.07034084938586854	0.10535351007306068
0.09566543484503698	0.12764736559125436
0.10283240555200931	0.09566145921145709
0.0798416668975966	0.1277862226184384
0.041589256193115	0.12813525559064226
0.03806833807133313	0.2495069013907025
0.08138151510289428	0.2651728443830774
0.09957497578639275	0.11458000267258033
0.06486878817519753	0.12766238253124743
0.06029141612075883	0.09173933226135825
0.0749394273913078	0.15311260377513455
0.06230992585120005	0.22011742536019527
0.03635307867091432	0.28479637788340717
0.09493939103447388	0.10405981650140356
0.08551261561343282	0.11473654488048608
0.08952844390356363	0.09402053789606016
0.03635307867091432	0.2824216924002904
0.08160878538269203	0.103790788299657
0.08493547101280487	0.12641530424404598
0.08707744329073827	0.11911219359437253
0.035304748748908606	0.27048274576447673
0.05004932098946756	0.3603153736579565
0.09265100023773894	0.11222699446092031
0.08735343375032333	0.09297758217887864
0.07671242645724405	0.10231328478519006
0.0807061557417892	0.20306434027132622
0.08744212232838777	0.12188044046646716
0.05151103239258445	0.29322160872399333
0.09691032578777123	0.12497326479738782
0.034710716844319436	0.3018044949193022
0.10054945401101777	0.09831238288595746
0.07551476816353704	0.12909524289969163
0.07212766926247498	0.23628130587549107
0.10382854585601611	0.1340829075440587
0.07583198543170894	0.12134970566597107
0.07691594676672926	0.1535125602835082
0.09653882332340856	0.11690194657660864
0.09019330366192976	0.09801037756818815
0.10835340400744795	0.09059125907963698
0.10600209555778191	0.10778257836242906
0.08950702665837196	0.09279789798522496
0.09698268104611929	0.14293541475243804
0.088471385354706	0.09436312864362244
0.08728939713678342	0.12191352612837512
0.08994654649873163	0.11949250960845562
0.0951196458460701	0.09213779854352677
0.10135628636130081	0.09565228411491428
0.09026466603486509	0.09842348595342051
0.08897029937531456	0.0996709200114521
0.0911078393022959	0.09649705937726474
0.08672323490226692	0.11795926823371923
0.06818821817188431	0.12408950632334378
0.07196372173626255	0.24331262358074895
0.08756664179795191	0.09847994068935007
0.08944852981352755	0.09235715083553618
0.08708384542567493	0.1196227138334487
0.07988304079760047	0.12185164132340535
0.039273580446105315	0.2727220958781455
0.09265037626307863	0.09262700822728015
0.03936916442531228	0.25128600289507674
0.09516448479484325	0.10544235300249678
0.10783285418903235	0.09535449177031571
0.07898265190043352	0.10596281426904516
0.06371971795450666	0.2886466840933987
0.0803974547105895	0.09528179514933131
0.07218059558633262	0.10698341249788261
0.09041116464676303	0.09510542467679474
0.0766009711056446	0.10652978393492112
0.05037166255924238	0.10707902396751473
0.08909967762322714	0.09630289339154244
0.08984629457660838	0.09677369448525537
0.08897722982450167	0.09983708385090317
0.03413221672195218	0.34476067230524493
0.034123474548100545	0.2554051912735527
0.07691952503192984	0.15203518057518348
0.03924742203177044	0.3686439819341315
0.07548591950576747	0.12366462791309775
0.08366208766801758	0.1286873776791006
0.031439937824616314	0.3718427460829741
0.07771683649953992	0.12472102417407233
0.08474076729644069	0.10363364759052644
0.09094307303207887	0.0958692984585933
0.03053336089528601	0.27987166702819205
0.034075565645233716	0.2783065590612399
0.07988304079760047	0.12185164132340535
0.08750732877057651	0.1215132056790539
0.04927414368734051	0.29181014406007416
0.06230992585120005	0.2199125423108634
0.08846611430821542	0.09440216137468985
0.04069444195167487	0.10945771916623166
0.03806833807133313	0.2495069013907025
0.07778806060450918	0.10712363945060195
0.08971354729455261	0.12020233654750112
0.07822287707909491	0.08646684545137757
0.06148050643942087	0.11899945149250687
0.0890089488055677	0.0835773817329058
0.060304693439470376	0.09168576142277182
0.08586634979454767	0.09810830652032058
0.0768323227091124	0.10290842644206179
0.03280908120199096	0.14829666299491906
0.07635692174688306	0.2472453161954839
0.038832205323736484	0.2859464368508054
0.09532360774797384	0.09484185866930037
0.07823470507637646	0.10212399606196408
0.10874994490880381	0.09532732340222745
0.08486998675459388	0.13174665925786128
0.07267531429466739	0.10715939481675096
0.06703377684477013	0.12351658016499187
0.07303001668515403	0.14139992900461038
0.07633655309200645	0.14450758989836435
0.06369294135783224	0.12957508345805624
0.10835340400744796	0.097678765234465
0.034272076032253546	0.26741098352296
0.07196372173626255	0.23971816418524775
0.1288203853871825	0.34395796349608865
0.05977355725779617	0.3265110599504202
0.04640122438886248	0.13997319109440048
0.05955557679079636	0.24649047932703333
0.05630574046737339	0.11769123413453685
0.08234928045741777	0.10360482813886329
0.0886516070044758	0.08627976986797685
0.07905128981573703	0.12107253894888806
0.08470863133292901	0.10368320390121699
0.05672240858404433	0.13994286744914036
0.10349749923335494	0.18064610823894828
0.07654834465374687	0.10537199985653058
0.08753323761081064	0.09222009268167615
0.07898265190043352	0.10336364049990847
0.03530474874890861	0.270675989203739
0.06119628931003178	0.24993257085308382
0.03488714078007104	0.34109085716978405
0.04080983889734513	0.12847725700583051
0.10821992082446932	0.08867768679852066
0.0737341608495572	0.11007571293155488
0.06331333781279828	0.12795115906779383
0.07164910640774157	0.25187469201488744
0.034425986607824755	0.3515657323552881
0.033594896722822495	0.284449351807344
0.07756471002959088	0.12108536354730826
0.08949264399162102	0.09283653229299077
0.03564832625637271	0.2932078201764323
0.09036431788066607	0.12437100483585853
0.0721392751340881	0.24149921853561432
0.07552248119985135	0.09604062547226232
0.10768393464924986	0.10446990060546135
0.10176377422246125	0.08841286414905737
0.05909836635967634	0.09850223668858568
0.07511606061212524	0.09861798151039358
0.0884031812937341	0.09964117690548592
0.08574753816617865	0.1033136610233435
0.08582575596797967	0.09862291084096425
0.041196936477462115	0.11935419912310104
0.0775070521339498	0.2760950893326088
0.07179110859152377	0.2714367776853967
0.03498645584164136	0.28579096073158644
0.08731977696986148	0.09354360547771584
0.08682674121362573	0.11770358272271034
0.0667183920102163	0.12962247304234034
0.0702806342813539	0.11685738713706896
0.04027597423091503	0.17191520836971927
0.07693605445454896	0.22562398951616522
0.08955967132143296	0.09277073529402946
0.07122876514270994	0.12707754204117502
0.03969866990564113	0.25205809897992426
0.08955582547442509	0.09455114356054795
0.07837199132749219	0.1195513025131455
0.04933625490124703	0.11751747924904861
0.03393609354655268	0.29410265091242543
0.03401623675964181	0.3088561845413826
0.06198250130228242	0.11537014214818168
0.07802016240302079	0.1422873074082946
0.04727073960287243	0.11550063645631264
0.059680485741456436	0.11486305265829767
0.03747395363656707	0.3787266025236289
0.03600204590278038	0.155810764981663
0.08158117994776751	0.10835330613217761
0.08071374009435742	0.08374770721232637
0.07636963289920737	0.11274121943515496
0.07304551371349664	0.11165684694984328
0.03530586528214644	0.20842782033775872
0.08586634979454767	0.09837531067565625
0.10760090137732829	0.08301327926022913
0.08846611430821545	0.09443420596719547
0.08950702665837194	0.09277107962952483
0.07034911476406913	0.11311808066502006
0.03354235157561273	0.2949587838913849
0.07993000270681987	0.10956614080395519
0.05568754933869009	0.10058900851737487
0.07563742342642824	0.11740907595823713
0.03806833807133313	0.2495069013907025
0.06091401193405389	0.13171499642872125
0.058710519400046256	0.1182959345342559
0.05252396661053968	0.11066962396902898
0.06710784242857788	0.12314733277427553
0.10080073655413821	0.08615270613972052
0.10809695727754225	0.09367701023696696
0.08950753255420091	0.09388606323806056
0.08847138535470599	0.08664324116663041
0.09405021974535845	0.19115145673684947
0.038722187288542535	0.13371940533560758
0.08651126672858386	0.09550756209015991
0.0765080765382395	0.10840561902184864
0.03260713919201796	0.2333770891458506
0.06149857721414695	0.10668777769502293
0.08402610883770992	0.0987743431274174
0.037501803672967966	0.13631810838044614
0.08757670184040257	0.1004748685809896
0.08916504050038121	0.09866822799327049
0.06313676698400753	0.17951396603350503
0.08830467927780528	0.10860889836109255
0.06119628931003178	0.24993257085308382
0.0308340854558705	0.2860193393325448
0.0334959320304516	0.2643164856047178
0.04028591507778078	0.25422131987966023
0.07956862831742592	0.09286677410373237
0.06924537250783946	0.1002831386675759
0.07917694220395212	0.09127200370691184
0.11283289738541837	0.09540487150640542
0.06806175393849372	0.31178176439969396
0.0596142010449005	0.09210327673322068
0.0720973572596988	0.11962779910771904
0.040301166581369646	0.12797242746964851
0.088471385354706	0.09436312864362244
0.04168963275633272	0.286204451571082
0.03608531342604807	0.1269759665713243
0.09114424122961806	0.11146631206043002
0.04119693647746211	0.12034755746716266
0.08944852981352755	0.09232482168697764
0.07375368334296553	0.10864352266927162
0.045817150417257695	0.12548332296416032
0.08709951656136035	0.09538029632018384
0.08983107874529771	0.09315335631432144
0.05545598045342169	0.12429208746466121
0.075032191051289	0.10123039893404218
0.0667183920102163	0.12962247304234034
0.06331333781279828	0.13274703443987756
0.08760903088165889	0.2635847834600982
0.07522382938791704	0.1091673659991421
0.08735343375032333	0.08154266608990517
0.08906067143395174	0.09858093493470133
0.08391430565044104	0.0883739565434064
0.06918357095803163	0.1008117817993326
0.04127679634247872	0.11932259590905081
0.07354578223267315	0.12846041028073205
0.08586634979454767	0.09810830652032058
0.06119628931003178	0.24993257085308382
0.07778806060450918	0.10067391914061023
0.03806833807133311	0.2708447421416141
0.0890523896536801	0.09375715036685787
0.033577440710013846	0.24696879650940448
0.06035314508129793	0.09155812039407751
0.05037166255924237	0.10706571063948706
0.059074947908699646	0.10092462179543717
0.039324821361937254	0.251266698423016
0.03994503911496134	0.12970823408064186
0.09792394540532838	0.2219414994775507
0.08070384526565019	0.09911198295691397
0.10019315531377489	0.09285061855607883
0.0615319926344544	0.12191623607689364
0.09520358803540405	0.0927499580905122
0.06238643860468006	0.09525958534580165
0.06811628353982621	0.09840216907267975
0.0868764602497776	0.22774395545989753
0.04448002730005537	0.11223764847458617
0.08845496147453343	0.09802335180728113
0.08631460880064086	0.09879851171930822
0.07034084938586856	0.10372335819287741
0.06666730971435053	0.11341942791658474
0.07257320336366027	0.10708327525401182
0.040301166581369646	0.1279521388188262
0.04177172269769429	0.12100019419854233
0.04542395387060785	0.12630414791254999
0.04109296542643303	0.09524886550090686
0.06936810918416983	0.14176013082189956
0.08558962533213366	0.08993173742492748
0.03399256473066869	0.2484960191252068
0.07082875869539626	0.08472512253772004
0.04944399738988145	0.17210089229053396
0.06467688312832133	0.10114392020836542
0.03053322374837444	0.28408008343790747
0.0730329730856931	0.10856552924140472
0.032841300697019134	0.11852273697853302
0.08147229538588406	0.10047575907158947
0.03178456191924564	0.2980739161140911
0.0813095841952843	0.12384510028752177
0.03994503911496135	0.14101772967535475
0.049773864071401074	0.1238177947631956
0.08769788060360595	0.09814458331862053
0.03936010533396941	0.1514093911930351
0.030716872747851915	0.2310258538653949
0.07505664288589857	0.11202001221155318
0.033562951280995824	0.21652590885168774
0.04928344959932066	0.11752439926793992
0.09330074427776609	0.09511048233766323
0.05958503907965365	0.09846231454058496
0.07889230361471469	0.10224708023004064
0.04082696217949155	0.12903873322886159
0.08265625943758229	0.091821854165225
0.06091401193405389	0.12539124054379439
0.10176377422246125	0.09229448957545852
0.07551866382590754	0.09604085617650623
0.045806520438751046	0.13664659303924964
0.07822287707909491	0.08808269871320848
0.06060206723238877	0.11578111501910325
0.057077735862847666	0.14044244880111537
0.057613957549079574	0.27928133390092336
0.03337519289762532	0.21661023125593876
0.042244987919959585	0.12660129917176433
0.05804524213659432	0.11641015830675351
0.07297123143044193	0.09829306530664647
0.10776698992429021	0.08936434178097828
0.045817150417257695	0.12548332296416032
0.0341238713165604	0.2554328376492615
0.03260688296561926	0.23686613953316388
0.033960035993254034	0.2942800634274324
0.05019796145026208	0.10700742560290895
0.07253415149889898	0.1297431206821035
0.05323221721210588	0.12045976163910231
0.04706761250917657	0.2815645426128257
0.06873717182745713	0.11280049746861553
0.07034084938586854	0.08692068925273004
0.041243109151240014	0.15199661296851066
0.05037166255924237	0.10706571063948706
0.07844211878896183	0.26306228541468424
0.09784667836964554	0.0871094306726705
0.043064583241050454	0.11832379900117919
0.0929328198571871	0.09783639749007991
0.08423168591046173	0.09264800937821481
0.10810591450655682	0.08434312683426554
0.06193412230076985	0.11537465430921028
0.08629563056613593	0.09209339244383541
0.0823270021570791	0.29069837263230436
0.08907574981596636	0.09358632373769585
0.06029141612075883	0.09173933226135825
0.054928487243217444	0.11823394286372516
0.042815754824885165	0.1374618571264448
0.08739273462798129	0.11047759313837147
0.0423848149934541	0.09317591385069629
0.046193786532627304	0.10800918043613746
0.0308340854558705	0.2860193393325448
0.10870013148348374	0.08708558159836502
0.07503219105128899	0.09907189215112196
0.051311336598874754	0.0919954167714624
0.03849029230068487	0.15155719903970966
0.10176377422246125	0.08841286414905737
0.034075565645233716	0.2783065590612399
0.0692046219766119	0.10052699079677382
0.04639739026114543	0.13996740707740793
0.04140643929759772	0.1293337332599448
0.07665600861411954	0.10862915197675713
0.044318461700987674	0.269317811255453
0.051696104125611736	0.1198984994985164
0.08906267743206651	0.08588209750167332
0.08955687243103395	0.09426623510293183
0.03921331843150144	0.24965775363776976
0.07913412256430939	0.08939784545140218
0.07189918735416721	0.2557104779890589
0.0838677320467869	0.1019307179036486
0.041276718510041104	0.2353586870386822
0.04633542758446979	0.13039773462007193
0.048833388719804624	0.13227440023834744
0.037736527144078345	0.2561548641682144
0.04086054960356163	0.12351721946695521
0.03283159337191794	0.12435540090112512
0.05370694612191379	0.24073102456207343
0.08710225516825344	0.10391853008676195
0.04307534382045562	0.10868589331459273
0.07292160410620865	0.09003971234344425
0.06278845464571484	0.09299657457975437
0.059156242383740565	0.12128218110044049
0.045452460919527114	0.23506615572213554
0.03669005250655925	0.17650611260755006
0.07917694220395212	0.08517556310932009
0.030735503973539986	0.23109591294735973
0.03357744071001385	0.2322871363517463
0.039182808845066856	0.1283015451606083
0.030483967744198107	0.21705463523771812
0.04177485799082453	0.09565244540223879
0.04057742173809104	0.1281644600601265
0.04030116658136965	0.11970245126970554
0.08392702802708789	0.08837332379972501
0.060900022181256445	0.09200518114967395
0.06530185178643584	0.08525829038085672
0.08419949118546269	0.10426728707168033
0.0782638534861092	0.08809625910648901
0.036063374001047796	0.12693857431015002
0.05974839252526537	0.09094947185757855
0.06010157557841132	0.09159104006774056
0.08558962533213367	0.08980170116659825
0.04910117612104142	0.11164535744914642
0.10227556807162436	0.08841227828337112
0.06918357095803163	0.1008117817993326
0.07182896653161994	0.23550780756984704
0.04074618179947353	0.11924271356798459
0.06231515152874526	0.09520129259699349
0.03359785244369271	0.2647210568379286
0.10641567617680239	0.08000022029780343
0.1733098587954622	0.18108524582081167
0.05278857146768836	0.08626075967356665
0.042715509384890986	0.1492390420210445
0.29830256846885955	0.22392830934535865
0.09122188254556568	0.0857880045443669
0.06571770995115396	0.08250824068502387
0.031794300814824074	0.408737007060629
0.04470558306315519	0.08804558164940006
0.061097569343384034	0.12078163731958204
0.030704554687742056	0.23981707785771825
0.06959217490108173	0.12666153617861106
0.07822287707909491	0.08646684545137757
0.03356747109031592	0.21162196524244345
0.043084155099981584	0.1102422860662934
0.09356358116177345	0.205241525159401
0.05132772122464974	0.09190652654210053
0.031029589973328355	0.2830498820811677
0.041247226856853274	0.11951261952954516
0.047304611722811404	0.11537795046534077
0.06029141612075883	0.09467052172136388
0.03118437885979817	0.304919330087132
0.04127679634247872	0.12021176403921971
0.050371662559242365	0.10694323937607898
0.04388844456425985	0.09898896125312404
0.07448983799205958	0.10010239384321978
0.07643463527277843	0.09842886527739443
0.043027996946701445	0.11944694362296919
0.049681257692271774	0.10064039156637983
0.10313502699067484	0.09905876331714945
0.0333359005342861	0.23600915162756878
0.0751513935428444	0.09786247255862557
0.0932732443918639	0.08820469358571187
0.0695341726896052	0.10542928868168723
0.03608531342604807	0.1269759665713243
0.08391430565044104	0.0883739565434064
0.048208299967377376	0.10403386237301789
0.04896147663630615	0.10963833998806626
0.06348305195137899	0.3204193602777747
0.05782365913754506	0.11694452458861097
0.05136591378436484	0.09666205154444787
0.05037166255924237	0.10706571063948706
0.0368176553738448	0.12971979719567323
0.08033973370127251	0.22278615432967283
0.07557326782747013	0.0914394292584463
0.08901780720099092	0.0898318892956787
0.031061896789843817	0.3405856730783301
0.08374552479892693	0.08916374646868006
0.041193231961131636	0.11934881444555086
0.03281031130971852	0.14829944302548573
0.06028025846134156	0.09140612988734441
0.046202138746536885	0.10835329883402078
0.05903215126521906	0.0987491854942792
0.07997473405077783	0.08402673570097606
0.07743741062246112	0.21893929906521717
0.040103212919104264	0.1156812956882736
0.06099333260135235	0.08881903855560487
0.0699347295895363	0.08694935014320254
0.04394245172408715	0.09582904752815073
0.04488395679308833	0.16433587764917268
0.0334959320304516	0.291525775187503
0.04306458324105044	0.10906209068432726
0.07562023916072382	0.09601276279879525
0.07813596203711085	0.08648572567969262
0.05080536252632936	0.2526865715346584
0.055378719760630815	0.10128006261810416
0.04475761640015	0.10984879635873815
0.03353075788611462	0.13276117699362222
0.04188641456659502	0.1226660648174897
0.0423848149934541	0.09326480658314294
0.04074618179947353	0.1217041240540141
0.039748823175670266	0.12955682628315113
0.032841300697019134	0.11852273697853302
0.030834085455870505	0.28289304285737893
0.04962557849127414	0.10219970787056319
0.03621481335296094	0.1306270200392297
0.04282347527002091	0.11095136546550668
0.0403150259259709	0.1212303672952872
0.04015821883488886	0.11339021939880109
0.03391286702497066	0.25429865434010596
0.044691851563794634	0.11909654825169441
0.03301496625772735	0.11547311909038528
0.032079508596181985	0.21426456623427176
0.03589104682732527	0.12837778700368938
0.10101145049763496	0.08670752345671884
0.031060593706500824	0.3069019750953679
0.044377875385399446	0.11277209846345645
0.03053153920352866	0.30286490137627853
0.030352831260783593	0.30269326952418657
0.05395320993463486	0.09917937382360999
0.04049138480993427	0.11714612119036162
0.04254322602608971	0.12823091773854675
0.0568542000376901	0.12470018804816443
0.0629392382253375	0.24103375531650556
0.0419318098924194	0.09563443309975128
0.062400506816726174	0.11105133706051971
0.04306458324105046	0.11227509915511627
0.03530563058465555	0.21881162919271788
0.05588669591136787	0.10350720000319996
0.036723975417492706	0.11257035769590845
0.10809481219831438	0.08800762420771883
0.0825525935348578	0.08340659852914305
0.04487458070886674	0.24190494487463396
0.06344432262368983	0.09908054956779523
0.041276796342478723	0.09450047769940911
0.05439151926158952	0.13585164910072217
0.06157222724962872	0.08917741987725888
0.04292860325481642	0.10224699803055179
0.11512612491350512	0.2221371985075498
0.12036884412013757	0.10725523779713837
0.05143623936162392	0.09211470261431881
0.10056824785661245	0.08494366346131896
0.041247226856853274	0.11951261952954516
0.03604405571507941	0.13686209842791353
0.05899189045074058	0.10264704586286444
0.07999235190440743	0.08186992103411161
0.04151374777877336	0.10054631784494833
0.030621714895774872	0.2280325622317144
0.07813596203711085	0.08648572567969262
0.07704670260750829	0.07899418761337357
0.0537759410854741	0.09465244562818252
0.05116510259546715	0.0836824314032898
0.042755590518542635	0.10283197425251886
0.07329370707733163	0.08210515782614154
0.030735503973539986	0.23109591294735973
0.04084026798229755	0.09268627721772207
0.040968870240490896	0.2142117300946278
0.05745305182235154	0.11509884182325834
0.04434300000605152	0.09546276906662388
0.04068974831217234	0.10941770228878299
0.08659326454883562	0.08505110112035431
0.036869354509534984	0.10083360464064374
0.050427169140760106	0.10380274157681713
0.04030116658136964	0.11928180917442886
0.03055678812239254	0.271029461229637
0.06028025846134156	0.09328150344463924
0.06132418324355898	0.09166167761555258
0.03608531342604808	0.11408586744210615
0.03158070083935285	0.30486618543296223
0.03069952386424541	0.33583458084241036
0.04209764349413651	0.11856887236360703
0.06912507261107025	0.08803358877574681
0.06741187253759877	0.09320209818868301
0.037417708083226184	0.12651159601634684
0.05069744193504423	0.13719080235056016
0.04216205660947485	0.235059413882473
0.04114837181657433	0.10865971843652195
0.10765519761382464	0.08772385598325325
0.08996614844629877	0.08690875607975768
0.030778671749646616	0.2317598324469039
0.042839980013567876	0.09373131812174637
0.031300192738396994	0.21055019655224086
0.07461946962935785	0.09773562737672113
0.030567999308491106	0.2936216222178963
0.04332716186413092	0.0956302079534923
0.06010001760796729	0.09158982372262753
0.060293070583682704	0.09174062534522422
0.05037166255924236	0.1093700810703246
0.04074618179947353	0.11924247249641948
0.04619378653262731	0.10778123049751752
0.10641567617680239	0.08000022029780343
0.060900022181256445	0.09200518114967395
0.04388844456425985	0.09898896125312404
0.040964289575966754	0.11018926800132557
0.05180455624241527	0.1686482339876217
0.106753596811176	0.08099419272450108
0.07466827726551745	0.08665908999434035
0.04168494329016958	0.11915163100495223
0.0821354805693418	0.08345888994958231
0.035482044024085786	0.12627598339616347
0.030455690369187403	0.2189074761722649
0.041712614827554784	0.12066588412074077
0.04093626222780375	0.09811041018859411
0.05129627959334498	0.09198183485085852
0.03669390002002547	0.17651536936828569
0.03347362236376275	0.2007399137109849
0.03896015675800445	0.12957926523352253
0.05843965555395989	0.08195933566132559
0.05893640595072524	0.08682130973181265
0.036869354509534984	0.10083360464064374
0.03069952386424541	0.33583458084241036
0.07082875869539626	0.08465380795031638
0.05143623936162392	0.09218840659831293
0.04577263794595135	0.08609686932165721
0.07803547914430026	0.09899935298776079
0.09273378839170589	0.1564633404051643
0.03999506950222161	0.09738326100684437
0.04750132904560622	0.10054934794942234
0.03053153920352866	0.3049572852676599
0.06327262248867933	0.0906305820925047
0.07815079525274403	0.08701301644657385
0.059494138459929145	0.09126750651314859
0.06544041602390663	0.08224357703268645
0.030679052968297624	0.228149878235353
0.04178430056952338	0.09424742135241146
0.04152337853993683	0.10055047511511417
0.03260151160038738	0.14807838466808926
0.057511214953109915	0.10297644182244121
0.036019798538203605	0.1088724968707546
0.08906267743206651	0.08588209750167332
0.06028025846134156	0.09140612988734441
0.032841300697019134	0.11835905355009982
0.033014966257727346	0.1156193383974524
0.03707314457092385	0.13767785736318366
0.03207950859618198	0.21413885705020452
0.1058087486384055	0.08367886466491001
0.09000058675893945	0.0802300732398025
0.07805498401238813	0.08968491234609506
0.05961420104490051	0.10128153440596085
0.059639067915055015	0.0855910669362772
0.04127999640523657	0.11819841669203798
0.03915835767939125	0.09080191557709527
0.03810262099791524	0.27702958011564727
0.09869296486138371	0.07609347461543206
0.08068551025312265	0.09141824951661591
0.08255259353485779	0.08293305499229016
0.0817406145648279	0.0827019593184401
0.0574849359102312	0.12149071538475388
0.03865178299247667	0.20180270190767305
0.06152275480918907	0.08509157062468278
0.04020940580677295	0.12427249332573266
0.03675541082097353	0.0934337195393285
0.07634609007168136	0.09408732903734124
0.08892681234701902	0.08663132691816865
0.07536679208006518	0.08232316079871937
0.041295041423527995	0.09662628776473285
0.030778671749646616	0.2317598324469039
0.08891429946340734	0.1305836419737941
0.050276862843452085	0.0936715353528986
0.07708385364143404	0.08274426625784113
0.05017023153312623	0.1294679946656448
0.040570833036839594	0.11329521782165966
0.07822287707909491	0.0889227826161301
0.039853891435974585	0.1427728042541183
0.04757247125767611	0.11227643751191806
0.07805991719408885	0.08798814635017678
0.04030116658136964	0.12852375679821545
0.07292160410620865	0.09003971234344425
0.05143623936162391	0.09374583268693185
0.036065707071158255	0.12766067760974062
0.03752788139501436	0.19272843481827767
0.052205494272669545	0.0835935217198639
0.03150985968053023	0.21119663002877043
0.07301087339409874	0.0891666982704497
0.0403633400081736	0.12218330435731024
0.07082875869539626	0.08606369917675215
0.030893241490069605	0.38520348616019895
0.10971733737940144	0.12265669667909096
0.030552950987773827	0.17474352366183252
0.04109296542643304	0.09381182881522533
0.0650187223495329	0.09001393582523187
0.036085313426048087	0.15118778120347715
0.0800975330558034	0.0806438102798534
0.07079080626368892	0.0840334959883392
0.07817191343159795	0.08649866743747456
0.03744907044349415	0.12579984652164203
0.032842909741205024	0.12325692538712968
0.08548610524291787	0.088486126592782
0.03674786268437493	0.11255767245996866
0.0825525935348578	0.08325290163525452
0.03055678812239254	0.271029461229637
0.04112243924273559	0.10876764352766514
0.057084013831551365	0.08689705673373078
0.07082875869539626	0.08423838329067512
0.036723975417492706	0.1111859643534703
0.03755791463781047	0.09788172771522909
0.05590620864763776	0.1071113850472462
0.030735503973539986	0.22635448754706583
0.03281031130971852	0.14829121378966806
0.0332518905503205	0.10684902132157607
0.0799627295008584	0.09521092553731923
0.06530185178643584	0.08525829038085672
0.03053336089528601	0.27987166702819205
0.03934491482222153	0.09912486444985703
0.03186681227120963	0.14604643889602306
0.03281502644592064	0.11922615192527526
0.051350209041434225	0.09171895604746008
0.0400413585992247	0.09956282494718466
0.09844723502691415	0.07466841230605469
0.0989322114935642	0.0755569764310467
0.04200736914633461	0.0940636186835218
0.04069444195167487	0.10578560919930786
0.030455690369187403	0.22207180813263472
0.10814699813271907	0.09074695614446214
0.04066677065042118	0.10972883327712846
0.09522709134402664	0.07390890234378247
0.07852221424786344	0.08351616468963559
0.04069444195167487	0.10943573829105838
0.030724759121911527	0.23869514442387588
0.05124530719770698	0.08908665649633755
0.07114644292561488	0.08426704696791679
0.0817406145648279	0.08085861458385928
0.032352973769147454	0.1291308089321505
0.08031357727760645	0.0818544072577531
0.03347362236376275	0.20073999506150508
0.04394634494121263	0.16934985117760348
0.03161554380240596	0.21888659996125023
0.106452800593369	0.08166685734686327
0.06150620427078534	0.08508004493685661
0.041838471155032655	0.10066526056067286
0.04815296969736452	0.11491716639291931
0.08216504283104366	0.2806555200517419
0.033137171728513125	0.1487217747607336
0.044727225548675704	0.08811243423442845
0.04070249884112019	0.11003637266442738
0.06157222724962873	0.0881897803673833
0.059722170294390156	0.08957370246368167
0.05163090683438487	0.08245815256156157
0.05306791816920291	0.0881146981739653
0.052205494272669545	0.0835935217198639
0.07536679208006518	0.08232316079871937
0.07682894759928538	0.0862779081442076
0.07853228209911711	0.08240864840361997
0.07460619770178488	0.07438793878653953
0.05253124243023786	0.11039275537682483
0.03411851809613327	0.18739937606557772
0.036021195153764944	0.10887110147052033
0.08334133843567963	0.079298537855687
0.060302642621880204	0.08484171320257952
0.03071084797797206	0.20867063406294167
0.07069793388149687	0.11419023170905065
0.07536679208006516	0.08235011872684046
0.07704670260750829	0.07898435742242067
0.030605080136925464	0.2805140573264285
0.04080161143622899	0.11310535587229403
0.037352005830017736	0.19014661737913402
0.04218081896146536	0.2526080044830529
0.1269221901984037	0.11625773622418784
0.03858831851691251	0.11682602033343534
0.08297420818452195	0.08340284961716278
0.036952600521256616	0.11793017158719742
0.03828254337265753	0.1099659187924633
0.03360269997024025	0.30227147014929867
0.0800975330558034	0.0806437310436449
0.060920644310530576	0.19078766562464655
0.07082875869539626	0.08047202581096587
0.033024329698850156	0.12083119225780714
0.06229516126065842	0.08680827422719688
0.0835812436160242	0.08587717451448348
0.040627056012307795	0.11224160792483961
0.04080612519404549	0.10958887672245532
0.05129627959334498	0.09198183485085852
0.030352831260783593	0.30269326952418657
0.09628258329109589	0.21333656320902294
0.03207833648482691	0.23118143452330242
0.03790382328112635	0.09682316011675134
0.05352519791281215	0.08731010029613835
0.06201847879897007	0.08073252467815013
0.09317455166072915	0.08580890041241084
0.09956557672234728	0.07606635644368548
0.03283159337191793	0.12562977530942354
0.05043298097082698	0.0953199313411886
0.03084282584091689	0.2290967056454161
0.04048298443301683	0.11124105789508425
0.04098280917640934	0.09856277882065842
0.03240901904204599	0.1309784720963085
0.08371321966193877	0.08273948214228548
0.06241638758123288	0.0874145770277829
0.030679052968297624	0.228149878235353
0.030709199116892145	0.2966870193112118
0.03115007849861603	0.2515509982070989
0.05277427380931737	0.09965816950480887
0.07715512794876477	0.09342464927883459
0.058861598864698855	0.09141418737098825
0.030677465157182168	0.2298196420278304
0.03969447219906695	0.09440007858414486
0.08559905310586792	0.10645110155587072
0.04851317299132339	0.25587130183322576
0.039551948767586685	0.10263480264862015
0.030701958916565523	0.2638499726203477
0.03973192311695877	0.1122581746815128
0.07536679208006516	0.08490355329468918
0.0447055830631552	0.08804304488190853
0.056107218892313834	0.087087404590186
0.043563131845171264	0.09708572127132298
0.06197392772990034	0.12669962923773573
0.05616100270505068	0.08511448820225069
0.05218178640089007	0.09230572422060059
0.03932487874972165	0.08753166219776186
0.09753869988855593	0.0747079364696691
0.03756222600202815	0.09371274330900166
0.03975028600704144	0.09390062032517985
0.048243806084234425	0.11652665415266773
0.05305271864575044	0.08329746237639074
0.09832831611660195	0.07841207090935669
0.07178879716695945	0.15070061473365542
0.0927024776506804	0.1574074677616246
0.032838207533370654	0.1256424339794245
0.03053153920352866	0.30286490137627853
0.03296735969905124	0.12453637460103638
0.03900520591473541	0.0910529659515856
0.03694779180987484	0.10477337668646801
0.031698695748566534	0.3030369603688248
0.07536679208006518	0.08232316079871937
0.03159778283482423	0.21034153545683953
0.05079953724243742	0.08912718455485427
0.03693744256315531	0.11246424641627134
0.03535412675052009	0.09830303166171227
0.0746061977017849	0.07700069481784268
0.0321064956363508	0.20533028364147388
0.034801238008562906	0.21821124026060126
0.04618236243246931	0.08249459590029279
0.0770467026075083	0.08451098570340017
0.039482621441286996	0.09213710026038475
0.03881929538172687	0.09885262817879109
0.032051800198162644	0.1944600854218494
0.05849762150461503	0.08512703512829757
0.040166495686737115	0.09771488556723812
0.030449273349179965	0.2220521788942562
0.03288360112795377	0.11223870380730341
0.041092965426433016	0.09939999854714106
0.0423848149934541	0.0928328365836796
0.031300192738396994	0.1984459737664172
0.03552511550255344	0.10876632403722634
0.0407183061625581	0.09809356221525407
0.036747831805732205	0.11310944078708561
0.03638444916557735	0.11278667761954736
0.07531403127627072	0.08256375172908785
0.040936262227803756	0.09837148302815242
0.06355955280976956	0.07738741497420892
0.049142278849870866	0.1031495559493913
0.03308602971034605	0.11804773857773233
0.033316213760834136	0.12624956424379014
0.04018908137690338	0.09651806177974406
0.06164408881907585	0.0860149235994126
0.031081880793595473	0.19980111893408067
0.0731701261631515	0.08203674996057599
0.04216981780543499	0.08846693354092104
0.045956149549101266	0.1071442220357682
0.059569599159190335	0.08126261397148837
0.06120739100593355	0.08442994586558332
0.04576568672759207	0.08571853102677048
0.048964073429225326	0.09549783043325867
0.044314030034252196	0.08614542844461609
0.033102743727560745	0.12877996885435777
0.04018587444765947	0.11952405397973541
0.04926717929816529	0.11179624539312182
0.04109296542643303	0.09524886550090686
0.03055678812239254	0.271029461229637
0.030669964643829057	0.21053192690812592
0.031532699118463965	0.22878555142642515
0.061506204270785306	0.0899049450735288
0.06201847879897007	0.08073252467815013
0.032809081201990956	0.1651737416439461
0.0342472050649695	0.14918505329241874
0.07816490639940396	0.07888722817986342
0.07080422982316475	0.08428884067060817
0.03696549649790487	0.10045015805306294
0.051252298113065226	0.09203149213451013
0.07079080626368892	0.08181810016833027
0.08334133843567963	0.079298537855687
0.05473918575892506	0.12158177653724712
0.03859642152834504	0.0887036390441135
0.04626802792943147	0.09092523604528976
0.031687822760836176	0.1318553226264682
0.03277444654568951	0.14364927094066032
0.03177675568670273	0.17666595454765893
0.07772215108381669	0.07418950678433973
0.06344952568479387	0.08768079500337116
0.04003807272605322	0.09897698955601876
0.03325325555027524	0.1074933507878869
0.03775387751732527	0.09540121673220563
0.0332532178864446	0.11146347987350583
0.03168450027655912	0.21028502951424172
0.031300192738396994	0.19396652077498922
0.039722046902323296	0.11333449487800258
0.03045567077568316	0.2189074057490701
0.035480109671494765	0.1069821552965478
0.03267958329111479	0.11761888769307619
0.06201847879897007	0.08073252467815013
0.04577263794595136	0.08330119514130252
0.0989322114935642	0.0755569764310467
0.03859642152834504	0.0887036390441135
0.04046525291516272	0.08504221045362799
0.06968355585264258	0.09413370942862226
0.03120576282994792	0.15095422018204774
0.07306418086217494	0.10245010558445741
0.06690306036202655	0.08115196551029716
0.03992329653456608	0.09725402941883134
0.07742927733452858	0.08031297830097471
0.03495018962888941	0.09847616421991418
0.0550811545971482	0.09359262469376724
0.030874374131787678	0.20826839855093845
0.06544041602390663	0.08224357703268645
0.07704670260750829	0.07898435742242067
0.03459231988316599	0.13690908863430193
0.03199101303578162	0.17839052518707915
0.04665214646168431	0.09007909951353403
0.030496262466790446	0.21903261321605208
0.031999259118111585	0.34998959251577483
0.03240901904204599	0.1310546170331659
0.030262963805344968	0.2953827531177476
0.044391438827130564	0.08615306839979499
0.056311916413545354	0.07763668440040518
0.03786094425564244	0.10725899786679356
0.032080568686782475	0.133043016600072
0.03047970616030685	0.22215935736429684
0.03759067926958101	0.11033428400160696
0.03583998314167111	0.09850591015950072
0.03283450431321899	0.12600721151919586
0.039476624010275074	0.09251013513019594
0.03151477036972249	0.20126937099565226
0.06438894353616806	0.2780000242023085
0.0731701261631515	0.07477620710063278
0.036869354509534984	0.11229019133888629
0.09746464681061885	0.0746644585841312
0.03915629804110909	0.09093637053720899
0.032809081201990956	0.1598606630339208
0.09869296486138371	0.07609347461543206
0.05410613724437901	0.1954174423724538
0.03273192105524865	0.13580542768418194
0.059006250550863906	0.08371932411855192
0.04457052158182572	0.08854921279631607
0.045473148455479256	0.0858141990467246
0.030576515796947173	0.2720090330182308
0.03332637182189727	0.14362007028455562
0.03235297376914746	0.1288357578038176
0.03523826970167422	0.09880778198783044
0.031300192738396994	0.21055019655224086
0.0500022394092747	0.12118227535153374
0.038383129853789846	0.09363497929961927
0.04488074281841232	0.08615068443399575
0.03302922467868611	0.1287958391987961
0.05148435082020603	0.08908303034541964
0.03288816929257662	0.11860731775645962
0.03283159337191794	0.12421014133305741
0.03240901904204599	0.13111689496987544
0.05395153315565921	0.08258434401953843
0.09844723502691415	0.07466841230605469
0.0447055830631552	0.08780198448886915
0.04005557420552087	0.0880517267766214
0.03291550641293113	0.11776738641310848
0.030449273349179965	0.2220521788942562
0.039783726839130125	0.0841395969017603
0.06980283098514203	0.10667968604313728
0.03281884386332018	0.16518363609975936
0.03755791463781047	0.09867439239116707
0.04618722087646197	0.29563607172799383
0.03690361798354221	0.17647538739784388
0.0826292341914906	0.11105038051683218
0.08218421005374488	0.2780969982395913
0.051318509780359844	0.21605686413055158
0.06446527592240417	0.08464962085788845
0.03511994655364343	0.09844555429338842
0.030389603953381663	0.2130012087623041
0.03915824370741751	0.09080178343553229
0.03286214039445121	0.11856035137408273
0.040031923187695426	0.10809254408964446
0.1036205210275827	0.10090933449827544
0.052205494272669545	0.08359359693506732
0.03205180019816265	0.19374757627591677
0.03679181937719194	0.09659835142425247
0.03906507701897336	0.1247915375253023
0.07138521381786564	0.0844290380038113
0.033014966257727346	0.11244763540087338
0.12449999088144321	0.36564640308657953
0.08677115457103668	0.07808212757506004
0.03325338288416529	0.10749353698477697
0.032838081152536884	0.13207843312227235
0.05034126437723517	0.11308042815145085
0.03796922930687578	0.09052115908810034
0.032833004938111685	0.11244468948227335
0.038419952021759574	0.09357421876512358
0.05875197816486655	0.11562546197921324
0.05331443815858621	0.08721775447086759
0.032938588839004766	0.11796555573997389
0.09847553490569708	0.07483318423915868
0.09745262051334452	0.07465741259763062
0.03035324627830114	0.30269533901268353
0.044314030034252196	0.08541568135329669
0.03150985968053023	0.21119663002877043
0.03283159337191794	0.1260167262674619
0.03308432228480309	0.11211794864869523
0.031128778534802646	0.16710291064124758
0.039768310760809444	0.10475453536306303
0.03825765583936222	0.09370785414453178
0.039156188057638375	0.09534508788591689
0.03668855214806868	0.09334861071800034
0.03047165183407348	0.21896483793067578
0.031007910780982376	0.21072685532194887
0.03978889817963998	0.08811433895373078
0.03290179619149867	0.1146409017191624
0.051122308811054805	0.08896345111927005
0.03841262928044692	0.09198699431491811
0.031224499819075366	0.2106135769942987
0.031653042937486414	0.21057848475157379
0.03213902050285259	0.12843426343537948
0.031337519167810836	0.19891856199327496
0.18905959028778552	0.13686793107949988
0.03289711801678901	0.11206524734891203
0.03044927334917996	0.2031576876592877
0.03235218217398103	0.21194615773438674
0.03256210746392665	0.1274961638922033
0.03932487874972165	0.08413462705695475
0.05020844054916713	0.22790375278730973
0.03754892341420817	0.09375284859829287
0.051640316086933154	0.08189530236272141
0.06342243210655593	0.19525859084409353
0.0399946886760357	0.08572004436152397
0.04311352000197905	0.21069954087028384
0.03884209207263365	0.08696982944252112
0.03883389956417163	0.10069882641249814
0.03474892325487347	0.11192451208081253
0.03851390989275313	0.09209460433811065
0.04088947895143619	0.12084153631962692
0.030815203620637985	0.1951876331741812
0.04278287870508072	0.09424371256254974
0.03957382721379823	0.08675593604670405
0.03544411821702446	0.10984324492302014
0.03314549799487741	0.10953496738538662
0.03168450027655912	0.21767180283856402
0.0400684854886747	0.08898935391425551
0.03283402482261768	0.11761912341208089
0.061324446788796935	0.07939277188021206
0.035683116565067494	0.11325412590910498
0.03276661239302007	0.11856371665622284
0.033014966257727346	0.1156193383974524
0.1341215054168835	0.10521237943170278
0.03696549649790487	0.10045015805306294
0.07436474145587496	0.07589373036918524
0.036869354509534984	0.10083360464064374
0.052205494272669545	0.08361923671918715
0.044314030034252196	0.08612079284041689
0.0378123163891134	0.10104208888367044
0.07786557476282431	0.09756036419186499
0.03609926642548322	0.11550230897678491
0.03300633214302073	0.11968604545232618
0.07460619770178488	0.07313295878442945
0.03798139128921275	0.092657694456463
0.04275086402889424	0.09496226017193724
0.052205494272669545	0.0835935217198639
0.039070490868470566	0.08877944886203057
0.03206947968427447	0.2519288128699713
0.03924413817024278	0.08951370448527396
0.039816162602692474	0.08543802139719145
0.09900014153993857	0.07520984653027357
0.03405289606591846	0.10266165790754161
0.03325073751115127	0.11111912354540361
0.030450972290686378	0.22205837421241345
0.03199101303578162	0.17839052518707915
0.03679345253287208	0.09951476398146515
0.03291386262271748	0.11778047225209012
0.0344768544682482	0.10473309404444493
0.03312838556367773	0.10984685356548793
0.033338341800738136	0.13001234837151618
0.062448918987981425	0.23502079401452663
0.0617861215976246	0.08065332776230176
0.03679181937719194	0.09096867214387959
0.03328171356702647	0.1143049140672393
0.03675541082097352	0.10319382776320997
0.03523826970167423	0.0988579692871808
0.032070407127542014	0.1307827391596203
0.09754528258325988	0.08085279642083058
0.03275059742864167	0.1388699116739025
0.030712311199550178	0.16964733944747493
0.035199236186379046	0.09821717860777088
0.030563525177956963	0.21913432033145674
0.03337495376584591	0.10882439529705788
0.03847860861623948	0.08871899710640345
0.03283159337191794	0.12166862573038224
0.03519856276086845	0.09922494025332598
0.032716597550444204	0.11319695582009563
0.053173351739582514	0.08303304556411038
0.03293736464952279	0.13885791813118062
0.030609005880162257	0.19950556787061396
0.03213466343830141	0.12842555354121174
0.07463125660944891	0.0744009456026044
0.1035228506279119	0.08972512720288096
0.04129493615920839	0.08972968770183044
0.05935732450937341	0.07710904567748326
0.07492001310104378	0.080440084690617
0.06115008139763093	0.07976336727173977
0.0677574743016001	0.07804892976011395
0.03308432228480308	0.11295788513481576
0.06255947106877836	0.08142547519957695
0.05843965555395989	0.08180713659158137
0.03618381948291574	0.09993570252081804
0.03207810596693672	0.13036463177490315
0.0382224271698593	0.0926888160848348
0.03900520591473541	0.08701362856863283
0.07421125855877722	0.07778242841327564
0.038608480322009836	0.0922129292211107
0.03813577061302183	0.12716399057176747
0.038726326315844974	0.08915859291878045
0.06202943503904718	0.08140906031077451
0.03884209207263365	0.08696982944252112
0.030389603953381663	0.2130012087623041
0.0972064739874908	0.07391140867493783
0.039424262498130073	0.0862757987643456
0.03583998314167111	0.09850591015950072
0.03095299952955063	0.210540186405167
0.03289456158351486	0.14919269248422035
0.03178746004669344	0.17615486470722413
0.038819989327329496	0.086939123026454
0.033950169407671336	0.1127359145514999
0.07514395535985449	0.0970984628905473
0.030881335843990974	0.1649372431699313
0.07441974460870834	0.07461714263641585
0.05914813751373602	0.0803239750868414
0.09091142270491347	0.1712661710307566
0.053392118192173765	0.08686971641973829
0.032318997124751586	0.12905371678947233
0.039071140477207424	0.08878497652643576
0.033054942790356034	0.11637030644909412
0.03932003060913364	0.08466909400950387
0.03884209207263365	0.08436835945410939
0.03325325555027524	0.1074933507878869
0.04150068175030934	0.10940711399359776
0.03401406687602628	0.16261463311763943
0.03213902050285259	0.11825092075379365
0.032080568686782475	0.133043016600072
0.03281345734134591	0.11472910240195332
0.03801671814568421	0.09203740497645628
0.03576164339424424	0.1067861466428846
0.03336258571803668	0.11552147788252237
0.05380433359606636	0.10103978255703869
0.07460619770178491	0.0755031095199341
0.054213769227063856	0.07987297340639363
0.03358815186407821	0.10857117477533655
0.036587642117077546	0.09894515090284471
0.031024723047257115	0.21575245915826283
0.03639892450598558	0.0965699344549715
0.06321809799206457	0.09996494691604607
0.039783726839130125	0.0841395969017603
0.033715496230640185	0.11032464322020578
0.06205459232686784	0.0806371418704992
0.030874374131787678	0.20826839855093845
0.0366982929602064	0.12306415144696323
0.032145934363783775	0.16039561976316333
0.04008030860461222	0.08495788214412182
0.10478442896917053	0.10062430356846964
0.039821354506123896	0.08815028844791646
0.03275133748270493	0.11471994605126153
0.032907488035318996	0.11226302745678607
0.032371504814028215	0.1291091114178461
0.09525737256654405	0.073925050188176
0.03112689572199371	0.16709785697668986
0.03690439878409631	0.09259218573430628
0.040465252915162724	0.08504222094718612
0.09522709134402664	0.0760663798163872
0.03035324627830114	0.30269533901268353
0.03966264799966881	0.08635866885058223
0.039695981917363614	0.08604274112293961
0.030425688767392437	0.17653635781465088
0.03461103593014642	0.10228996224626817
0.03053509677345614	0.22410638596453888
0.03270890875722802	0.11190656050793757
0.03193479194311918	0.21346592849993784
0.037020078381837795	0.09576172212133283
0.04677674725443396	0.12184380204610147
0.03999045478544104	0.08675758852282069
0.07389219333116466	0.08072284889543212
0.03314926672029477	0.10954035416431035
0.030435417163027802	0.17923658580488883
0.03189060832086859	0.23183028948188666
0.03138510815817076	0.17020749994306805
0.030356093591173822	0.20272959127010962
0.04301316424369812	0.15264125007154156
0.03240724607526597	0.21957700454811221
0.033253400438540665	0.10679463994106712
0.05142117573560967	0.07864225220641087
0.03283348238031875	0.11244518264458066
0.030887171139010957	0.1989567855333379
0.09517111248098295	0.07612287882083828
0.0744865673285095	0.07789260651588309
0.034148572941183154	0.11366919689051115
0.03304230875463829	0.11324266933958109
0.03268067491751766	0.22371365303210453
0.03846554708495113	0.08875434111447326
0.07460619770178488	0.07438793878653953
0.030389603953381663	0.2130012087623041
0.031663940512587294	0.26870546254817346
0.03311303717847697	0.13491012806390745
0.032363776002260425	0.11351543022582952
0.054213769227063856	0.07892091566094563
0.04402554876048172	0.08475899941531545
0.056500280163150444	0.0995681699259639
0.07290720898957039	0.07784269137455757
0.051352193324089045	0.07859436587862069
0.03731779906403148	0.10770504858810381
0.05317370310912528	0.09983969345968294
0.09438884667255777	0.07379982892657096
0.03789801450808553	0.09263932211347327
0.0326101793307108	0.21349390192551934
0.03674287326633361	0.14284087993121383
0.0	0.1492845923736688
0.07460781528802944	0.07699264977767106
0.09509401439273292	0.07316482745024458
0.032701646801217066	0.11855896268860827
0.03782915529095401	0.09945623092931896
0.03493528351661151	0.10129449775375375
0.06115008139763093	0.07513889639468227
0.0389834671673196	0.0870336356704031
0.03951326356573427	0.08432354075383139
0.033091726666134816	0.10770791018037852
0.030712311199550174	0.17878988243122554
0.032833004938111685	0.11315731908096306
0.03213570439694495	0.1261480512732813
0.030774104249900888	0.20763518567392886
0.037874369674228664	0.10014781322321212
0.08151047727707118	0.07917155437324838
0.05164031608693311	0.08242535112568318
0.05164678292634024	0.0819004382520759
0.039778237093797596	0.1166543137677613
0.0957257113833396	0.07832198265167925
0.03325325555027523	0.10688333645825003
0.03270890875722802	0.11255113797519221
0.061406792476386834	0.07922226530695312
0.051640622801993774	0.08098010592103985
0.09445673545544872	0.0756507243782107
0.030355618012059257	0.2027280029782281
0.04525100212807951	0.08270038365464642
0.09715462984502721	0.09636345562889367
0.03112689572199371	0.16345080874311732
0.03323195900763958	0.10782542493256192
0.030812139737671947	0.22778818860662714
0.03213466343830141	0.12842555354121174
0.03225527592871729	0.11100633393406639
0.031739606848614585	0.13383466558500257
0.03796922930687578	0.09052115908810034
0.04088574540171998	0.10299207214209989
0.0326710883297184	0.12332522985233514
0.03205577738159133	0.11754841723419646
0.0343215887839525	0.10179738518099823
0.03508342305686641	0.10510470933177468
0.03161438145776411	0.11904416248084926
0.07442650482272067	0.07457584237329871
0.03397756752639885	0.19871388972488818
0.041016267791821846	0.08697877830761278
0.04691701265658051	0.09622189109782521
0.07470544020477375	0.07434314392532808
0.09481144982847595	0.0734940443860262
0.03798139128921275	0.092657694456463
0.037157566968599454	0.1101798866882252
0.03158127866535269	0.11835187767740081
0.03523826970167422	0.09880778198783044
0.03112689572199371	0.16709785697668986
0.03993184317122198	0.09603155219335144
0.03203545372111245	0.13106036777921493
0.03800482056047011	0.09029505653400674
0.03932003060913364	0.08466909400950387
0.0948917871979139	0.07606649376010763
0.030352157539785374	0.23794504905097746
0.03859780987020684	0.1089347415926125
0.03470068111688336	0.09725317400616341
0.09980524602293571	0.07565197966532854
0.03212415986337909	0.11126542441493512
0.03952526288220395	0.08886020374881572
0.052205494272669545	0.08595859807823447
0.03859642152834504	0.0887036390441135
0.0733730069861459	0.1977513584713996
0.04149293155440619	0.0888507908660907
0.03395030091805629	0.10769865993136836
0.14116845351053756	0.11111178717141357
0.0393478339648432	0.0864558831854411
0.03292935112902327	0.10915059814014598
0.030331828812289078	0.21279862506206704
0.03256210746392665	0.13279624573224524
0.04060188351866332	0.08356581004945095
0.034950189628889405	0.09942060517269491
0.03909870166044342	0.08909933180834885
0.07742019108417103	0.0987213199789227
0.07290720898957039	0.07784269137455757
0.03801671814568421	0.09203740497645628
0.06206846009294097	0.07801948827719045
0.09720665605911709	0.08215030173572703
0.03292935112902327	0.10835241467410729
0.030695319250196997	0.17586622958426548
0.031074980698545526	0.16695488741478237
0.05253306254672815	0.15415119347387846
0.03202620585217009	0.11783634712828689
0.03314677610152043	0.10985084535273039
0.07772215108381669	0.07418950678433973
0.0316143814577641	0.12465061706632952
0.03986166977627693	0.08404905433909514
0.050955263777460486	0.08373568358717431
0.07421125855877722	0.07778242841327564
0.036582445199476406	0.09429129657809983
0.03847860861623948	0.08871899710640345
0.034950189628889405	0.11186906383717404
0.0383341508795709	0.09123482157256632
0.0458682475085015	0.08160240307894037
0.03879351867024394	0.08543066118462939
0.09529034018843557	0.07689350908462307
0.03956865699289027	0.08170314078400395
0.0404678135007221	0.08713934678136925
0.030318765753947378	0.2569273866378327
0.03960489215914101	0.09561164475638508
0.036982752196942414	0.09267327450334414
0.03309121427793396	0.1098133370904047
0.07290754532216799	0.07784288077374094
0.3471081586417272	0.16658787173703637
0.03920735814275466	0.0870075187277177
0.030502169553654163	0.172765336655287
0.07835696885978118	0.07644478153838132
0.03575452936495817	0.092708621452358
0.07462269417712607	0.07521813962763643
0.039328778037494926	0.08221092026817925
0.03833325083109339	0.09222175135941135
0.030389603953381653	0.209597711870102
0.07441974460870834	0.07461714263641585
0.03796922930687578	0.09105498590743973
0.03475847006999797	0.10375297055034449
0.039095888084931814	0.08503447872097902
0.07433362956345671	0.07694055359323998
0.038772680452574544	0.08881499012861185
0.033174831985853755	0.10932703859058177
0.03109603669683154	0.16707419954175398
0.0572956774193033	0.10570736677995997
0.03895999551986618	0.08359388736984176
0.07736877923196771	0.11025727246465543
0.0332518905503205	0.10684902132157607
0.03816648726883764	0.08736759489957925
0.03663113655288477	0.10738193133569354
0.03511994655364342	0.10124232796533153
0.030355618012059254	0.21104911871371165
0.0678498211643934	0.0777529609781618
0.1786752043274463	0.1086054542083752
0.0359135253319414	0.093769533675139
0.0342698798061503	0.1074640072289679
0.07064796738368086	0.07604245324066938
0.0395309428552434	0.08597070925529787
0.07765272219981681	0.07481112445485255
0.038186521097292696	0.09130784843792752
0.07751518801701587	0.3010471940688314
0.05511277098510532	0.10859563820032403
0.03413411841293051	0.10012588489285468
0.04781021722047857	0.21079069590222727
0.03161643812889745	0.1190480353893678
0.03042435159227465	0.16850175524587008
0.056587428335228736	0.08066222427479294
0.030560323429960817	0.16518767935595466
0.0389140058213546	0.08677445949077084
0.09438884667255777	0.07379982892657096
0.07463125660944891	0.0744009456026044
0.034950189628889405	0.10183764884152617
0.0757101375346652	0.07606078095998287
0.03894753989629838	0.08508599746595756
0.031128778534802653	0.16527238328667665
0.033253400438540665	0.10787386855613607
0.0708448615802386	0.07972279625749454
0.0348079309533641	0.11179214181199297
0.07605292030564671	0.07348452346070697
0.030712311199550174	0.17878988243122554
0.032711671764978016	0.11371879079280253
0.033923281831803986	0.11124927305744162
0.03937212453556943	0.08566178756849575
0.03023359666786302	0.1493844750700843
0.13021359367932275	0.2020660833678461
0.034666127204007045	0.10474928756617348
0.04006130461350843	0.0913025548478594
0.0307076232753653	0.16963439111090714
0.03830073085685938	0.0898114392600043
0.041023889316882306	0.3227157341395722
0.056591028150068966	0.17060850165295835
0.0980474632685042	0.07383781536564503
0.03466450172879842	0.09677025921691698
0.03161375121161868	0.1190465841878038
0.049463918933864134	0.08292672544041314
0.03913980169663468	0.08356772587129695
0.06779769635402762	0.07806779104361213
0.031127264241096738	0.3707036571705292
0.0500162305194738	0.07890477343190531
0.034738488951575205	0.11190579675146282
0.06345594403562713	0.08169555264273062
0.04011698796333346	0.0869650423668722
0.034864929662804155	0.10308278529710085
0.03314949731171552	0.11055462357157432
0.03966033463554882	0.0844777929252619
0.10249501389406013	0.09522266310234748
0.07460619770178488	0.07414201994439716
0.03895999551986618	0.08359388736984176
0.047005614910764916	0.17336325856057516
0.07417786656763961	0.07558608608354543
0.07240135276666795	0.0763662947953482
0.030362299968063715	0.30264346142859166
0.07486052503969196	0.07269625124244726
0.0677413565782405	0.0770159262565052
0.07430772356151591	0.07662910463359349
0.04030797963474802	0.08810215479463207
0.0776113154800924	0.07465668985123372
0.08045452346152755	0.07389693083164912
0.0960900501194091	0.07672562651128559
0.05139743161492207	0.08198827859593834
0.09344014073346207	0.07216486410291556
0.03946796038567073	0.08503986755679802
0.03706837946427074	0.09274376924927866
0.030499397253259737	0.16200440748348238
0.039095888084931814	0.08503447872097902
0.03265156883171263	0.11019883856610707
0.03413137533878535	0.0991132730016745
0.03158862580123238	0.12298679141389571
0.03832384136683935	0.08911116464131091
0.03202620585217009	0.11783634712828689
0.03713789426052933	0.10804406155591686
0.07468020527332789	0.07340574288472401
0.07677348688569759	0.07384773377841594
0.03796922930687578	0.09052115908810034
0.03215127929229013	0.114918909798803
0.03176844525903339	0.11530494807631966
0.07685815685995152	0.10607532737669531
0.040044446866472766	0.08300173106529042
0.03185974836834787	0.14537479375743606
0.03508470043803208	0.10531476849088009
0.032717298500395495	0.11331191267254531
0.03377031129299281	0.10560873185583862
0.051742333234285134	0.07950065278387684
0.03668855214806867	0.09399997495034378
0.09438884667255781	0.07367059442161952
0.03213902050285259	0.11835908814033487
0.0747166941998201	0.07416259701164796
0.039492081451283065	0.09236732049431647
0.07772215108381669	0.07413049680625396
0.03270890875722802	0.11190656050793757
0.03993423304402779	0.08505472206820502
0.030318765753947378	0.2569273866378327
0.03809260902430304	0.08573774651992155
0.04966377424383806	0.0865830446070819
0.05530558716311484	0.08417488755134035
0.03221490362525416	0.11410267993749061
0.05664528855927628	0.0817363321705857
0.03917623142906123	0.08355823103550408
0.0735160023850781	0.07445396297897589
0.09943823090732389	0.26793319452484426
0.05541733724592789	0.0887190675530371
0.09494582848048448	0.07251329140495656
0.07059703092833121	0.23793205552297872
0.09512722648268807	0.07267295763709701
0.07356287525737977	0.07688999540662607
0.06192323955592171	0.0783342959852741
0.036982752196942414	0.09267327450334414
0.06206846009294097	0.08180166449713568
0.03859642152834504	0.08860120755912465
0.06428433288183413	0.08152319746238425
0.08312378472358542	0.07359415018408869
0.03239400257710976	0.11448534453760652
0.04573747555173189	0.08539048199948401
0.07419098112496435	0.07683482550789246
0.03445473609411074	0.1032749332710953
0.055021830540240756	0.24094906063500435
0.05458934562367971	0.0979849040015197
0.08383369800017117	0.10155071644246355
0.03292771883795422	0.1114675036249987
0.03932003060913364	0.08466909400950387
0.0849175336019951	0.12399798099928637
0.03575453732977685	0.09270857687327586
0.033231864990577904	0.11545736567630409
0.07419540404775289	0.07561830829437705
0.07441816811581357	0.07435870104309282
0.038507967538306806	0.09045118099866917
0.0959262577976599	0.0737512859854981
0.07463125660944891	0.0756819279597959
0.07441974460870834	0.07461714263641585
0.03906367364961582	0.08504262868379395
0.030427201450907927	0.16850773492885834
0.030472861119562912	0.21098396961946267
0.039306731284732464	0.08467805894537686
0.056822290604050654	0.07726729140583027
0.03986175132735171	0.0842748657122652
0.03148922545062344	0.12026587027339707
0.03324832008685245	0.10687445900904215
0.07604433841078699	0.0735331794561442
0.036688552148068675	0.09376722075520989
0.08121261205543043	0.1541481143064689
0.039818483544397675	0.0810122072818032
0.03140365257205378	0.3336337139263307
0.03569966041806506	0.09287738991127151
0.034159373395958974	0.10042040955512792
0.034333537808156366	0.10384971714865428
0.05135219332408903	0.07831126277141216
0.03698275219694241	0.09267091147726392
0.038238238945273804	0.08987850307709962
0.03254487535653625	0.10558005883753074
0.03293105784391813	0.11153581263585394
0.03376747942364379	0.10551360385244311
0.05089688146906925	0.07969843214150765
0.030588511099634345	0.15836980245906054
0.03470147150473338	0.09725428205419133
0.03158090658536345	0.11835118046590971
0.03193335973190037	0.11333004672672531
0.03215291304375974	0.11124087585387307
0.03247490637958568	0.115893240151376
0.03355220213054167	0.10757488361096351
0.06776235597852992	0.07372453796154918
0.0359767705155113	0.09872582053906719
0.15228505254166977	0.27521678161193663
0.040856108006044944	0.08898716340655578
0.03907154892535749	0.08149759059904688
0.051308546322585635	0.08041706729614738
0.03280052845979217	0.11202172213914383
0.03834469848294856	0.08429423652566029
0.030499397253259734	0.152801444026361
0.08127486273141382	0.07689187783733346
0.03881890178691637	0.08547484998843857
0.038959908995889074	0.08535019149313065
0.03324196149481466	0.10686517815692843
0.033091726666134816	0.10637141234120576
0.030424391837923375	0.1604692804296939
0.37091532292634605	0.3690103462246512
0.08672558824590254	0.13607882054029635
0.04514980162620689	0.08527110383823978
0.038819989327329496	0.086939123026454
0.07518720773424895	0.0728561778691186
0.07163751990095447	0.11157363173485425
0.03504057785743404	0.10417174881832875
0.03323195900763958	0.11789315063648403
0.039304113292157675	0.09064533415279327
0.03808828190567213	0.0870913207062658
0.035756274093370226	0.09303363612276973
0.0758559422890793	0.07626701573377857
0.031468263320643994	0.11766004678058435
0.03885525658268428	0.08390290002696675
0.03486508271751487	0.09628264382041563
0.0934520739251457	0.07255002506489172
0.03925855033657683	0.08237971600840936
0.03270890875722802	0.1077042929958435
0.03422794838834943	0.10254020107002301
0.034384110661275114	0.10143304499490621
0.04607382160913737	0.08272495125575448
0.03894750519347808	0.08508603806009789
0.07523678871346995	0.07461990031765421
0.07434007322120205	0.07467394079825686
0.033541183007155424	0.10740845712837879
0.03796954604640595	0.09117025786220023
0.03800458834852917	0.09292651202202142
0.033052089540763496	0.1085787536621105
0.038417315028840125	0.12015083950932544
0.039306731284732464	0.08477834752937444
0.03895999551986618	0.08350554430357542
0.0944421665298657	0.07225687825818125
0.03886715919379791	0.08819629093443862
0.039279416889244655	0.08494312053154336
0.030981110575305823	0.2587206573299042
0.05143963847675246	0.08413105895967753
0.09736873416493652	0.07395148780672683
0.035787583986109074	0.09275146736328665
0.033907638827686645	0.1037233229746862
0.07462814185533305	0.0727310217970149
0.060919201221101296	0.07673438186278425
0.08489265414147135	0.07203714493238286
0.033526487566107155	0.10732183967293478
0.07393813339783614	0.12157718808330101
0.039036359213239544	0.08622550608749405
0.04121451830945596	0.08966364115575053
0.07387672871776141	0.07279560026209847
0.038004820560470116	0.08863654976556339
0.035090243741770936	0.09670639188930166
0.03197477256012528	0.11405275000466705
0.04043272537403587	0.08512379429533562
0.038467430197538455	0.0863007900671129
0.03922482331926381	0.08249744302456063
0.0735160023850781	0.07442625491586935
0.03031876575394738	0.26744439211643456
0.07362706423493266	0.07355168082996344
0.03206061695817768	0.11132557906365788
0.03294723693821931	0.10745451297327394
0.0746347004331571	0.07422215128253874
0.03212637702166495	0.11162430719962313
0.03908776058778942	0.08249276275546476
0.07991752344835508	0.07437994074803696
0.09377358072151193	0.07436878178639286
0.03673239897636447	0.08986738518538544
0.03148934469600687	0.12629485128349893
0.07533325865023716	0.0734721814218488
0.035115604935598024	0.09509112008676626
0.03809260902430304	0.08573782983879377
0.03031876575394738	0.26744405684703304
0.0321523345436549	0.11087345314177376
0.0761576148387384	0.07501507920019082
0.03625326188306317	0.09181676468105116
0.032903797088721015	0.11271721213430241
0.07339166995677544	0.07250322287193789
0.03978866429380989	0.08531525873260176
0.03575453732977685	0.09270857687327586
0.03942945205338766	0.0832766180271369
0.03920482269330758	0.08363468277230802
0.03207728028206788	0.11201844667867952
0.09345550868732702	0.07256674236439832
0.03575580791544199	0.09303633014796636
0.04504796949926313	0.08283636621956116
0.04656996775642034	0.08259823479169488
0.07397609107109065	0.07466940849154938
0.07362706423493266	0.07355168082996344
0.06959123657374303	0.09382804173426486
0.03897013982604193	0.08711338339787977
0.03381172847466292	0.10185556508756256
0.03152834710451206	0.11750938323376232
0.030964902385969804	0.2035431470161578
0.032836200999548606	0.10971847517935826
0.038088281905672115	0.08482290923595037
0.04779680275105552	0.09535239065774057
0.03208634974954177	0.11303460671650763
0.03575515776821514	0.11407907360643693
0.06547823638187346	0.08934945122056367
0.0335821102868129	0.10089474186356247
0.07605292030564671	0.07348452346070697
0.03413137533878535	0.10688751240025939
0.0500162305194738	0.07789607103870538
0.031544883965544564	0.1182836612875095
0.03792670026217002	0.08794947379340658
0.0357679699580354	0.09703817368665608
0.07376672799544617	0.06982936761747956
0.06723258388070266	0.07548360632703904
0.07043560961598522	0.07489211418403528
0.03154118559772695	0.12014009537040907
0.061150081397630916	0.0751378164827545
0.03252649295748741	0.10910792057502976
0.07863035674307212	0.1653882533734071
0.03917572719809778	0.08552865928492012
0.04392633571389184	0.08150666310336382
0.04997098902952263	0.0846862602749646
0.030356661673937448	0.21107810844860328
0.032353917930036384	0.11005870505796034
0.08007235445289994	0.07178531203324341
0.0746377579832044	0.09881843701670835
0.05089688146906925	0.07969843214150765
0.03815805337423558	0.08987531192247501
0.03796922930687578	0.08856307104951953
0.035090243741770936	0.09612791715108115
0.051352193324089045	0.07859436587862069
0.037006244335209625	0.09304479242227415
0.03155203162295339	0.11829706156336577
0.032112386025124895	0.11364749413924738
0.03286746565978313	0.11394776539058413
0.039229377348947714	0.08341452822623235
0.031729497146291946	0.11474207049302283
0.03340390546710184	0.10620606805947885
0.038810642613015624	0.08305371975615339
0.07355677681669023	0.07609212604390396
0.03907531804322024	0.08245727120971835
0.03908962856073645	0.08514022367307392
0.04525100212807951	0.08247871201679097
0.039110361578742474	0.08289806286566342
0.0733744241440203	0.07446076591329501
0.03211412235315868	0.11127434035969692
0.052077355719534264	0.07835595932503048
0.03294723693821931	0.10745451297327394
0.03341037767154574	0.10381114209443752
0.07358284601937524	0.07442304989543559
0.03587308500743782	0.10988340579796914
0.06726527884706604	0.07514828349442973
0.056822290604050654	0.07732670664566361
0.04199104144410669	0.17664994582048543
0.03575705329009969	0.09280657118229549
0.03059616045189102	0.15838960794204818
0.056822290604050675	0.07713929542470478
0.046182362432469315	0.08263575808583871
0.0316506579455529	0.11426957414036919
0.09763841433989105	0.10176859711684556
0.034696164199592136	0.09449066919981737
0.031382977562819055	0.11621055113246057
0.03133162128118611	0.11899323136999078
0.03034703324423829	0.21716204215553075
0.050240001199133175	0.10004852154576793
0.03558322660053431	0.09390138698377475
0.08247497984640229	0.15405258799826646
0.03928923893212169	0.083553502835218
0.031128285220818203	0.15358112148650963
0.03323881633362769	0.11358089791832246
0.03809260902430304	0.08573774651992155
0.03207391102904582	0.11122091902690313
0.07685168052529755	0.07321154783837103
0.05662266646932058	0.07725454825185113
0.07249907197982029	0.07478887080915408
0.031974787114522875	0.11405277597745711
0.030353403079763745	0.21487417400194184
0.030262963805344968	0.2953827531177476
0.035115604935598024	0.09343260888949968
0.08623633352468706	0.10952567053117965
0.06272284790935378	0.07580185309830374
0.035773777928548516	0.09318974579306907
0.04864185433866026	0.07881430854798767
0.03413137533878535	0.09898908559601752
0.03885525658268428	0.08496420137754045
0.03212415986337908	0.11126624907736123
0.05175666582288806	0.08180273113863537
0.03254487535653625	0.10558481624684248
0.0316436558576659	0.11425863313626602
0.03210159927060887	0.1113934829219255
0.03261089747680718	0.11023369029522963
0.03797564603298741	0.0852815751317317
0.03289291315253768	0.10531402677520091
0.030272448749976772	0.15273563547013333
0.03424762428352248	0.10681418072091727
0.03216853466086602	0.11183153115897412
0.05089688146906926	0.07972150668872784
0.038092609024303024	0.08571773381826708
0.033260089618754145	0.10209457020153197
0.03254487207630284	0.1096101851967877
0.03673229064536266	0.08986725266360315
0.030459323143748995	0.16859857649995158
0.07158669114315304	0.07129390797700601
0.06954366870898511	0.07742839123418802
0.0	0.09577677722649122
0.07364492527984899	0.08657636608164719
0.0330288889515705	0.13156758853114695
0.03166163188008727	0.13286112568658676
0.040756447987994646	0.0821671143542335
0.07789059609577481	0.10704966603033489
0.039533948288931864	0.08205930990356015
0.061483579738305226	0.07534484701423588
0.07554468197206528	0.07273903180266099
0.06609293586285074	0.07549893628343383
0.049433208708685075	0.0789553341317312
0.03911541595557969	0.09467712716737028
0.04449709680443405	0.07770925838934716
0.031572326813216534	0.21218439515797308
0.03311231188900704	0.10760557468924545
0.03262506063568464	0.1088361619313027
0.051858239453758816	0.07837349028270797
0.0611868960368026	0.07654811736307912
0.03154430700982601	0.11676640457052528
0.06111974090934439	0.07514564550378686
0.03575453732977685	0.09311936463791692
0.030289933058711867	0.2955143493320862
0.07387672871776141	0.07279560026209847
0.033005958809005566	0.10705796792208408
0.03974230652072316	0.08406998629988056
0.08405169412547302	0.09941026419372694
0.03582811913924178	0.09542142520419901
0.03151761195558988	0.14341136025664175
0.05759155706121729	0.07578053583942776
0.03575580791544199	0.09397143015271874
0.046058081726108466	0.08170372548417079
0.037943917725551966	0.08471455702652382
0.03511560493559802	0.09468327608993221
0.03172949714629195	0.10588151393137178
0.035234284987449196	0.09449971949718416
0.03558678809301798	0.09428167573312436
0.0833624797809837	0.07255192422570308
0.03823267157740616	0.0917508435899518
0.031729497146291946	0.11474207049302283
0.03227962054292477	0.10942523275409759
0.06700763665191713	0.07487469348773751
0.032353917930036384	0.11005870505796034
0.061044131911087596	0.07646022692258783
0.050936588151162684	0.07889455974689924
0.06777362420178965	0.07367673488797537
0.03578758398610908	0.09236353225887826
0.05125785869087687	0.07975322330669564
0.03552742504360157	0.09356578184047014
0.08490644816907068	0.07204371260202064
0.05299986022774751	0.07512695613613457
0.03863638001788741	0.0838593897772006
0.04597389630983695	0.10630060965587743
0.03556884518934259	0.0936185516786652
0.05107135784137663	0.11070345432573792
0.051460264369365114	0.07859435393596217
0.035156356604561914	0.09728803154200395
0.050748869723480784	0.07828748677001016
0.03724831359351341	0.09311606843627916
0.031729497146291946	0.11474207049302283
0.030262963805344968	0.2953827531177476
0.03907531804322024	0.08245727120971835
0.031790268518645	0.11237456236483007
0.0707221692262254	0.09339786246510401
0.1167309013808216	0.17506283243265844
# $END DATA$




