# x	y
4.466431839989475766e-02 1.649830638605657984e-01
0.000000000000000000e+00 8.623921877362493715e-01
3.390967662881194666e-02 6.716922939587275376e-01
0.000000000000000000e+00 4.644225299333011314e-01
0.000000000000000000e+00 1.316317538361815864e-01
3.384409835382180126e-02 1.923978637196887831e-01
6.805757203789020160e-02 1.972814902272408411e-01
0.000000000000000000e+00 2.329723362748093718e-01
4.370197473305249131e-02 1.750990696274845049e-01
5.500355589744255341e-02 3.422790272459501071e-01
0.000000000000000000e+00 3.532034106568565646e-01
0.000000000000000000e+00 1.924296852380408540e-01
0.000000000000000000e+00 3.530606737693640640e-01
3.690830958354527486e-02 1.279256578714624837e-01
9.350444647987288249e-02 1.175512592072042312e-01
3.532407059225649293e-02 1.984213597167409637e-01
3.338581978400030625e-02 2.584478386022864282e-01
0.000000000000000000e+00 2.100691119596568568e-01
3.364110818707565648e-02 3.300801359007158320e-01
5.144855428413365461e-02 2.365839435658182721e-01
6.928212525189371418e-02 7.637594571511246988e-01
6.757359264611141614e-02 1.554552016036385709e-01
3.937629644621677694e-02 1.484090949635293033e-01
4.897114220005845814e-02 2.374631748787918994e-01
3.937773669517122266e-02 1.947471523838437413e-01
4.181767906104491561e-02 9.041916351289888687e-02
5.041631439088939404e-02 4.138538864354705527e-01
0.000000000000000000e+00 2.012922794309969510e-01
5.835539524894294006e-02 9.723881244096342635e-02
3.884896993822339190e-02 2.784421862019325067e-01
4.051425182589332152e-01 5.557656237411412459e-01
7.056906126140737034e-02 2.452155461250588586e-01
4.097331382493641372e-01 1.049083063186583731e+00
3.289981338699839858e-02 3.816371247737972427e-01
2.782695986257782694e-01 4.268122500287932497e-01
0.000000000000000000e+00 2.629019031522236149e-01
4.593480724494369838e-02 1.721092369885208473e-01
3.380682734351360408e-02 4.439613690801411106e-01
4.937789956018178578e-02 2.398096360848079034e-01
9.086223693757770892e-02 3.552656201779694767e-01
0.000000000000000000e+00 2.566605236778292110e-01
3.963234533507928314e-02 1.212003030027654082e-01
0.000000000000000000e+00 2.641412263687927808e-01
3.662067925834196214e-02 9.939205632264798418e-02
5.184164084440043979e-02 1.371775117026374780e-01
0.000000000000000000e+00 8.768603993321028023e-01
7.624272358213562972e-02 2.488911939342240698e-01
5.905830899573001613e-02 1.031088485174192770e-01
0.000000000000000000e+00 1.034282663151555592e+00
5.466526501215399070e-02 1.477914459055560681e-01
9.917983048495850051e-02 1.318641958394607683e-01
0.000000000000000000e+00 1.719716606486176025e-01
1.222679192266088594e-01 3.476259350731536468e-01
4.031484588682412995e-02 6.089652295857083120e-01
0.000000000000000000e+00 2.859117031137167197e-01
1.018573956753760085e-01 1.796776106606833845e-01
0.000000000000000000e+00 2.305786162060927957e-01
3.518603342388158806e-02 3.254342904322477525e-01
7.151198844203250637e-02 1.319154109713769063e-01
2.949646642158860188e-01 8.781057844514573718e-01
0.000000000000000000e+00 1.919092305968516654e-01
4.610068830247682214e-02 1.664995645924620404e-01
6.488189684363157572e-02 1.556770310210964792e-01
6.953867079841875853e-02 1.228165374041921831e-01
3.534220496931586575e-02 9.299314325856292140e-02
3.011741563040859840e-02 3.119034301382244134e-01
3.641615592991714195e-02 1.320059406467525509e+00
1.405670853254166741e-01 1.565638245385669314e-01
3.209073302441411285e-02 2.883198990830217467e-01
7.049604205462914330e-02 5.697546982666897852e-01
0.000000000000000000e+00 4.103809520734055249e-01
3.547325611354486263e-02 1.398743669787898547e-01
3.338745225388846660e-01 7.836868137778039145e-01
8.688833455425726271e-02 2.551953501978035943e-01
4.691240941518958624e-02 1.977614790739560535e-01
3.409952820598997902e-02 1.602545730174881888e-01
0.000000000000000000e+00 1.243852196642908220e-01
3.729047954639498619e-02 1.085321042695874816e-01
6.468075685949671583e-02 2.059999534099390683e-01
3.480448729172034433e-02 1.025056193407525851e-01
5.291576738819446513e-02 2.093239269083278786e-01
6.938644571853191945e-02 1.032248439321051120e-01
3.213104875553877277e-02 1.252663687568454920e-01
6.595811902321653541e-02 9.760885530979767077e-01
1.351076802349620298e-01 9.986360509265567176e-01
7.717625608564789019e-02 1.653845230706531555e-01
7.145742538439921188e-02 1.388703155743133133e-01
4.452473417052646432e-02 2.537339909401136739e-01
4.815880339122653730e-02 1.187509727757044831e-01
4.847894646554917752e-02 1.430055019753299073e-01
4.180333407772452575e-02 3.257535211397813990e-01
3.490807559716440495e-02 1.096226046969899504e-01
4.761783529405400756e-02 9.489014252610271372e-02
0.000000000000000000e+00 1.973773928284296708e-01
4.703816389754318650e-02 3.465903549785958049e-01
0.000000000000000000e+00 5.175819590730805775e-01
0.000000000000000000e+00 1.642790474127388545e-01
6.503697731206214971e-02 2.291701980450149279e-01
0.000000000000000000e+00 4.908572731581995474e-01
0.000000000000000000e+00 1.875905370437572772e+00
3.264574109436874788e-02 2.088611290566773915e-01
4.104347322328107811e-02 1.675898573769516453e-01
0.000000000000000000e+00 2.586272855532535941e-01
7.627778797907604214e-02 2.520211986485723088e-01
5.500213298384165617e-02 3.422745997779481075e-01
4.307307976844107489e-02 1.308043453426775971e+00
7.797011722013617863e-02 2.004921706503342560e-01
3.676483911100751623e-02 2.666471673659966957e-01
0.000000000000000000e+00 2.895367014452641108e-01
7.481432436986371060e-02 3.196199921960783952e-01
6.757359264611141614e-02 1.586653982637363514e-01
3.861153983728923822e-02 1.562053897682254833e-01
0.000000000000000000e+00 1.757657544257065496e-01
2.179462674552888057e-01 3.762672611472034356e-01
3.242057831088114572e-02 2.398690599558454539e-01
6.034009974864327358e-02 1.268456592223149437e-01
1.597730038679208431e-01 3.772506958609900818e-01
0.000000000000000000e+00 6.606327302177195104e-01
3.251260037675359621e-02 2.902278580069944103e-01
9.554750882824351865e-02 2.545231438066237750e-01
3.425006066605023464e-02 1.979480973487309226e-01
9.086223693757770892e-02 3.633573882331264104e-01
3.351612193343246893e-01 4.690806912141678442e-01
0.000000000000000000e+00 5.215411406611873968e-01
3.332730692618784962e-02 1.974973389142661850e-01
3.595042453402887833e-02 1.094446547851770229e-01
3.627706038517198445e-02 3.069248681076812701e-01
4.878869325644009936e-02 1.845934828143454276e-01
3.275916684657258909e-02 1.559550142433183129e-01
0.000000000000000000e+00 1.148787373584511523e-01
5.010578677672809789e-02 1.657451531187944804e-01
3.063198778522160937e-02 3.347199063516587136e-01
3.039880040686291501e-02 2.674992376912129211e-01
0.000000000000000000e+00 2.284304223488280161e-01
5.877660039436408135e-02 1.939427133991157848e-01
9.032799573919783609e-02 8.913332010028756081e-01
4.664536331204604397e-02 2.905100973481920534e-01
3.737342884098545509e-02 1.614947078987387097e-01
1.906189629946972997e-01 2.490633692956578105e-01
0.000000000000000000e+00 2.912806970471903401e-01
0.000000000000000000e+00 1.913502650537193539e-01
0.000000000000000000e+00 2.339886597191200290e-01
3.939640100414750629e-02 1.200413055557538189e-01
4.566966363663536865e-02 1.725975715265398169e-01
3.178616284800853120e-02 2.498096994452015385e-01
3.547842997585628350e-02 1.048600499570804673e-01
8.967271551096162030e-02 2.565168108373106493e-01
2.954261390378547514e-01 8.793699751717724000e-01
3.873548303369085677e-02 1.247758065150023493e-01
4.415055369021628207e-02 4.339047891204165230e-01
6.819081683697834906e-02 1.819986174761794862e-01
7.228145000213249960e-02 3.548679347108285032e-01
1.382380337077106502e-01 2.606430447179226007e-01
6.181832081683621277e-02 2.162705481917947814e-01
5.376808556765133584e-02 2.021689845368283001e-01
0.000000000000000000e+00 1.676040656452567612e-01
0.000000000000000000e+00 8.753258944820967447e-01
0.000000000000000000e+00 2.333342573422851063e-01
3.588198340501786571e-02 1.454695996511036205e-01
5.438581306932255971e-02 1.706348811949445765e-01
4.455640709891737355e-02 3.028537772906888526e-01
0.000000000000000000e+00 5.175819590730805775e-01
9.917983048495850051e-02 1.254065494186771546e-01
4.593480724494369838e-02 1.721092369885208473e-01
3.357099084803467220e-02 1.782184196982725122e-01
6.668758872272219362e-02 3.885348035923415488e-01
5.239350060481286903e-02 1.304745500889798737e-01
7.110602730117879244e-02 3.632523816003723205e-01
4.355276053997739899e-02 1.832591376470890931e-01
6.502318249321437094e-02 1.552394425063635119e-01
0.000000000000000000e+00 1.317062699391439162e-01
3.523056251253209314e-01 1.107869869688937525e+00
3.012506566111742071e-02 3.120862331457509020e-01
4.235626375562061285e-02 2.187528875004566831e-01
4.332867501051330256e-02 3.011580728855720035e-01
4.367978787920284711e-02 1.677651550203322905e-01
1.233664239316894645e-01 3.405631951338580765e-01
0.000000000000000000e+00 6.020916377793328333e-01
5.122004207902193518e-02 5.612944965675148445e-01
3.381886321866649919e-02 4.312206529823209289e-01
3.399480893052134883e-02 1.618743598170841735e-01
4.593480724494369838e-02 1.401832238099715855e-01
3.398347760293017605e-02 8.374686780965541200e-01
9.917983048495850051e-02 1.318641958394607683e-01
0.000000000000000000e+00 1.924296852380408540e-01
4.139279270152643186e-02 1.436751458024797812e-01
4.293762978037813927e-01 1.705977007061177053e+00
3.475542500158718823e-02 9.972386200946681267e-02
3.728112435128158597e-02 1.625748044562699557e-01
5.827727834623797065e-02 9.749555877323769215e-02
5.299184130129809545e-02 2.087927627151335563e-01
0.000000000000000000e+00 2.100691163683236495e-01
0.000000000000000000e+00 5.736102574928978459e-01
3.747301812233245766e-01 3.125692752552983178e-01
6.550028483227478271e-02 2.947468484251817289e-01
6.928212525189371418e-02 7.637594571511246988e-01
6.558240020503111611e-02 1.522202434313914277e-01
5.144855428413366849e-02 1.194034906873709528e-01
3.213104875553877277e-02 2.575222523963573429e-01
4.413333347613173502e-02 1.844453464436237311e-01
0.000000000000000000e+00 4.672199891358007062e-01
3.380682734351361102e-02 4.438980306933642539e-01
6.554753290572022661e-02 2.943003948979466822e-01
9.502274855903039552e-02 2.965472604027512560e-01
8.962604054783104846e-02 3.896567459485184015e-01
3.870509404582515023e-01 8.079495141072654540e-01
3.828661519161645488e-02 1.626798433455630410e-01
7.689757472889309498e-02 8.171271327782559935e-01
4.929925379598611851e-02 1.824639039907765825e-01
6.512104540621659055e-02 2.063288837689261079e-01
3.180904900901750099e-02 2.495821244461793875e-01
5.471836642446679250e-02 1.458442318668216608e-01
4.233891918963950812e-02 3.116938699908120558e-01
5.496849819440235291e-02 1.301032270134377111e-01
5.172704818816809685e-02 7.088497447754217307e-01
7.903489708259854585e-02 2.984847558100511278e-01
4.175757297293276188e-02 2.660598292893841532e-01
1.406902960244369449e-01 7.267159949752329817e-01
5.270657329720468409e-02 3.674025746709836948e-01
1.011763216385470759e-01 1.163319505635901779e-01
0.000000000000000000e+00 5.078479147710672770e-01
4.638872634466078421e-02 2.905867984786155156e-01
5.446301090941126077e-02 3.419040860555145334e-01
0.000000000000000000e+00 2.100691163683236495e-01
0.000000000000000000e+00 4.908572731581995474e-01
3.190724445822175348e-02 2.969024993153830949e-01
4.702586989446773391e-02 2.158740725938497751e-01
4.747096475321842951e-02 2.898044484495463369e-01
3.019881020389237128e-02 3.071615075201327150e-01
3.388684798504038725e-02 1.471825483786284583e-01
9.249402196051335900e-02 3.436857307133109329e-01
0.000000000000000000e+00 2.012922794179416719e-01
3.384868559577360742e-02 4.314107676579115314e-01
4.886811449502961174e-02 2.411531322749702611e-01
2.945426212246503028e-01 1.117786176778029716e+00
3.592244821151436285e-01 1.138170397955380553e+00
3.213104875553877277e-02 2.729347945252840746e-01
4.051126377323412409e-01 5.540854656590984417e-01
4.235977480440823728e-02 2.187619539920364897e-01
1.434380323262084977e-01 2.799948949203186488e-01
2.999791379200264507e-01 1.239112271920756125e+00
1.427792437881480747e-01 3.807645304884721971e-01
0.000000000000000000e+00 1.924296852380408540e-01
3.222026077010004680e-02 2.576418753302104347e-01
1.298602097805988953e-01 3.752367737467798281e-01
6.649562408003024949e-02 1.985844907779896751e-01
9.086223693757770892e-02 3.641848461634458189e-01
3.519693035872072107e-02 2.275619242736291736e-01
3.122531470109662574e-02 3.860153509026676977e-01
7.788713252431024581e-02 4.406339310725617131e-01
0.000000000000000000e+00 5.365065614678943273e-01
0.000000000000000000e+00 5.402723621263222364e-01
5.248585805188154402e-02 8.363699381386071607e-01
1.906189629946972997e-01 2.492594972612251492e-01
7.797011722013617863e-02 2.003602306045963177e-01
5.167008862508828959e-02 1.873177622600311343e-01
1.473139167251896753e-01 2.732482951196869569e-01
3.170000965361653017e-02 1.827649482382758817e-01
3.470622005409301214e-01 1.054161786901687714e+00
3.178983297857310847e-02 2.809374681631162662e-01
4.838818951529232776e-02 1.403043900374448261e-01
4.472504814036058068e-02 1.667877435208157400e-01
4.978275940057194648e-02 1.919467903719168922e-01
3.868577483489328561e-02 1.715064632318656357e-01
3.409102955014291225e-02 4.131437164169082243e-01
2.954261390378547514e-01 8.706371146359400681e-01
6.668758872272216587e-02 3.912004841800285071e-01
1.222679192266088594e-01 3.661430357687470716e-01
3.011741563040859840e-02 3.153850446616028314e-01
9.518965277530315461e-02 2.588532475443153236e-01
4.415055369021628207e-02 4.339444994985103277e-01
3.355401658546910276e-02 1.785002756041834671e-01
3.063198778522160937e-02 3.482305143732378205e-01
0.000000000000000000e+00 7.617842545768980234e-01
5.573138467631474219e-02 2.821795346545278860e-01
3.341831224709664733e-02 2.584703972485683510e-01
1.233664239316894645e-01 3.405631951338580765e-01
9.022441715687001818e-02 7.336569137048364331e-01
3.065595770801223668e-02 4.051282666765610441e-01
5.390523217890373642e-02 2.412554128433991862e-01
4.640981506602434581e-02 3.808754355426908211e-01
4.236744409492066571e-02 2.186487413575731176e-01
7.248404456016584174e-02 3.184257233242533403e-01
4.157636160878289827e-02 1.421083747048868806e-01
1.881008811053223873e-01 2.557331739413010174e-01
3.311407835583164705e-02 1.609312198238252167e-01
3.884905202152615089e-02 2.868667483272341889e-01
5.376808556765133584e-02 2.021507804046012713e-01
4.412494819709904953e-02 1.575002232787783840e-01
8.447036764139975729e-02 3.226658175960562258e-01
6.597747811584041278e-02 2.934371945215071831e-01
4.246995747560711881e-02 4.386479679321340086e-01
3.085145979018713569e-02 1.969502410507295853e-01
5.174543415167490862e-02 1.639634376317618270e-01
1.357108678443873784e-01 4.721954249940429338e-01
5.119970958470906885e-02 2.929183846436419492e-01
0.000000000000000000e+00 6.959651082552709145e-01
4.345770731486056637e-02 2.172856085865301212e-01
9.197506585073524088e-02 3.819518940190616552e-01
3.319324908536944174e-02 2.372474011125546012e-01
1.319099447692753668e-01 1.085313758701761389e+00
1.964067172849408571e-01 2.308881876606965478e-01
4.272812093117164117e-02 1.896279035361761178e-01
4.414063445639614114e-02 2.079848190963541066e-01
1.546978899651028638e-01 4.145113519285225090e-01
4.160615259879321681e-01 7.794326929808594873e-01
0.000000000000000000e+00 5.980320650147272765e-01
4.545037726778445447e-02 1.837343679889067438e-01
9.518965277530315461e-02 2.921130360307994112e-01
1.422077851064046661e-01 2.013090631218710513e-01
1.386838695967257118e-01 4.640719296128489879e-01
5.010578677672809789e-02 1.657451531187944804e-01
1.222679192266088594e-01 3.476259350731536468e-01
4.664265612650064785e-02 2.312383611382580473e-01
8.190484893941217537e-02 8.574008452851188400e-01
3.827643669616016125e-02 1.705959802794669578e-01
5.314080164643950749e-02 3.139071541412258859e-01
3.967428134431373599e-02 2.307304639806190272e-01
4.409118772247595797e-02 4.431355771684606926e-01
5.288144005149914700e-02 2.096306357064125769e-01
3.726951010134758185e-02 1.750974478720455918e-01
4.795283107664384536e-02 7.028364930973562963e-01
3.039383078664137025e-02 2.874266596387857753e-01
6.549167432215156903e-02 2.085526952540994461e-01
3.222448105284502623e-02 2.576587480758022464e-01
3.482738348479463147e-02 3.231748505442413322e-01
6.737689247279360361e-02 2.807283294262865603e-01
3.363326157056759080e-02 4.340714625072238375e-01
2.967103415337215000e-01 8.646558683368045228e-01
3.407223655717773331e-02 6.152749427565795681e-01
0.000000000000000000e+00 2.778888553658974692e-01
3.451727036614393729e-02 5.402724600377016850e-01
1.254546359199891770e-01 3.142374917899827813e-01
4.415055369021628207e-02 3.971517628273624201e-01
4.472504814036058068e-02 1.667877435208157400e-01
8.627892439307899286e-02 2.348973533842154682e-01
5.827773835964723120e-02 2.196039380887727654e-01
5.336091623225898417e-02 2.023964310400265254e-01
4.466560670449545162e-02 4.502108558209940714e-01
5.408513834274130544e-02 2.827081764730588476e-01
7.129677902161497827e-02 3.178512408210738549e-01
3.273154931031658360e-02 2.168284651675298491e-01
7.990527249202805660e-02 2.695781594427940075e-01
4.954276944180155406e-02 2.764206692098569174e-01
3.154639849721562611e-02 2.852631337106111276e-01
6.852651836076165126e-02 5.175439119894508222e-01
3.485636969899152948e-01 6.946456541651492289e-01
2.108400421583366546e-01 4.635484787426890629e-01
3.962808668481147129e-02 2.552417574014968493e-01
1.005502619966024552e-01 2.456436075511377048e-01
4.981583631194837214e-02 2.286188185977797993e-01
3.459038437795693838e-02 4.274729602340398005e-01
4.357500562773464203e-02 4.438302643546908066e-01
8.300683953339021981e-02 2.120098867932455333e-01
3.029178670037111984e-02 4.254250632669209220e-01
5.376808556765134278e-02 2.035737755948882621e-01
1.222679192266088594e-01 3.476259350731536468e-01
5.605173860229506477e-02 1.164800998482818095e-01
6.197938859409980045e-02 2.844146425372623965e-01
4.315964730474132482e-02 1.961798636466717538e-01
4.997351152750534320e-02 1.739128456411326573e-01
3.914641589823533024e-02 1.726972702610607424e-01
1.584649151071804707e-01 3.538485389505595102e-01
3.676483911100751623e-02 2.608157818182893495e-01
9.493979754078918365e-02 3.397438384498667197e-01
3.387835845393440126e-02 3.259589462854493580e-01
1.597730038679208431e-01 4.750029876733373735e-01
3.338581978400029932e-02 2.551278701670106619e-01
1.300118238635337153e-01 2.597843270802900895e-01
3.630450423914690500e-02 2.465619949606009664e-01
3.551255858108234159e-02 2.542109360660286255e-01
1.434427592608805702e-01 3.628543438809546662e-01
3.764802908111708479e-02 1.266880929155645708e-01
4.866913749481914520e-02 2.618017737423935509e-01
1.770382968197519169e-01 5.642049494679896027e-01
8.815091312960801617e-02 3.343616215773413947e-01
2.966079783724165919e-01 8.141326168851623635e-01
3.725537455888908167e-02 2.631959608585928700e-01
3.347259839943243775e-02 4.222031783149917117e-01
4.650231740743029918e-02 1.355668763843814184e-01
3.782653831915068487e-02 5.928625432725023181e-01
3.338581978400030625e-02 2.584478386022864282e-01
3.380682734351362489e-02 4.082054580540815381e-01
3.382005668139338034e-02 2.118937253937182297e-01
3.401744297974648029e-02 3.184609328091621561e-01
1.879858701205971983e-01 2.297257464911425517e-01
6.487617572900443441e-02 2.435306909144547838e-01
5.540050445689358172e-02 1.877327031401705149e-01
5.010578677672807707e-02 2.530386080114737646e-01
1.412492288255627060e-01 2.733599491783685886e-01
4.269040083090267640e-02 2.345885049996898064e-01
1.487312165168122036e-01 3.618956707993321587e-01
1.382380337077106225e-01 2.670618150012402658e-01
9.373274081211992181e-02 2.537677984616576454e-01
5.144855428413365461e-02 2.365839435658182721e-01
3.380682734351360408e-02 4.261733301416727460e-01
8.970721660761964145e-02 7.622802081969487498e-01
4.442389792084339151e-01 1.593094815425174060e+00
5.144855428413365461e-02 2.261119340990071502e-01
4.138608744781575172e-02 2.230552304981536227e-01
3.039383078664135984e-02 2.990113192850906709e-01
5.288144005149914006e-02 2.067974058454105091e-01
4.903270143033252454e-02 1.936724881584653002e-01
3.678681143620048805e-02 2.657928293343441162e-01
4.266269650640436978e-02 2.405412873744606772e-01
3.617016170980456857e-02 1.224964200793180746e-01
3.444951673495001004e-02 2.646226244572931763e-01
4.855549895498154078e-02 2.575242873114234055e-01
4.127386255840092416e-02 1.730686508178206628e-01
3.338581978400029238e-02 2.595743996637831508e-01
6.481667375630732753e-02 2.408332036339026483e-01
3.803425375109230344e-02 2.499155798975348231e-01
5.142472258941195584e-02 2.563587087000229192e-01
3.212616950043500202e-02 2.732311569064546086e-01
3.633983909130632239e-02 2.464315060890970299e-01
4.607277489481557270e-02 2.434288810651964452e-01
3.422032489488367052e-02 4.099411631659850008e-01
8.850696218138973115e-02 2.949783956944370678e-01
4.130353969879916459e-02 6.229303366135482412e-01
5.932311940397153732e-02 3.193755445819620453e-01
5.297245138320563762e-02 2.094360585497558047e-01
3.866328265357337618e-02 1.722834689902524308e-01
6.977257281694058955e-02 2.163001673017543869e-01
4.791808175107221263e-02 1.760654521581121457e-01
4.769269413890930148e-02 2.396446165888373725e-01
3.726951010134758185e-02 1.748735830915937317e-01
3.928063584094972777e-02 3.654068386332088303e-01
3.950699484233451825e-02 2.296657919959585181e-01
5.755274667503118557e-02 3.011431304874678250e-01
3.998811152431868549e-02 2.639221106171767972e-01
5.200172432013647206e-02 3.306295432378504873e-01
4.026150998959419913e-02 4.367410637233954951e-01
4.543355353096449611e-02 6.998926192002781210e-01
4.972709360045236143e-02 1.567927858104754824e-01
4.435828906078068817e-02 4.280469710630908642e-01
6.673505136974912377e-02 1.784560792393567741e-01
1.706701838430869644e-01 4.679505580653738894e-01
3.148444545476834083e-02 2.865607796485732384e-01
3.466833699320880785e-02 5.510746600552812735e-01
3.902491929434175055e-02 6.026191239389593335e-01
4.580968661025040106e-02 2.350662246157594337e-01
6.358917154646230585e-02 1.805627679222416015e-01
5.188089239872673702e-02 2.582799020746140983e-01
3.276098499956466015e-02 1.785439527945673899e-01
5.039023092436763912e-02 2.505897180175725714e-01
5.148033055846865103e-02 2.114677450003324688e-01
4.904227570616761372e-02 2.556395652585914391e-01
1.436580777723629743e-01 2.018650955037981365e-01
5.060762653457779453e-02 1.635632455902758520e-01
4.768430501042742603e-02 2.073641444525688438e-01
3.413339645302209541e-02 2.220948387992014161e-01
3.338581978400029238e-02 2.551372660265160408e-01
3.853211643304954581e-02 1.793898413050412921e-01
3.522697461961942639e-02 2.076230772811410163e-01
3.566538305619206678e-02 1.663289353191478026e-01
3.240958456262166970e-02 2.538048128451447782e-01
8.300683953339017818e-02 2.122485629862865542e-01
4.702586989446771309e-02 2.108480118411848736e-01
3.057490557852255222e-02 4.144753741694455207e-01
5.074935337663118856e-02 1.828987469077718586e-01
3.936221599088534501e-02 2.535436225965158052e-01
4.300722609944558628e-02 1.902478998664842713e-01
5.815661435025907405e-02 4.705594360608886806e-01
5.841374942136991211e-02 2.050373887935425243e-01
3.122531470109662574e-02 3.860153509026676977e-01
4.707730702020740399e-02 1.330307322245217194e-01
4.064044439573463036e-02 2.894533614420984891e-01
3.461423474793969696e-02 5.025155522036561795e-01
4.981695090682317778e-02 5.485978007116291133e-01
5.017452154641990208e-02 1.674079952637790858e-01
3.357620104796302934e-02 4.732744749867714984e-01
3.350146106766789533e-02 2.727101406642671311e-01
3.339487341940167164e-02 4.220549366539126934e-01
5.641675122801036862e-02 1.607301719200579793e-01
1.720480739892198685e-01 3.368538344282819841e-01
5.141896480697900201e-02 1.371892666260607907e-01
3.310814038706472173e-02 2.371394755067773585e-01
4.192031541323706922e-02 1.576144673915182981e-01
3.039383078664137025e-02 3.551140801651661016e-01
5.142832526465571097e-02 1.699827000688821088e-01
1.072118590460915122e-01 2.737071399431579288e-01
3.984051458067189994e-02 1.893007464867192124e-01
5.644010711117992962e-02 2.664833390465299323e-01
6.677773442436797657e-02 1.873580042508660171e-01
5.144379499172022779e-02 2.550641782822954950e-01
4.414063445639614114e-02 2.079848190963541066e-01
4.233891918963950812e-02 3.116938699908120558e-01
3.425781976110916366e-02 3.632938640516846784e-01
4.269040083090266946e-02 1.982435695815234489e-01
3.814062028686621836e-02 2.269452675369644512e-01
3.958684503780585118e-02 2.567104382189475120e-01
3.338581978400029932e-02 2.033364815096126987e-01
5.573138467631476300e-02 3.425657728587908624e-01
3.153952367206962898e-02 2.852320477754210493e-01
3.459532273121623119e-02 4.275034782052232751e-01
3.502671304129770929e-02 2.259431421655414551e-01
5.536116460257761024e-02 2.676821761573262570e-01
3.560702234042528724e-02 1.728588411928541624e-01
3.957669187545503203e-02 6.097573853885188688e-01
4.796011965890178280e-02 2.079898294580379559e-01
3.352577399867674723e-02 1.991678276856689855e-01
3.276098499956466015e-02 1.773173394115485912e-01
4.707730702020740399e-02 1.267150768806384886e-01
3.283213207842048537e-02 1.787008216116766912e-01
3.387835845393440126e-02 3.248812037993544788e-01
3.415236043115314063e-02 1.810493314160549483e-01
3.318932040087298890e-02 4.090792389269043428e-01
9.362214478177963151e-02 2.497826833380358547e-01
3.742957373829635531e-02 1.290230012327932829e-01
5.050165248645818034e-02 1.635395817317575884e-01
3.325653714480789752e-02 2.613182674086115265e-01
4.799124743157557466e-02 1.736423630685935693e-01
4.707730702020740399e-02 1.330307322245217194e-01
3.148444545476834083e-02 2.875112902553031979e-01
5.411665052961493749e-02 3.618146070011313831e-01
1.080412724933235286e-01 3.233608071158429187e-01
4.472504814036058068e-02 1.500591100332116234e-01
3.727581256649634134e-02 1.748883686616806987e-01
3.347394506408157833e-02 1.423376029415825417e-01
3.873107737977765641e-02 1.535479044190190268e-01
3.485187935965716743e-02 1.233028661284507610e-01
4.444985170112624590e-02 4.342306035463548430e-01
3.713285299263897887e-02 4.043336361075055563e-01
4.171395990827160560e-02 4.042007087365510065e-01
3.512419389985019930e-02 1.807440590588047513e-01
3.239113933097154119e-02 3.175854485906275393e-01
3.050178691461918196e-02 2.861007673253576078e-01
5.171633944956723766e-02 1.662313494481561238e-01
5.034801558605715016e-02 4.832603066616748544e-01
3.470805889088039720e-02 2.002690047450250421e-01
7.619714997476501050e-02 1.918523129806850303e-01
3.775527650560608905e-02 1.273504919787529777e-01
3.782178608077273185e-02 2.337953649770063425e-01
5.040482248084055678e-02 1.643598822604664111e-01
3.341823240800197159e-02 2.551500845015997054e-01
3.122531470109662574e-02 3.860153509026676977e-01
3.160272392759267551e-02 2.983997487531372950e-01
3.200341732709736930e-02 2.534085915710689862e-01
4.216921489912360543e-02 1.343759137100799805e-01
4.799577648228445237e-02 2.125699693682410463e-01
3.426227680252597746e-02 4.211834660119375129e-01
6.252238697080265972e-02 1.800224802578033190e-01
3.803082719079072666e-02 1.530250298910285633e-01
3.926795489684056784e-02 1.499884997673012754e-01
3.413339645302210235e-02 2.193382458679162539e-01
3.633983909130632239e-02 2.454069734389045243e-01
3.137028299957306948e-02 2.436573055829546475e-01
3.469598379302673424e-02 4.281272994534993659e-01
4.207944820056908064e-02 1.824949022845337165e-01
4.706907646243104620e-02 1.776334552673657086e-01
4.088837718406464899e-02 2.939532311082311278e-01
3.444951673495001004e-02 2.646226244572931763e-01
3.356642263463753550e-02 2.556886884802390680e-01
3.717889628358438114e-02 3.159082621776859168e-01
4.746130342566428489e-02 1.359448754099101542e-01
3.317210424829174914e-02 2.511556435897350226e-01
3.575033270442683903e-02 1.725791809458641912e-01
3.684044340014946267e-02 1.672033806831301761e-01
5.055038542352948555e-02 1.633976767492352489e-01
3.891069013017382089e-02 1.736592062951758941e-01
4.123923827983637380e-02 1.789532573084951783e-01
4.913986731034963168e-02 1.938842907411301164e-01
6.358917154646233361e-02 1.801656132564572188e-01
3.222448105284504011e-02 2.581762453654670719e-01
4.117457123328716745e-02 2.297550614450999118e-01
3.870943182954938305e-02 1.862338411710492414e-01
3.692709645900940640e-02 2.642886256655035959e-01
3.944287596387496125e-02 1.917190986450121593e-01
3.322183615954112795e-02 1.989818574613266833e-01
4.359666884042348589e-02 1.823422217070588547e-01
3.522697461961943333e-02 2.068056314283310548e-01
3.413339645302210235e-02 2.228385809202871604e-01
3.522697461961941945e-02 1.412833654526974014e-01
4.000239766722023943e-02 3.383294995346886602e-01
4.805296663948234459e-02 1.537591541773980497e-01
3.566133585261656302e-02 1.998461903095668235e-01
3.349054314649575065e-02 4.246292397370801663e-01
3.330174812313756172e-02 2.634732320133640338e-01
4.138633629274890424e-02 1.726593954720751500e-01
3.996374850342258866e-02 1.337458277404126039e-01
4.235698494728014352e-02 1.885949321433315062e-01
3.868810224025413802e-02 1.547766743444067838e-01
3.967428134431373599e-02 2.455949706882551431e-01
4.472504814036058068e-02 1.667877435208157400e-01
3.559902762283550376e-02 1.689684129023381887e-01
3.984766308226805887e-02 1.892043068127122474e-01
3.351071817648907519e-02 2.254557821092573466e-01
3.954325388105952438e-02 4.111095716896135399e-01
3.502671304129770929e-02 2.259431421655414551e-01
3.065595770801223668e-02 4.127131774047108070e-01
4.790682933691109424e-02 1.760447766502086786e-01
3.936507206194085617e-02 2.535528223689620386e-01
3.566538305619206678e-02 1.663289353191478026e-01
3.338581978400029932e-02 2.551278701670106619e-01
3.370643701545603110e-02 2.644121240244843296e-01
3.303230254355546403e-02 3.097876112572877649e-01
3.034272612928091972e-02 2.939308241707244140e-01
3.555694590913117265e-02 1.735659051458797730e-01
3.325653714480789752e-02 2.613182674086115265e-01
3.193330046814229356e-02 2.896058995863668994e-01
3.738754357059261707e-02 1.245046393200526375e-01
3.879544180667673925e-02 1.878557558903792835e-01
5.811537064919275464e-02 1.599595749570256187e-01
1.018898673704084351e-01 2.106418733749565453e-01
3.375923563070747785e-02 1.690990719335488113e-01
3.416868456706202012e-02 2.409078806481065316e-01
4.707730702020740399e-02 1.265098165040832445e-01
3.477329285360598182e-02 1.239674449736775791e-01
4.215257593647231404e-02 1.343717116556641389e-01
3.342835355915833861e-02 2.471624376377874188e-01
3.127493399663203166e-02 3.953639536252742670e-01
3.321016389961371773e-02 2.355574327547652613e-01
3.714784645600779228e-02 3.564041986489243641e-01
3.498971820020786022e-02 1.683937845900010943e-01
4.525467881304283402e-02 1.406706166272137237e-01
8.421619251226671043e-02 2.729617567774442199e-01
3.196672243864074475e-02 2.728697605032909812e-01
3.136218553640171547e-02 3.019642405806813867e-01
3.681284799787472306e-02 1.634993715797015690e-01
4.610904816483320234e-02 1.692504873997936476e-01
3.220123667751471908e-02 2.246834407675248058e-01
3.563444230600490426e-02 1.914783551079030366e-01
3.277317815245331389e-02 4.222432900453704785e-01
4.853648761021091274e-02 1.348187953742817358e-01
3.996374850342258866e-02 1.337458277404126039e-01
3.122531470109662574e-02 3.860153509026676977e-01
3.867402758262741824e-02 1.547484681187631106e-01
3.056348373396085630e-02 4.375219332053972288e-01
3.943651435334555311e-02 1.694225406167774450e-01
3.605147626816506551e-02 1.683352472983513093e-01
3.852366659737781196e-02 1.663616910437365204e-01
3.390266055060485451e-02 2.568211773019213884e-01
4.514660532336205179e-02 1.724540087864282478e-01
3.341103480858638453e-02 1.987060107548517529e-01
3.039383078664137025e-02 2.860848117479943831e-01
3.178983297857311541e-02 3.485493956429402962e-01
3.388283539758043389e-02 1.290500030264444820e-01
4.087270760475801568e-02 1.808588605931929494e-01
3.330174812313756172e-02 1.837710875688804979e-01
3.396032606409759430e-02 4.396678104063159176e-01
3.153952367206962898e-02 2.852320477754210493e-01
3.102116833470866877e-02 4.066984847134536563e-01
3.338581978400029238e-02 2.051828168129813112e-01
3.310814038706472867e-02 2.659012480552933044e-01
3.877113383298930183e-02 1.684406228035312814e-01
3.560702234042528724e-02 1.729325164931426184e-01
3.349818983079312640e-02 2.688808877086832361e-01
3.310170763394987281e-02 2.632587334902516951e-01
3.824682092524524235e-02 1.705299541511841321e-01
3.207509903737530699e-02 2.536922288664930081e-01
4.556112317443461457e-02 1.655491324171077527e-01
3.803082719079071278e-02 1.616268119755447097e-01
3.185997979155295173e-02 2.565250868482598645e-01
3.529299340466967444e-02 1.797340334034135123e-01
3.045013235453904871e-02 2.853444848937365941e-01
3.725462860246062102e-02 1.265472262076071108e-01
3.573616558788045294e-02 1.343364825471569379e-01
4.337603544192103477e-02 1.419854725305569887e-01
3.371934145376956349e-02 1.668185049227968453e-01
3.885003557572204447e-02 1.685616523305019376e-01
3.349564586352520024e-02 2.256921965113886375e-01
3.364443210282238444e-02 2.172165785933010684e-01
4.571328250233277352e-02 2.689001081748843003e-01
8.774622993605905863e-02 1.406188256708282847e-01
3.135313925491898385e-02 2.620694619928971014e-01
3.283661322314100628e-02 1.689382606012909127e-01
3.310814038706472173e-02 2.371394755067773585e-01
4.103668104249794807e-02 2.665261851978806273e-01
3.227180258875506774e-02 2.495583819852459639e-01
4.135578277096185057e-02 1.726705521343490923e-01
3.122231564688962915e-02 2.638446895249829671e-01
3.278343343124177217e-02 3.673749379563208683e-01
4.709269881362079108e-02 1.297282215510248971e-01
4.707428085029748133e-02 1.333593639774802164e-01
3.534509757173601857e-02 1.761481747697508371e-01
3.039383078664137025e-02 3.551140801651661016e-01
3.267765659520788929e-02 1.872576087676418588e-01
3.152889198571034307e-02 4.770630626646170658e-01
3.392921398037462150e-02 1.723564434886587782e-01
4.598915439616787365e-02 1.313512619318434604e-01
4.536075689993872284e-02 1.626599777808985514e-01
3.036608966055678524e-02 3.549587890978720406e-01
5.143737600108407027e-02 1.372138266439397458e-01
3.219922683283948928e-02 2.934401396348327862e-01
3.260317910653012796e-02 2.627981811628727904e-01
4.735130725150644981e-02 1.306097755636578539e-01
3.563153484295730061e-02 4.346813444762741008e-01
3.057490557852255222e-02 3.999546802502056964e-01
4.649074726780631078e-02 1.173910088654094991e-01
3.271877665993289108e-02 2.651722196526867248e-01
3.260549099326464501e-02 2.355838779068769318e-01
3.433942030688495045e-02 4.081034270190878610e-01
3.875752636705791926e-02 1.726135285883663717e-01
3.212009110165928161e-02 2.732053073764817985e-01
3.453372948650156732e-02 1.485776648611067952e-01
3.764333613324016836e-02 2.131906369217975994e-01
5.683883166879363097e-02 1.588413498401669566e-01
1.128705895742991572e-01 2.852931393466500154e-01
3.179144862002741129e-02 3.487291885293752336e-01
3.039383078664137372e-02 3.846476994140782257e-01
3.350205174949313913e-02 1.759971516387619228e-01
3.536821564039480115e-02 1.738978736945267500e-01
3.761274163386559705e-02 1.494068429453856706e-01
3.039383078664137025e-02 3.551140801651661016e-01
3.117271408985938450e-02 2.744071041272378997e-01
3.501773674122638652e-02 1.794271297549503985e-01
3.766353640418209497e-02 1.869847560422553123e-01
4.135332909365481424e-02 1.742793946649985048e-01
3.317907983972933489e-02 2.007662236543562850e-01
3.070908751826847971e-02 2.757844461413858084e-01
3.860162487090111616e-02 1.214636152226022253e-01
4.584860818374928565e-02 1.320019542311073046e-01
3.478197113702129195e-02 1.478216550971562238e-01
3.195945222695237981e-02 2.514073491380205971e-01
3.400166350631695505e-02 1.430579130841945767e-01
4.598915439616787365e-02 1.556104585626768566e-01
3.349004292966153290e-02 1.575737481374191173e-01
5.360112172687809401e-02 1.608771597448934165e-01
3.347394506408157833e-02 1.423376029415825417e-01
3.148444545476834083e-02 2.875112902553031979e-01
3.324342769650972390e-02 1.600055422977427200e-01
4.499844496150312567e-02 1.379218460917016331e-01
3.216152139747368438e-02 2.720643869201647136e-01
3.220725001564050255e-02 2.346438306000343532e-01
4.598915439616786671e-02 1.313640315485284371e-01
3.485187935965717437e-02 1.232915326214673452e-01
3.323776158072413306e-02 2.093747306445787049e-01
3.550364498756995030e-02 1.392051766503336896e-01
3.996972203048258093e-02 1.977459035572599610e-01
6.423079756429178611e-02 2.186169371199442879e-01
3.190724445822175348e-02 2.969024993153830949e-01
3.204023316001133881e-02 2.597333510833774173e-01
3.343981193917273942e-02 1.442335705288288750e-01
3.492098535567430412e-02 1.513378211838360132e-01
3.348886775760984147e-02 1.423278838706222016e-01
5.224994120441934370e-02 1.296830401959365719e-01
3.973137157625474675e-02 1.280386981955358994e-01
3.288209453996847331e-02 1.767193261896283230e-01
3.074353715309980847e-02 2.903772796489565988e-01
3.148444545476834083e-02 2.865607796485732384e-01
3.486880671471130622e-02 1.233372193597045696e-01
4.043040563197567577e-02 2.640245899716074374e-01
3.975871225519604646e-02 1.250502141052763916e-01
4.457133242204728424e-02 1.310259566056566627e-01
3.036608966055679565e-02 3.701561348319032940e-01
3.050178691461917849e-02 3.319718561287349212e-01
3.376493434324617099e-02 1.723788068141722807e-01
3.387697316457317226e-02 1.405748257629184650e-01
3.276098499956466709e-02 1.783198349959894402e-01
3.036785128132668543e-02 2.827757469717988581e-01
3.466052054197236304e-02 1.463919861724416460e-01
3.130121446027486765e-02 1.996530802616681977e-01
3.579815738720706908e-02 1.240486292178774874e-01
3.384694423107527383e-02 2.606087311538125562e-01
3.305994357947548978e-02 1.649598157486138472e-01
3.344061978486154857e-02 1.794258973286910197e-01
1.594147508095995203e-01 3.748607227068025960e-01
5.381295741696368040e-02 1.416631572590416888e-01
3.499063690902199514e-02 1.813622123378369477e-01
3.061946372685272338e-02 2.001653187224931296e-01
3.143619386157295997e-02 2.434193106742361112e-01
3.736206969577451215e-02 1.467893487107269357e-01
3.414069382014513904e-02 1.615702656405929583e-01
3.193760634011871824e-02 3.133344015411870243e-01
3.764941003239478945e-02 1.663868782138919755e-01
3.039383078664135984e-02 2.990113192850906709e-01
3.538510448589628210e-02 2.098461061538003103e-01
3.162699226666325358e-02 2.811421706447886359e-01
3.477329285360598182e-02 1.239674449736775791e-01
3.151854716363529374e-02 2.867159319232109871e-01
3.573616558788045294e-02 1.342211931375530132e-01
3.360696342464402492e-02 1.718116850556011266e-01
3.665343751257802568e-02 1.667783513146146590e-01
3.486635446538943056e-02 1.731277868230917671e-01
3.103796111942888278e-02 4.344141632902430161e-01
3.946739005836885639e-02 1.332009714799755884e-01
3.415236043115314063e-02 1.810493314160549483e-01
3.926795489684056784e-02 1.499884997673012754e-01
3.509108361513417484e-02 1.616234335535887690e-01
3.553199103057054498e-02 3.002529738661292580e-01
3.041451050425910199e-02 2.910494672573780695e-01
3.143631202758181975e-02 3.085503233715695126e-01
3.430638903764329090e-02 1.688188336491049935e-01
3.475386453081009269e-02 3.438052131141154377e-01
3.238932070393676921e-02 1.685881938525367607e-01
3.102936356431623688e-02 3.856740223335239359e-01
3.472609824145690000e-02 1.940090038238777015e-01
3.791853843356575438e-02 1.770187546298402081e-01
3.403893802340617752e-02 3.002397790685173984e-01
3.848503798570234585e-02 2.089906755277247119e-01
3.113646921339089171e-02 2.177340903785188464e-01
3.077614271371600582e-02 3.236099708109018702e-01
3.487827859129899455e-02 1.241629846727691916e-01
3.605042175264158710e-02 1.814967371232929505e-01
3.129383416876912322e-02 2.837383575433878868e-01
3.033896841974521516e-02 2.934379873877111522e-01
3.148444545476834777e-02 2.410801792045170477e-01
4.972265766253400332e-02 1.503027523042172464e-01
3.401361229398234404e-02 2.251561196235253026e-01
3.046316843708758021e-02 2.877809070015039383e-01
3.136218553640170159e-02 2.831453788274662098e-01
3.220725001564050949e-02 2.500586418200878014e-01
3.378460166428828848e-02 1.720697915511193443e-01
3.262324445532738953e-02 2.125924029918633551e-01
3.478197113702129195e-02 1.477785242908627727e-01
3.371934435101041350e-02 1.756356641994979984e-01
3.039383078664136678e-02 3.321707240905970582e-01
3.153952367206962204e-02 3.002286150056350245e-01
3.306627386808579094e-02 1.649038139792156910e-01
3.477457356681910861e-02 1.239837428255742696e-01
3.055730221048623060e-02 3.457470773346398851e-01
3.893553244823550613e-02 2.726308937160075163e-01
4.625868771967512477e-02 1.690459493282879533e-01
6.424087209504936169e-02 2.142575062919871154e-01
3.477329285360598182e-02 1.239674449736775791e-01
3.137028299957306948e-02 2.234010338105202054e-01
3.076558036887383496e-02 2.465806636389549500e-01
3.035134560027493225e-02 3.228057533709897675e-01
3.268998387942850109e-02 2.172501290826057141e-01
3.535482287934081647e-02 2.993461214864437392e-01
3.305994357947548978e-02 1.585964353900986834e-01
3.381997632805443937e-02 1.604694713648444626e-01
4.075419081203296434e-02 2.750179942039796543e-01
5.817591914768637656e-02 2.139072148980295796e-01
3.439251893023877182e-02 2.189613267906099503e-01
3.152493847904271063e-02 2.867168260080841247e-01
3.148588586094504954e-02 2.447822880720015581e-01
3.039237760080765877e-02 3.551055901289683625e-01
3.174090855068560646e-02 2.764453833426603890e-01
3.185534284251374110e-02 2.749656027212908915e-01
3.038459379887235509e-02 3.550591907680162307e-01
3.037067597801799967e-02 3.845379579603214193e-01
3.147325662423566123e-02 2.711565328862324264e-01
3.168742073729779313e-02 3.008723657567592413e-01
3.089150079592412751e-02 3.571116538013875408e-01
3.039383078664137025e-02 3.551140801651661016e-01
3.185997979155295173e-02 2.565250868482598645e-01
3.200341732709737624e-02 2.479549322712689130e-01
3.370220435332502845e-02 1.359413915654201221e-01
3.550621158826925555e-02 1.493362307168113468e-01
3.331735326343927134e-02 1.659009447520415070e-01
3.148444545476834083e-02 2.648725364668236826e-01
3.467460127027012506e-02 1.314888667554134360e-01
3.028091372065413664e-02 4.253564643986874616e-01
3.374628005383014523e-02 1.421737519523826598e-01
3.043074441431027968e-02 2.854645083105319392e-01
3.388925667237071421e-02 1.244021525139159534e-01
3.540715113859173313e-02 1.597080061708360810e-01
3.032431993374930940e-02 3.850043117455995700e-01
3.444530359276732484e-02 1.730364875128289903e-01
3.028791144043102915e-02 3.401573760966933313e-01
3.500266035574149670e-02 1.457382579881526530e-01
3.539886652132047395e-02 1.252070995730679148e-01
3.127863099640937339e-02 2.836694174274730362e-01
3.391917101835546788e-02 2.770204713175312139e-01
4.607492985887602643e-02 2.910994040973162722e-01
3.725123943993616238e-02 1.364809698610907063e-01
3.039383078664137025e-02 2.860848117479943831e-01
3.057618373398931708e-02 3.272611763027609699e-01
4.663737973114945312e-02 3.193106758881248952e-01
3.123161992523562983e-02 2.639046697124929342e-01
3.153838751609103208e-02 2.867119294609557500e-01
3.039383078664137025e-02 3.551140801651661016e-01
3.152205261608876513e-02 2.970966585423082118e-01
3.374624653301971922e-02 1.661244058185310790e-01
3.325537169340016946e-02 3.125730550830701504e-01
3.276098499956467403e-02 1.677929331650132028e-01
3.227180258875506774e-02 2.495583819852459639e-01
3.379489800509451192e-02 1.441563272295054987e-01
3.501948125350495822e-02 1.907912192063346279e-01
3.038005308342635671e-02 2.543679540038658593e-01
3.599851548745025553e-02 1.322135044592545328e-01
3.039096848737125184e-02 3.166162036177966876e-01
3.036570500198742042e-02 3.170784377331804516e-01
3.597817396645751342e-02 1.677604676564307395e-01
3.263324152390020827e-02 2.097446579826088009e-01
3.340190732934100737e-02 2.846245689433047343e-01
3.621679043315621099e-02 1.531932056149474808e-01
3.378754330398859446e-02 1.288922969644079597e-01
3.341893066312438820e-02 1.788318553943263611e-01
3.153065998574668821e-02 1.653562184833571314e-01
3.051174878860604331e-02 2.995908581204650978e-01
3.037604513044647042e-02 2.934987433538917556e-01
3.329280428744457732e-02 1.529540825601557186e-01
3.116106613522878419e-02 2.922153118960314488e-01
3.233574566771747760e-02 2.562102819720134539e-01
3.348886775760984147e-02 1.423278838706222016e-01
3.129383416876912322e-02 2.837383575433878868e-01
3.275946144937749716e-02 1.870496236028944548e-01
3.517241804100849217e-02 1.654786338578755622e-01
3.056348373396085283e-02 4.315969500836096540e-01
3.040888547311234799e-02 2.869361053117334137e-01
3.232149389482287527e-02 2.017977798354386731e-01
3.546328198146668498e-02 1.231484027595008690e-01
3.440141485068953092e-02 2.709826035631492935e-01
5.146350317613674480e-02 1.271541450069659518e-01
4.693481056880112467e-02 1.289485334176406484e-01
3.506608467944182655e-02 1.820617793925553562e-01
3.034287997781649066e-02 2.861784870785760160e-01
3.390088173877679745e-02 1.395110640675345515e-01
3.276098499956465321e-02 1.678019196847343741e-01
3.122231564688962221e-02 2.638300780323037387e-01
6.968632983382123947e-02 3.107665129283345151e-01
4.290746346206094491e-02 2.271393433365784531e-01
3.045885451496073426e-02 2.772750010070199056e-01
3.038054138472174801e-02 2.543953614531725971e-01
3.553719867341220001e-02 1.387929276668227185e-01
3.507095681188539260e-02 2.515976162755181877e-01
3.480099618579993864e-02 1.641196285826283241e-01
3.036785128132668543e-02 2.756709909201943698e-01
3.132682797661076601e-02 3.597500288400944934e-01
3.542434592254631309e-02 1.711678200653939386e-01
3.584544432037876927e-02 1.232004039480514290e-01
3.683829102275595208e-02 2.061551501015778942e-01
3.061946372685272338e-02 2.049304139042278372e-01
3.510748245738760931e-02 2.031380982656908196e-01
3.885442958195937241e-02 3.280471980254555664e-01
3.142539963096395439e-02 1.978908013110299569e-01
3.120800050389911998e-02 2.645515236754834576e-01
3.222237212810806495e-02 2.341103305016291602e-01
3.207010860844961009e-02 2.437234845543654327e-01
3.141961115015843437e-02 2.377990868045820883e-01
3.027410834549527918e-02 3.091943711433953745e-01
3.288851182148139901e-02 2.990949332727915189e-01
3.350383346338594442e-02 1.714848904557959575e-01
3.519552284154352229e-02 1.604210248710969400e-01
3.034080144239762258e-02 2.297526476915473237e-01
3.435904720579154720e-02 1.559914668741813060e-01
3.259254506554115638e-02 2.875331987216578344e-01
3.128386918131299821e-02 2.748959470380601955e-01
3.298276939090263177e-02 1.591401728894738798e-01
3.403189949534961289e-02 1.431868954064723087e-01
3.347329691432090332e-02 1.451519935569791087e-01
3.528735403146098654e-02 1.330042852850622237e-01
3.039558727878722416e-02 2.877544767067900522e-01
3.105272710035869924e-02 3.037064925941878046e-01
3.349990994228308622e-02 3.221795013438666366e-01
3.033967954324670591e-02 2.959560932980097592e-01
3.859803801231075082e-02 1.272415030949226589e-01
3.034477978090892661e-02 2.744120381145336851e-01
3.824158862260346875e-02 2.673060621318928409e-01
3.505669155019587591e-02 2.758900963275434659e-01
3.256388422130564869e-02 1.696389402183718642e-01
3.051542572376137949e-02 3.181983588970661025e-01
3.274720059096662694e-02 1.677528336547055299e-01
3.316043517921614392e-02 1.782817737137843694e-01
3.104985804954672399e-02 2.194840977026448203e-01
3.376260914177645761e-02 1.548800157462615068e-01
3.049803657977816912e-02 2.661512860401288316e-01
3.039383078664137025e-02 2.995820122623092385e-01
3.276098499956466709e-02 1.768700593343104643e-01
3.126965370168264396e-02 2.697584849305880716e-01
3.326166023077151840e-02 1.555550147516919779e-01
3.376641071280191836e-02 2.465387528051047883e-01
3.268192357507795909e-02 1.202291608260034478e-01
4.149874471823140204e-02 1.716108020912184007e-01
3.037045009018809333e-02 2.684802584431694727e-01
3.448318970666409272e-02 1.211488905668364480e-01
3.032799448433187717e-02 2.870632862495507975e-01
3.052618024689021312e-02 2.867842976045104630e-01
3.568652461954206073e-02 1.181364143117633742e-01
3.931186918759078247e-02 1.192990816046538838e-01
3.061946372685272338e-02 1.962332585921734152e-01
3.050178691461917849e-02 2.812242821592231823e-01
3.259472593518785571e-02 1.582189654483203978e-01
3.440641500390190233e-02 1.967429659617161986e-01
3.351881814917282570e-02 1.420800833755617165e-01
3.036377747350841455e-02 2.912853216890140540e-01
8.703377113998227166e-02 2.691673379908275932e-01
5.238092364180198246e-02 1.729970990774939710e-01
3.572720161027696795e-02 1.414567678412754770e-01
3.331786381941931330e-02 1.622282320305391823e-01
3.061557086050294141e-02 2.011763136187539325e-01
3.897777098556340358e-02 1.756872716465801010e-01
3.038557648321839680e-02 2.612730733259722715e-01
3.038005308342635671e-02 2.543679540038658593e-01
3.276098499956466709e-02 1.676866054434424658e-01
3.122231564688962568e-02 2.640179536015143658e-01
3.044001733161779202e-02 3.584006086190515417e-01
3.034222322712846337e-02 2.812483292460694617e-01
3.484477624056295242e-02 3.041495956995636241e-01
4.937184350306862701e-02 1.539798237738521369e-01
3.612769166276062066e-02 1.382937871927860940e-01
3.077253238345410702e-02 1.982753812196064447e-01
3.044892818006214585e-02 3.519570911114905387e-01
3.350136795368957587e-02 1.800784015703541241e-01
3.336017202608401733e-02 1.523459447986511284e-01
3.032431993374930246e-02 3.836541690983250041e-01
3.305988621520988130e-02 1.345581542579503687e-01
3.347383874231450035e-02 1.743260133142222335e-01
6.360267888011784942e-02 3.117037959482117371e-01
3.137028299957306948e-02 2.436573055829546475e-01
3.223348319135835999e-02 1.681419733612767309e-01
3.773536836617980700e-02 2.939687809890820236e-01
4.211229279327997205e-02 2.640123110696662723e-01
5.106375261368267804e-02 1.501561434439301346e-01
3.472989550145139798e-02 1.465981325701057048e-01
3.474362881512050444e-02 1.237649174462871898e-01
3.455907512400356596e-02 1.387197965640246944e-01
3.242726933953776758e-02 2.147965956073826510e-01
3.289028705572573374e-02 1.759825147942009060e-01
3.276337363624522853e-02 1.683053097473894422e-01
3.238932070393676227e-02 1.508688757442822048e-01
3.378754330398860140e-02 1.435034093338176109e-01
3.029178670037111984e-02 4.405139644520036368e-01
3.525400359460945099e-02 1.229714129306087173e-01
3.306514343718390536e-02 1.494050799886872116e-01
3.275757211500811283e-02 1.768552072483567383e-01
3.376548913886236181e-02 1.545421534517915085e-01
3.034222322712846337e-02 2.812483292460694617e-01
3.062252148702177337e-02 2.049195425117394109e-01
3.077869686138346231e-02 1.982865295231364955e-01
3.268192357507795909e-02 1.221915364127211662e-01
3.064651423606368566e-02 2.940601968073438544e-01
3.274720059096662694e-02 1.677528336547055299e-01
3.062941417917897438e-02 3.114157321923830546e-01
3.138847762712724393e-02 1.795008819443206505e-01
3.345447973839883044e-02 1.603695088035039518e-01
3.447437095117399097e-02 1.211333976437001525e-01
3.027715685357975153e-02 2.949461619822035807e-01
3.469853341866621643e-02 1.270345486330582974e-01
3.271780709272027743e-02 1.700787999421434771e-01
3.076163561681607289e-02 2.473532816922436595e-01
3.896447778977294579e-02 1.295742931131997067e-01
3.041378479432377963e-02 2.912720717750630905e-01
3.141961115015842743e-02 2.372608512104976142e-01
3.029178670037112678e-02 2.589422933462123266e-01
3.089828990361380076e-02 4.166818260012558062e-01
3.364153833725356396e-02 1.269080267043202759e-01
3.319064270526578958e-02 1.689618906710742274e-01
4.049590438011576449e-02 2.264705980780270522e-01
3.558900208752200506e-02 3.192323052706256270e-01
3.074450087576420521e-02 2.276922462278818671e-01
3.343662429130829505e-02 1.599001675954360990e-01
3.036780927758418042e-02 2.582997391353752392e-01
4.015803054938933692e-02 3.341748091412433119e-01
3.238932070393676921e-02 1.691653574519105530e-01
3.584544432037876927e-02 1.237936131107574139e-01
6.281135737056293966e-02 1.898035976820488802e-01
4.276843754234417594e-02 2.300894537788483463e-01
4.523243876615327258e-02 2.576691876774747092e-01
4.039947646071274934e-02 1.662534060368416056e-01
3.415596718690062233e-02 2.626756846258947453e-01
3.035967596777891520e-02 2.275600710780533720e-01
3.065654483553385476e-02 2.072765354274472005e-01
3.493841338777942118e-02 1.219478902743600102e-01
3.030254747230310894e-02 2.524434553261604153e-01
3.037729740214517582e-02 3.039393446097812812e-01
3.399670072314180114e-02 1.430474725309957840e-01
3.061946372685272338e-02 1.811080394057767995e-01
3.455671221087090045e-02 1.355756391432277053e-01
3.104260246620496946e-02 1.929403582331227496e-01
3.073336318125616945e-02 2.720991092759525443e-01
3.681291390495736865e-02 2.316830669116365371e-01
3.135752904153080167e-02 2.829749056490663550e-01
3.550836724944457512e-02 1.735327559316842683e-01
3.603867609941321243e-02 1.170664414665349568e-01
3.348353800586420514e-02 1.516789782997550740e-01
3.017506777589284289e-02 3.380528785805648195e-01
3.503211675363111788e-02 1.318553317377305356e-01
3.333386051295484515e-02 1.219605064043876030e-01
3.417837059287044676e-02 1.455358752230396235e-01
3.951906652206652742e-02 1.173118261880786301e-01
3.035134560027492878e-02 2.858984586843590914e-01
3.399234921399888615e-02 1.430383173315840639e-01
3.576921861034117189e-02 1.532105459914386569e-01
3.068915135353958781e-02 2.903731474539099078e-01
3.374244648056277246e-02 1.438267205933631276e-01
3.568652461954206073e-02 1.180831421468343523e-01
3.600574222642576733e-02 1.161066394578263994e-01
3.731718512647417413e-02 1.375813161434166210e-01
3.066326244315784044e-02 3.181514256939604879e-01
3.343981193917273942e-02 1.442335705288288750e-01
3.343907460736026543e-02 1.437210478627442278e-01
3.499540387979475919e-02 1.405597680636092028e-01
3.291296338898565960e-02 1.627247814056075603e-01
3.374147857377695486e-02 1.605660830512410098e-01
3.481279530134660793e-02 1.240378412673446007e-01
3.141961115015843437e-02 2.377990868045820883e-01
3.348886775760982759e-02 1.424188469910569466e-01
3.038005308342636712e-02 2.541996702363706340e-01
4.170090972848495420e-02 1.867995191869937788e-01
5.389758711095962718e-02 1.321019275352793010e-01
3.391714413363088043e-02 1.222024224973047302e-01
3.686801388199407309e-02 1.289859931178025665e-01
3.276098499956466709e-02 1.868523323876568054e-01
3.347394506408157833e-02 1.423376029415825417e-01
4.344825755739602918e-02 2.818001690670478565e-01
4.496860959352325104e-02 1.397646499585714630e-01
3.440406630596771348e-02 1.271326773247069275e-01
3.322363621199365263e-02 1.559013184984864853e-01
3.034325804493491832e-02 3.175466190801272126e-01
3.032431993374930940e-02 3.878995794798513752e-01
3.467446999544757796e-02 1.313847355982786513e-01
3.061921902615869981e-02 1.963744285121469257e-01
4.169999707339220457e-02 1.735909624560788844e-01
5.297549439766739698e-02 3.618959383221908022e-01
5.317142160247249200e-02 2.442398478825121566e-01
4.963894594751126765e-02 1.210492494597933816e-01
3.477145206948575873e-02 1.468703219912870228e-01
3.066856867111193707e-02 1.412833998061693574e-01
3.338207632137915604e-02 1.218217179154139351e-01
3.085077929687501594e-02 2.314241804703794092e-01
3.656001129873681643e-02 1.198205799177264191e-01
3.062417543976563711e-02 2.000943135871783574e-01
3.036265891821482432e-02 2.956442017501407227e-01
3.422854121146304274e-02 1.243241488968715863e-01
5.664569740212827692e-02 1.291845808464514023e-01
3.795243381932069532e-02 2.120446508180161560e-01
3.477329285360597488e-02 1.252917802333884389e-01
3.034776285511337976e-02 2.990918068442491307e-01
3.223042577960266025e-02 1.681339981545902917e-01
3.223466505257942261e-02 2.801319440603358135e-01
3.392535345094801341e-02 1.220668648585163385e-01
3.305994357947548978e-02 1.585964353900986834e-01
3.039688382064143629e-02 2.826197509041578626e-01
3.327734197436960778e-02 1.329707966844849987e-01
3.068357719236480124e-02 1.504234788479982821e-01
3.481022654278810580e-02 1.575052887733517093e-01
3.386885609576176237e-02 1.586578486505181573e-01
3.485187935965716050e-02 1.232223083646087763e-01
3.033564791765954935e-02 2.547322480211264284e-01
3.134934354820661379e-02 1.935890126154780344e-01
3.236267225697813527e-02 2.323912265776817421e-01
3.720134046712942483e-02 1.564111950226864944e-01
3.853050802988675083e-02 1.581762364393793086e-01
3.028900462118180176e-02 2.150767189174163097e-01
3.565688277572869741e-02 1.553296955190947293e-01
3.317482457276463986e-02 2.789227906866987849e-01
3.168114116237592814e-02 1.569803308996007285e-01
3.158223289724324673e-02 3.442794680797837681e-01
3.256388422130564175e-02 1.700503289506123394e-01
3.087433346761123479e-02 3.310092108959970525e-01
3.095874192649489612e-02 2.527634700682210855e-01
3.540259765040782575e-02 1.828244159027652693e-01
3.415803690663281322e-02 1.339766470629609185e-01
3.131355243715629177e-02 1.546346392428299410e-01
3.351732313583398459e-02 1.437984129703088199e-01
3.440406630596772042e-02 1.284742890848185326e-01
3.052735423734247167e-02 1.898025077895603430e-01
3.291880415798331683e-02 2.202978127926441820e-01
3.040930707440228642e-02 2.880851606647426566e-01
4.173737534008534894e-02 1.744572238720981383e-01
3.119721680061519203e-02 1.831081917148410787e-01
3.241633705068017873e-02 1.689917575121470117e-01
3.546388223792269756e-02 2.266295581025051242e-01
3.389214528885106659e-02 1.396642440581314093e-01
3.041683363110767382e-02 2.813550409558927545e-01
3.036785128132667155e-02 2.759350840907460189e-01
4.294955616970331375e-02 3.304372226656031031e-01
4.201293408793731893e-02 3.917986434756953740e-01
3.135285902190056845e-02 1.880988468726146612e-01
3.278514950675572720e-02 3.121874526799671146e-01
3.305988621520988130e-02 1.345581542579503687e-01
3.188563749074092846e-02 3.947563574369530870e-01
3.429210179188245389e-02 1.451177515855895939e-01
3.413037329530037994e-02 1.262669726185700336e-01
3.082096047468325245e-02 1.905895690560000522e-01
3.079651196302807953e-02 2.694369114577560564e-01
3.611029646639449253e-02 1.232962759141952302e-01
4.200135441505892242e-02 3.913028136315461203e-01
3.050028853714976604e-02 2.623377137544020132e-01
3.306514343718390536e-02 1.494050799886872116e-01
3.302166898008028484e-02 1.427064657483196608e-01
3.198039554199103018e-02 1.744846532849245457e-01
4.615536138312553716e-02 2.130856170715106079e-01
5.803338437540209171e-02 1.759298468213247313e-01
3.865528958194905385e-02 1.214872123884134514e-01
3.268701326928966089e-02 1.870238875347340624e-01
3.056406977411636749e-02 2.452074395442891130e-01
3.034222322712846684e-02 4.942537194508027087e-01
3.324534978557545234e-02 1.230093917526168396e-01
3.617557029710979921e-02 1.610049038342908911e-01
3.784767878597627283e-02 1.168701387198416569e-01
3.531724161079823759e-02 1.319576133977032328e-01
3.714682570071702744e-02 1.191525614060084115e-01
3.461513609005128361e-02 1.376890178678297494e-01
4.790718806789408951e-02 3.225632089960423499e-01
4.775303403382392259e-02 1.111782383906052413e-01
3.743725814890336984e-02 1.196174564231761717e-01
3.082073290786558131e-02 2.765577384527726501e-01
3.559938298000359103e-02 1.451531696104265134e-01
3.114755417700628207e-02 2.821003091171072064e-01
3.469853341866620949e-02 1.260341684905293691e-01
3.485187935965716743e-02 1.243613495174654554e-01
3.269505274389468419e-02 2.588477134774465060e-01
3.035257574037046949e-02 2.947801084707351027e-01
3.104260246620495906e-02 1.803122574408749235e-01
3.064810856746163700e-02 2.918934517962747943e-01
4.004562246531672559e-02 2.089341969524493858e-01
3.172032722811021777e-02 2.631947374433243336e-01
3.500546114982559798e-02 1.454877627129564088e-01
3.197632079512913172e-02 3.139252292789376786e-01
3.547282345801572312e-02 1.219092881473212847e-01
3.332164988534278699e-02 1.219711741776866865e-01
3.469782339106126934e-02 1.168258316819972276e-01
3.279187452817557830e-02 1.948775089146933259e-01
3.316870582610321333e-02 1.186569528361642867e-01
3.416448124949506004e-02 1.803767938353210976e-01
3.075425629873720576e-02 2.006408137206021902e-01
3.712559230889359019e-02 1.207572364414813137e-01
3.068357719236480124e-02 1.504234788479982821e-01
3.043232997862870687e-02 2.686540361899955043e-01
3.705711471846432487e-02 1.165254054814623408e-01
3.744654653435617458e-02 1.247653940185964178e-01
3.032695166954496938e-02 2.763494873840309785e-01
3.025940135890319710e-02 2.557948835953019473e-01
3.029178670037112331e-02 2.445152270291051089e-01
3.034287997781649066e-02 2.973521428049127335e-01
3.283962517678574999e-02 1.338522316635889775e-01
3.226161816777872726e-02 2.092575968618373417e-01
3.082096047468325245e-02 1.905895690560000522e-01
3.030179614825365478e-02 3.835116351454088135e-01
3.342879166546485620e-02 2.762473192962184299e-01
3.273449784805512741e-02 1.444563886641150874e-01
3.382175350300605648e-02 1.216742047232588358e-01
3.682250636501871455e-02 1.373013762351105171e-01
3.022513889952070307e-02 4.117226069029779612e-01
3.037045009018810027e-02 2.780318570301770764e-01
3.268152890324600018e-02 1.222026972618064505e-01
3.038005308342636018e-02 2.606345232202569862e-01
3.039867076883808958e-02 3.103286081076340741e-01
3.057798404287036254e-02 2.485298903975083906e-01
3.114966869460619389e-02 1.757525511136091290e-01
3.034080144239762258e-02 2.320014646210862841e-01
3.268192357507795909e-02 1.077906431790462971e-01
3.038124366840536453e-02 2.957236047110466948e-01
3.024835926504004097e-02 4.451793898012723627e-01
3.077979229002510836e-02 4.467959141017430191e-01
3.036785128132668543e-02 2.748921094265063259e-01
3.558099494285841408e-02 1.599904512058853145e-01
3.029165862624281017e-02 2.406959706569121726e-01
3.064957856624447516e-02 3.047327037464282462e-01
3.124388058365948698e-02 3.558136917913077291e-01
3.754837241873259374e-02 1.173578892862985057e-01
3.395647086908008122e-02 1.142545151328697856e-01
3.238309491987653721e-02 2.150894097391901072e-01
3.925600259082074467e-02 1.214440503706222113e-01
5.704104013449243921e-02 3.077564893469363350e-01
3.277390425610456764e-02 1.632328235581334275e-01
3.319148965059016965e-02 1.551639224911489368e-01
3.068357719236480124e-02 1.504234788479982821e-01
3.459239240096532997e-02 1.232391247148613006e-01
3.951906652206652742e-02 1.173118261880786301e-01
3.029178670037111984e-02 4.623599536456281522e-01
3.326348890172003969e-02 1.230311253376740327e-01
3.273550294875435251e-02 1.677006103075635302e-01
3.329807418919283890e-02 1.330122123226079034e-01
3.094589642303526705e-02 1.980157485214631419e-01
3.602308054996824355e-02 1.660771401147279613e-01
3.025531383295113064e-02 2.791728918780045365e-01
4.826810473963673992e-02 3.245629725109656638e-01
8.676690438059260491e-02 1.319427089805351727e-01
3.485426674000468433e-02 1.380475639741385041e-01
3.097940593780109178e-02 1.717063163213175536e-01
3.326317119490897894e-02 1.232379407561731283e-01
3.125180906628275551e-02 2.070487927375309900e-01
3.305361541235405515e-02 1.223322572703808425e-01
3.033564791765955282e-02 2.547471192226571368e-01
3.061921902615868940e-02 1.944319154185768783e-01
3.035434941731946987e-02 2.649315422467813375e-01
3.500923443351741660e-02 1.176869882409942725e-01
3.784767878597626589e-02 1.267285608398882324e-01
3.033723314980970101e-02 2.683869775468789021e-01
3.101468681347560596e-02 2.515455070636650747e-01
5.182408479930785544e-02 2.712488742786633433e-01
4.205024908796966415e-02 1.855966944116948791e-01
3.469782339106126934e-02 1.134638610491810057e-01
3.743725814890336984e-02 1.152253790274822970e-01
3.035967596777890826e-02 2.233733726629469063e-01
3.030254747230310547e-02 2.485206938733283688e-01
3.350090963146613865e-02 1.215732643887477704e-01
3.515446841574298292e-02 3.049392108645669897e-01
3.479710608061077626e-02 1.217010296168371392e-01
3.314079196880264505e-02 1.632870646826199701e-01
3.101596059992057369e-02 3.081271503496422204e-01
3.645058056553335951e-02 1.577421691971303552e-01
3.291803517301278986e-02 1.573389920590674562e-01
3.338101653609997638e-02 1.905665239228815644e-01
5.843842019807425625e-02 2.982339090033545581e-01
4.289083459410576032e-02 1.580949248808665164e-01
3.305988621520988130e-02 1.330658878462827044e-01
3.392535345094802035e-02 1.234115299907597857e-01
3.065654483553385476e-02 2.072484740178802132e-01
3.391714413363088043e-02 1.222150828446650905e-01
3.226070073002866578e-02 1.681579619471195441e-01
3.035977308663228430e-02 2.615639550316827822e-01
3.274720059096664082e-02 1.676475446652618828e-01
3.306797874708076318e-02 1.686931042367297573e-01
3.091753086552609733e-02 2.376713707422932753e-01
3.637009291213823270e-02 1.370915411642098791e-01
3.714682570071702744e-02 1.191525614060084115e-01
3.106426464103179824e-02 1.887033895185162291e-01
3.449422081463435208e-02 2.516831847632127195e-01
3.616436898570373620e-02 1.187134887997152999e-01
3.216972128187511187e-02 1.705777587076616197e-01
3.338814037127824791e-02 1.815848825192562799e-01
3.838692850227406334e-02 1.515723133952323332e-01
3.690643747298137656e-02 1.395578096060230144e-01
3.445992545449437505e-02 2.010444265909222261e-01
3.548280853616075231e-02 1.401585200428122624e-01
3.568549054055372705e-02 1.181370495421668609e-01
3.290612453951256150e-02 1.633152313744985762e-01
3.338207632137915604e-02 1.200299429895061026e-01
3.062063420177417103e-02 1.665787157385671680e-01
3.218224692703962331e-02 2.052234623130848312e-01
3.616783037907855131e-02 1.697816517203155628e-01
3.111232817154258729e-02 1.803912827143084596e-01
3.246684255798876206e-02 1.959482134895869088e-01
3.199239418380437489e-02 1.744606972130497702e-01
3.227555880715585884e-02 1.681666350130746335e-01
3.037866672120905637e-02 2.670867851816775551e-01
3.108120052406605771e-02 2.597629738799492327e-01
3.447922408474967532e-02 1.258865922875263832e-01
3.471690034537523728e-02 1.225675027259400529e-01
3.196956441932415766e-02 1.729830171881819867e-01
3.061946372685272338e-02 2.049304139042278372e-01
3.404405612496110706e-02 1.198635861053349849e-01
3.091905311980473747e-02 1.453633263458489200e-01
3.080785270952866861e-02 1.882468487449354411e-01
3.554360035636955351e-02 1.232844364408873100e-01
3.082516006627882693e-02 1.966740866002663624e-01
3.532625637721761858e-02 1.222899444274724162e-01
3.395647086908008816e-02 1.178520300429240358e-01
3.038075379066224393e-02 2.230177020459028492e-01
4.186258276195879008e-02 3.193503190402267600e-01
4.285417110713292399e-02 2.204753990855355950e-01
3.277390425610457458e-02 1.432421625426003597e-01
3.379424571762985191e-02 1.236518941748286082e-01
3.286622721306831779e-02 1.189873347145022076e-01
3.075277777129934581e-02 2.032590069413674483e-01
4.030512911348221178e-02 1.255583195793912588e-01
3.545446894618416167e-02 2.236193262602713949e-01
3.086952640345311943e-02 1.878580501438421591e-01
3.089116557406629618e-02 1.910095930870266134e-01
4.892713791520325595e-02 1.947285391161316936e-01
4.457300683643457273e-02 1.126248817867640944e-01
3.681651583403287159e-02 2.832665298337209148e-01
3.958335647247080563e-02 1.617404020945537590e-01
3.073904196563695401e-02 1.501844777158949096e-01
5.004770210865636115e-02 1.571472530254106603e-01
3.082096047468325592e-02 1.779943038678774014e-01
3.104260246620495906e-02 2.219139206470949199e-01
3.391520444407614826e-02 1.220746615499340715e-01
3.079911113872760287e-02 1.983493540412900602e-01
3.090472852074357610e-02 1.805289661397685985e-01
3.429538095103047690e-02 1.629002165084659781e-01
3.298276939090263177e-02 1.591401728894738798e-01
3.104260246620495906e-02 1.803122574408749235e-01
3.066856867111193707e-02 1.412833998061693574e-01
3.027327615587934589e-02 2.294968296437616961e-01
3.065068444662931782e-02 1.704870237147972645e-01
3.057798404287036254e-02 2.485298903975083906e-01
3.060420070946748630e-02 1.931633873265589663e-01
3.333041730356381405e-02 1.215811786734982691e-01
3.269595531470757821e-02 1.593946505372315636e-01
3.199198295876091308e-02 1.726504488101095192e-01
3.324649561806576614e-02 1.209841093472405621e-01
3.136906599439454740e-02 2.026229339190921963e-01
3.077540574989383326e-02 1.904338527738484721e-01
3.044129414876821024e-02 2.713019865607452230e-01
3.323500308099944928e-02 1.590048503922210366e-01
3.521288236355342438e-02 1.580413173349292655e-01
3.034847942182113470e-02 3.732859239157892417e-01
4.014223965651939757e-02 1.188143145480121954e-01
3.479710608061077626e-02 1.213450830047920065e-01
3.703853388001773772e-02 1.241633466389966134e-01
3.481465124783245796e-02 1.212668491242049756e-01
3.044006304169138283e-02 2.475036855031016170e-01
3.094941573726223139e-02 1.814798453949936496e-01
3.062064866347036576e-02 2.027667718303832745e-01
3.390935881268327540e-02 1.220496364731910727e-01
3.298350295838101132e-02 1.591390994151014315e-01
3.068358271332013651e-02 1.504247742790151554e-01
3.062420772972365701e-02 2.135975429444018914e-01
3.029165862624281017e-02 2.408413352861407397e-01
3.033037778962270267e-02 2.545329461720258757e-01
3.474485072524918089e-02 1.181445327737608436e-01
3.070276460466417681e-02 1.961567383707205625e-01
4.682540596570610586e-02 1.676387288394375341e-01
6.499798969642167634e-02 3.010370380769060716e-01
3.447887242535302432e-02 1.209835489893569538e-01
3.038005308342636712e-02 2.541996702363706340e-01
4.627082679698601292e-02 2.433654577154383269e-01
5.958609861098365656e-02 1.228702576283346865e-01
3.074010652364747923e-02 1.856992490261123174e-01
3.391714413363088043e-02 1.426705376717400942e-01
3.074450130409411494e-02 1.488056548079244035e-01
3.904802120059128884e-02 1.176750009857147478e-01
3.345859430477821084e-02 1.211046215904153234e-01
3.306937576537780782e-02 1.195657182779970434e-01
3.062624120576137518e-02 2.004233740267603037e-01
3.266310230623379468e-02 1.225647373578975657e-01
3.063490132492351081e-02 1.932884677703381182e-01
3.024546744776264104e-02 2.892155386706832809e-01
3.470109332654402329e-02 1.079461143128982586e-01
3.951906652206652742e-02 1.271219441360597890e-01
3.311873462944551344e-02 1.188679685916052692e-01
3.054128333254247860e-02 1.984032811598626378e-01
3.297670575888227845e-02 1.330207826986130326e-01
3.028091372065413664e-02 4.253564643986874616e-01
3.025732596964587906e-02 2.150941058260373018e-01
3.245625019636334124e-02 3.180002890702529061e-01
3.379132187109620822e-02 1.200778241615230862e-01
3.024546744776264104e-02 2.892155386706832809e-01
3.569787730221038458e-02 1.185154701994740462e-01
3.218394891593527596e-02 1.700445137504656978e-01
3.057201353934200019e-02 4.100197341875955193e-01
3.028976036237578801e-02 2.408345759472095560e-01
3.043781059982080678e-02 2.549376824782492723e-01
3.228070056652992265e-02 1.863349541846281987e-01
3.097346646251250557e-02 1.761922624004247095e-01
3.039437776907627162e-02 1.746978685716755186e-01
3.067880675222517048e-02 1.504117837589817874e-01
3.090315636508532762e-02 1.805243742277225782e-01
4.564633794634883474e-02 2.259770543384705954e-01
5.316089455195787544e-02 2.371350247569287972e-01
3.041474321273461567e-02 2.216881409252402513e-01
3.093926385017040093e-02 1.766618412981216524e-01
3.729935519789962656e-02 1.158348435257612746e-01
3.569246586504315477e-02 1.223622968605180272e-01
3.029178670037111984e-02 2.152167646125150435e-01
3.326348890172003969e-02 1.198354630375406127e-01
4.004448647882950102e-02 1.471218370467571035e-01
3.052010078177986099e-02 2.452332979690104164e-01
3.707869777229524932e-02 1.422865264826970733e-01
3.309546119486404814e-02 1.198442253198450519e-01
3.021200624793752079e-02 2.510969483800238877e-01
3.075860088954592356e-02 2.494067157172512594e-01
3.058623204822644506e-02 2.263724566412784744e-01
3.025531383295113064e-02 2.791728918780045365e-01
3.273697105627968590e-02 1.207624660433813391e-01
3.075619860168126926e-02 2.063469607659586258e-01
3.025619296860301149e-02 2.438179986613701056e-01
3.313969243657896580e-02 1.190081139244183461e-01
3.389702470091890407e-02 1.812219599969839834e-01
3.058922755558711459e-02 1.905123317005322781e-01
3.065483102769594320e-02 2.010931062766314337e-01
3.276903551721081775e-02 1.607871955657003138e-01
3.192301578840359838e-02 1.651533255580510673e-01
3.248286600707669253e-02 1.787073818199547692e-01
3.108538399224623772e-02 1.948762485863868299e-01
3.029178670037111984e-02 4.254250632669209220e-01
3.339842694251993205e-02 1.221178228896527135e-01
3.029165862624280670e-02 2.463962810350967259e-01
3.068357719236480471e-02 1.503851468740239894e-01
3.024835926504004097e-02 3.985201980697651303e-01
3.029052893652940670e-02 4.439106512725166653e-01
3.029178670037112331e-02 2.425544265243895770e-01
3.395647086908008122e-02 1.142545151328697856e-01
3.066856867111193707e-02 1.412833998061693574e-01
3.038075379066224393e-02 2.230177020459028492e-01
3.068357719236480124e-02 1.504234788479982821e-01
3.656001129873681643e-02 1.198205799177264191e-01
3.283962517678574999e-02 1.338522316635889775e-01
3.527952987423560449e-02 1.207436042328617343e-01
3.310061339038596756e-02 1.157622433237375653e-01
3.424907709189447397e-02 1.141006889583036504e-01
3.031522671139794123e-02 4.386223276149345263e-01
3.286303130555064123e-02 1.687709769626487000e-01
3.383490321891510777e-02 1.364597872533724610e-01
3.472328547479734684e-02 1.571084052709657286e-01
3.112685557099733116e-02 1.782697853945043875e-01
3.303266246183582389e-02 1.439018043055593221e-01
3.025433578865772619e-02 2.502653083503355580e-01
3.066923706759250301e-02 1.412697731154688718e-01
3.025531383295113064e-02 2.791728918780045365e-01
3.291803517301278986e-02 1.573389920590674562e-01
3.106748777283192472e-02 1.487070081071725502e-01
3.081807559768714663e-02 1.751905561540977874e-01
3.125296735982478757e-02 1.858094324779303030e-01
3.109674260570386220e-02 1.846891507979168401e-01
3.353453735499727778e-02 1.191742983598639838e-01
3.090590212204442216e-02 1.377947364856610957e-01
3.066011311979346954e-02 1.412634829379472434e-01
3.447437095117399097e-02 1.211333976437001525e-01
3.271320762104961560e-02 1.141409817902334922e-01
3.655841747280143966e-02 1.239809580069432399e-01
3.149605472824203861e-02 1.535306497163161921e-01
3.554543291500966706e-02 1.187948096190502845e-01
3.107070753585248687e-02 2.924481843442997553e-01
3.073904196563695748e-02 1.507898383680947585e-01
3.577510108994313986e-02 1.171982250698846428e-01
3.425921160345929417e-02 1.191368935313696781e-01
3.273989444740896260e-02 1.962553137365206368e-01
3.266310230623379468e-02 1.225647373578975657e-01
3.028791144043102915e-02 3.401573760966933313e-01
3.127905349418587388e-02 1.793773648741938120e-01
3.132705015054696590e-02 1.956626445920342516e-01
3.049939234003606198e-02 1.572637274940337504e-01
3.332179561508190335e-02 1.452581087620903599e-01
3.024236761482923877e-02 2.402273135347870736e-01
3.019720894651832521e-02 2.404655524734968519e-01
3.043295005508418402e-02 1.573512830707570476e-01
3.085713902026743227e-02 1.398337962410615420e-01
3.063134468771543800e-02 1.424893375973611820e-01
3.792823323281209469e-02 1.255825169406455943e-01
3.035967596777890826e-02 2.195229652696968625e-01
3.041474321273459486e-02 2.216674527580037024e-01
3.394632015693610505e-02 1.195458240966285335e-01
3.798753424578532600e-02 1.168797816402759177e-01
3.054603158570269247e-02 2.831439109700450985e-01
3.424907709189448091e-02 1.147114312856554463e-01
3.842830146032514410e-02 1.168402923415030326e-01
3.119394203325872444e-02 1.464538509625767926e-01
3.325863595484183921e-02 1.209870261760577076e-01
3.315847808114541495e-02 1.226352740092380295e-01
3.111592694716907095e-02 2.146257637933224605e-01
3.073612764859386115e-02 2.086227442488487183e-01
3.874815689101727273e-02 1.474749012327095377e-01
3.109193502880656934e-02 2.256114579861986658e-01
3.383933984591252359e-02 1.150456726243555688e-01
3.373732258268209716e-02 1.235954604099796794e-01
3.045489707513664851e-02 2.786679889922529241e-01
3.747613512759449816e-02 1.135720624463008449e-01
3.093954360219503680e-02 1.425956589933005114e-01
4.129307154640377703e-02 1.162316677392852965e-01
3.737541758079045845e-02 1.113608545426549162e-01
3.245482605631733880e-02 1.441027640213954075e-01
3.057792333554405079e-02 1.791896814838535024e-01
3.316199647232750958e-02 1.199785314852349211e-01
3.124028552541539827e-02 2.776132066071930748e-01
3.373766233231578066e-02 1.286808799261249803e-01
3.059209973524922022e-02 1.932035068905129105e-01
3.386715979791098813e-02 1.143198111080589857e-01
3.320953948537767875e-02 1.418470986560678715e-01
3.043878566727251447e-02 2.104698127986363021e-01
3.106748777283192472e-02 1.487070081071725502e-01
3.029178670037111984e-02 2.152167646125150435e-01
3.038075379066224393e-02 2.387388141749920978e-01
3.059044299007059042e-02 2.263638000074056078e-01
3.305361541235407596e-02 1.224254891628211578e-01
3.324649561806576614e-02 1.208959194833574696e-01
3.273697105627969978e-02 1.191288360725105966e-01
3.332779239080340544e-02 1.219838643090723485e-01
3.042490666394147975e-02 1.573869143048538533e-01
3.049162459798236344e-02 2.214395216710869918e-01
3.051573292267583531e-02 1.963081773556703546e-01
3.281357539395588635e-02 1.339049293808496910e-01
3.308978317564696681e-02 1.475067001323347171e-01
3.047102936536631029e-02 2.387212769359206010e-01
3.279147114273788660e-02 1.536712362181385239e-01
3.021449213814742310e-02 2.405343589066242238e-01
3.035967596777889785e-02 1.948122233136082848e-01
3.067880675222518436e-02 1.753653604172313030e-01
3.065101424954532264e-02 1.491135608874579466e-01
3.025940135890320404e-02 2.557948405731951258e-01
4.697768867192542164e-02 3.361703098656478317e-01
5.834373842388373282e-02 1.447917787044707971e-01
3.036611531752745133e-02 2.227774273521739845e-01
3.022635088015044810e-02 2.039624177329078802e-01
3.988293863726007082e-02 1.178514506460803385e-01
3.076009034183811719e-02 1.958572172805485567e-01
6.642865260099034552e-02 2.713545471349038118e-01
4.476668225784388028e-02 1.650033597340702651e-01
3.266295927230558616e-02 1.217644300771913296e-01
3.031142026333257314e-02 2.156529418269382270e-01
3.020300530712094131e-02 2.403893269058262061e-01
3.116408048428130628e-02 2.481761446843180063e-01
3.266310230623379468e-02 1.217045328035085416e-01
3.024642534683289266e-02 2.166989114134675320e-01
3.512506741937584248e-02 1.240090299913304966e-01
3.046463136793297818e-02 2.383927493364366712e-01
3.037953449585712243e-02 2.232641035532456353e-01
3.024236761482923877e-02 2.402273135347870736e-01
3.018306586504949582e-02 2.265031689727311504e-01
3.041000991682757046e-02 2.295283252863290213e-01
3.019720894651832521e-02 2.404655524734968519e-01
3.027327615587934589e-02 2.294968296437616961e-01
3.061527974926661275e-02 1.721800664213560816e-01
3.277219158026239282e-02 1.616078264418762678e-01
3.223394608714479775e-02 1.532543378098065734e-01
3.024546744776264104e-02 2.892155386706832809e-01
3.055288739293386679e-02 1.438634064026520221e-01
3.023610368456480790e-02 2.747937592357888592e-01
3.065586150869024917e-02 1.577317816061537259e-01
3.029165862624280670e-02 2.526485198570854740e-01
3.297670575888227845e-02 1.330207826986130326e-01
3.024546744776264104e-02 3.025675550534159264e-01
3.357763928259374642e-02 1.181014604939445850e-01
3.075216494709874862e-02 1.397764144849206192e-01
3.293199951974305068e-02 1.197021630061166214e-01
3.344729981921994860e-02 1.190242344075769787e-01
3.310061339038596756e-02 1.157622433237375653e-01
3.306937576537780782e-02 1.195657182779970434e-01
3.287561551717126107e-02 1.335950502294606101e-01
3.093463057219957707e-02 2.416794166313581405e-01
3.395647086908008816e-02 1.178520300429240358e-01
3.180061210180662457e-02 1.830397258429432850e-01
3.066255391711235345e-02 1.447504113962732042e-01
3.702777857308294646e-02 1.144500374425651557e-01
3.230648806578158977e-02 1.444103924056243937e-01
3.266356303517664594e-02 1.225639276552658169e-01
3.061491290459120856e-02 1.721812328770500611e-01
3.090590212204442216e-02 1.379121950384847028e-01
3.019720894651832521e-02 2.404655524734968519e-01
3.424423350236440594e-02 1.147033193068482948e-01
3.022936313939422054e-02 4.067084890663725250e-01
3.061327173079435998e-02 1.482632713724773010e-01
3.066738132699338426e-02 1.979953626550021994e-01
4.013129833436048649e-02 1.158794290207789401e-01
3.698683082105013592e-02 1.130632537048635033e-01
3.311873462944552732e-02 1.188777233016088120e-01
3.029178670037112331e-02 2.151976897096148922e-01
3.301131125302340930e-02 1.231329153200606680e-01
3.059163899551153865e-02 1.932020519497496813e-01
3.780159883737411325e-02 1.162789195914149115e-01
3.065352937527742253e-02 1.555463485062664186e-01
3.082185595727511204e-02 1.920506564002873728e-01
3.298834416284110449e-02 1.128981328342197471e-01
3.063134468771543800e-02 1.424893375973611820e-01
3.568549054055372705e-02 1.181370495421668609e-01
3.361832394382508610e-02 1.382338555673300329e-01
3.718675359565684624e-02 1.927081321095352462e-01
3.081515168195484572e-02 1.435068763629090416e-01
3.790750163796698796e-02 1.165880285822639417e-01
3.009588199405377126e-02 2.162095576921275464e-01
3.082432164920514972e-02 1.418603210233059797e-01
3.076295120732174676e-02 1.397428909728697932e-01
3.394296966654945791e-02 1.139574188245218861e-01
3.049939234003606198e-02 1.572637274940337504e-01
3.024236761482923877e-02 2.402273135347870736e-01
3.294068034007773677e-02 1.035647845388276561e-01
3.596507068757451298e-02 1.247153190078027635e-01
3.024476716804850793e-02 2.134690565673487694e-01
3.273539843599435756e-02 1.214168690238646015e-01
3.308257386794293681e-02 1.323087431341094800e-01
3.024642534683289266e-02 2.166989114134675320e-01
3.403039286274004566e-02 1.195776337949570750e-01
3.359008105529234095e-02 1.295238477655600851e-01
3.283962517678574999e-02 1.216017089575470445e-01
3.068735135654553775e-02 1.600772283527274742e-01
3.422356564927428457e-02 1.210836075800810346e-01
3.023610368456481831e-02 2.709836503817235065e-01
3.045183473184240319e-02 1.437776206080243757e-01
3.068668026172875415e-02 1.516729327343465661e-01
3.637801006197274867e-02 1.468676184049825251e-01
3.343441686650749922e-02 1.962527721839334161e-01
3.330086161632190428e-02 1.622543897383029732e-01
3.096527194415359813e-02 1.339176763083775590e-01
3.339514137506625208e-02 1.153498246537402738e-01
3.310515587187504855e-02 1.194100534933227042e-01
3.280449016705258569e-02 1.163041459189043531e-01
3.077016839553934138e-02 1.566427193569006060e-01
3.268192357507795215e-02 1.151213169490762633e-01
3.043295005508418402e-02 1.606090217087028926e-01
3.526206646969807373e-02 1.135326889380301463e-01
3.383933984591252359e-02 1.150456726243555688e-01
3.251022901120106945e-02 1.272182711357619789e-01
3.091858483900706764e-02 1.566756040600912336e-01
3.061281736503057571e-02 1.401822123911933005e-01
3.396788389131410318e-02 1.176471271085889198e-01
3.297670575888228539e-02 1.279571663996252606e-01
3.310061339038596756e-02 1.202079550600648888e-01
3.334036492652540234e-02 1.114216763782279740e-01
3.702777857308295340e-02 1.178773389086841678e-01
3.268174678977475017e-02 1.217083579813239697e-01
3.061524544906471176e-02 1.930285939249788141e-01
3.269307270539362209e-02 1.222123772605182013e-01
3.037863978171188514e-02 2.405071504449288466e-01
3.425464748453622282e-02 1.139881692671919355e-01
3.066123858659312862e-02 2.892526960851441453e-01
3.727785839916215871e-02 1.120500381160815656e-01
3.226256574334180477e-02 1.505254468590593031e-01
3.194825889432988814e-02 1.437651079082418182e-01
3.350744183918064750e-02 1.261555040033359720e-01
3.424907709189447397e-02 1.213938839646438311e-01
3.116308164894285998e-02 2.307217818633137130e-01
3.271931794359206336e-02 1.218423383744653699e-01
3.257819955494034581e-02 1.375036101691566870e-01
3.268192357507795909e-02 1.202291608260034478e-01
3.024236761482922836e-02 2.513905829858719132e-01
3.275024244525766987e-02 1.336699446964248472e-01
3.064352146151411854e-02 1.960387233116044348e-01
3.024018444895490779e-02 2.243496020012325787e-01
3.055688882008873383e-02 1.452810192559274571e-01
3.290222847906689591e-02 1.185972397595968925e-01
3.301909590758608792e-02 1.192595860905419913e-01
3.075825279157030911e-02 1.397677033989374873e-01
3.063437404355663293e-02 1.791804034317383554e-01
3.305802525104879763e-02 1.216779315064439593e-01
3.056325877249447404e-02 1.404607155426179643e-01
3.061209958038105597e-02 1.473756633369668334e-01
3.085258349358639338e-02 1.413109847118022011e-01
3.239248205823712368e-02 1.870526044400962484e-01
3.039200744829365433e-02 1.832140211833663268e-01
3.435146724012014263e-02 1.090327472105982048e-01
3.727158476739898113e-02 1.378432808551389721e-01
3.268192357507795909e-02 1.221915364127211662e-01
3.061527974926661275e-02 1.721800664213560816e-01
3.299198288407554497e-02 1.205020409088838756e-01
3.066088380895197127e-02 1.705116861993682675e-01
