# $NEW GRAPH$

# $NEW TRACE 2D$
# $LEGEND$: $$
# $LABEL X$: $Objective (or constraint)$
# $LABEL Y$: $Objective (or constraint)$
# $BEGIN DATA$
0.0	0.0
0.08564025470272116	-0.2006899804665238
0.06163473860276813	-0.02759406611649431
0.07939943750189496	-5.614403137042132
0.06557343560979387	-2.2079811423529665
0.17168937735281825	-0.24354341409895242
0.058286310784200206	-2.443908796640024
0.03221391575759127	-8.317764012135655
0.18629733408879057	-0.517924787750912
0.06662527409036063	-1.3176736631356467
0.031729713498880596	-2.825631935821953
0.08813926248771774	-3.692304551061119
0.04806684673227617	-2.170620367541836
0.038098414173432224	-6.555468153899769
0.05782755933861724	-0.5342196132473288
0.0921515056476527	-5.218979447485128
0.054205064701348345	-3.8291665516844953
0.09223126249203747	-7.112502287893989
0.08450993249138473	-3.6069307159315076
0.04691138124086631	-4.053473230825373
0.08154855404163025	-1.6354749355486282
0.04278813483739156	-0.625641596161352
0.06752102198241305	-1.0282781068493452
0.14850192884592023	-0.17166540039657344
0.1420370997373003	-0.5314577797110074
0.07296611552187968	-0.636546723401489
0.05988764387272898	-1.1610943785377665
0.18501916580603323	-2.3939093047913937
0.05659333550602586	-2.2105768507676538
0.06767891816950775	-2.332428818711834
0.066208408305574	-0.58770185900995
0.03895983956618083	-0.6432572903922072
0.10109277870404505	-9.587450738527796
0.15297668327734218	-1.0923263101782814
0.10915557394390674	-2.285806173758461
0.344792300360818	-0.06821586616069872
0.11255686676453183	-1.1728691170776866
0.050480625137927795	-0.040851910327301955
0.054066736424274515	-11.702572005154474
0.12691908343809985	-0.5764545202199663
0.04636876174457093	-1.1935034430898535
0.058184472771632426	-14.283970200945356
0.111449298937156	-0.2393015159225754
0.036433137243729416	-1.4664512089846422
0.10434826338209453	-1.3254817451956658
0.04609047090730995	-0.22645449015121277
0.03791863902418817	-0.38330113397266224
0.411209721502083	-0.00495653049416871
0.08011226295506411	-0.06265147391196536
0.08940857677626664	-0.07154333412379639
0.04726851192306341	-0.08152778567764346
0.2844043600174473	-0.06828603487026508
0.04031703526875386	-8.207999435635651
0.08759953259185765	-9.682987632584675
0.05060234217149209	-0.25434472527094826
0.10324971146000583	-0.10979144027590526
0.07916184689746845	-1.8759889330086077
0.0979266781079921	-0.16828782432530973
0.04336687133186436	-0.14385599417445608
0.08527247554298716	-0.8436294890124356
0.06080132935646067	-1.1874202173501152
0.0436683059674263	-0.4323631388769361
0.315868846745858	-0.08992316910996573
0.08104507344653794	-4.603448148211148
0.045506534226056154	-0.0013281049356645151
0.05757601616486029	-1.9386713191515337
0.03901182954064532	-5.249867732886238
0.06209918780528677	-0.04146505404509919
0.05227755498835506	-0.07846543539074807
0.051084964234392835	-2.9365497489927996
0.08632617514796367	-0.5861197153142302
0.040920564213519646	-0.2559701749516148
0.12140480536311803	-2.9678181206667995
0.031726192654676924	-0.9925432412864189
0.10134087585671277	-16.263435758700975
0.05226889103358823	-0.1505115527920445
0.0641615714212325	-0.9967364734604808
0.10140806701847029	-0.2682191511046597
0.10775097561252181	-1.6278957246667298
0.07385818986189181	-0.48468023494890183
0.3922177416883148	-0.4083100465868001
0.037325920162524076	-5.403352410658327
0.2563596825262351	-0.29383212501248357
0.046900986108259705	-0.28636378726101047
0.16952920096363489	-3.986719342679298
0.043121035614679996	-0.6109098099890627
0.05772394487230922	-5.255319707895929
0.10743177454913816	-5.418815100692691
0.040830168154747416	-6.771940880452519
0.0788569058015683	-0.07357448844665548
0.11647306993018944	-25.634765129399078
0.0540146353338139	-1.4551617139486492
0.09278845012421083	-1.1428350865116523
0.2586474184531476	-2.5532961309216065
0.04510693869645292	-5.998112233257951
0.12497928800836516	-1.8950332510414785
0.35958172846763353	-0.023795308127510326
0.09743365020237668	-0.2595856994625679
0.06971307570396816	-1.4572392595554722
0.03595079775699768	-4.4542692288787284
0.03221391575759127	-8.317764012135655
0.03895983956618083	-0.6432572903922072
0.042296466056030234	-0.6260312447777132
0.04404738523914907	-0.1005934965160407
0.09559869614696641	-2.0508254796623806
0.16316196224646956	-0.07903250636777757
0.03895983956618085	-0.8608082304489298
0.03641734342397002	-3.3480536336845628
0.08486086116694735	-5.30657549603827
0.05069424690337153	-0.05484907939229292
0.04831338066849435	-2.979566820161393
0.10848252223634573	-14.845441569159545
0.05420506470134833	-3.601115143091054
0.11747336511464297	-2.0660466464590947
0.07975951079185856	-8.725861758433776
0.07850865782110637	-0.009130211957028048
0.03221391575759128	-8.19994974147895
0.0790706492390353	-4.559738042075091
0.075695531804052	-6.206720153704201
0.054066736424274515	-1.1311569236229422
0.09992640045928589	-9.33300853997987
0.1547255413176766	-1.0868825481801796
0.05806157878932987	-1.8559151288551343
0.10109277870404505	-9.675475675253159
0.034489406611806786	-1.6754655480476033
0.32023673762090904	-0.07284884011689255
0.07296611552187968	-1.516505858016584
0.03901182954064532	-2.211100372507465
0.044331462983007844	-0.40389889691676184
0.07668907047446126	-0.3896225238951693
0.16613532077951063	-4.916056331670246
0.059579449810670475	-0.9758842481507594
0.10289330389852243	-15.9994920963873
0.05878400840680912	-14.329085524983881
0.03595079775699768	-4.4542692288787284
0.0635190424537025	-0.47499401042333367
0.06409373707388512	-2.5350989220120814
0.10083479807205291	-0.0038172164591524435
0.04799094289590558	-2.3457565937528555
0.06209918780528679	-0.04115415001675277
0.057043114057587656	-4.081850365228983
0.038242664131946456	-0.04896052981050476
0.039031044540022965	-0.6050625540381486
0.057766839368564055	-0.7106260003483167
0.04453255565316285	-4.3556567779622934
0.07189134688348811	-0.9874943277535777
0.08491403216476621	-0.7250678606483247
0.038425003007041894	-0.4878736204159927
0.10326858103467491	-1.6511794386568788
0.06079522638798595	-0.6567536034050816
0.032328268873987036	-9.142099646541892
0.08554680818384104	-9.978676632634539
0.05069538527177228	-4.855717016013398
0.04262532513460041	-0.008200418804733305
0.10444636985565792	-2.3749502330134264
0.28591965675093206	-0.05419451247884644
0.16597777856666848	-4.152271404630551
0.04341030240530334	-0.42216070575089837
0.05781140077456356	-0.4816904823528514
0.09070101291139746	-5.308144339848859
0.03172619265467691	-11.581796270030058
0.11647306993018944	-1.9987681701971771
0.03504750940579766	-6.95154190906559
0.04716893489389082	-0.053160688469174
0.11599138641444981	-18.78025007668686
0.09231991766905225	-0.07216031133070452
0.086096944828308	-0.19323751760910313
0.06566241765375773	-2.744057027627848
0.0678536623865103	-0.16463207664889168
0.034059728702648194	-7.90495095884654
0.038544008182993784	-0.7722962753037148
0.047508483608474435	-1.255456900331
0.031372998393574957	-1.2731140028666608
0.10740416350471474	-4.932755334088849
0.06641826695506176	-0.0668546055133186
0.08389608209918674	-1.5525874536086621
0.058492744860665	-0.11780330868951294
0.07968995067481405	-0.6224449583641701
0.08385047359645557	-2.5867600060486393
0.056858349582868575	-0.07917895558516021
0.10662172387725351	-1.273873014305072
0.10434826338209455	-1.3266963224934747
0.06068283265922432	-0.8424149902714639
0.05250571329110278	-5.585484647090506
0.1601082655435205	-1.1137915034615
0.08309565627739642	-2.4190868966161787
0.07926043604972088	-3.2007494702850647
0.076421312498793	-3.0098877384400895
0.04687106493059938	-0.6583261627292377
0.04515120699376862	-2.491415698951611
0.08778955982939493	-5.455306666259645
0.09429182441763506	-3.63138259388671
0.10520111508831931	-0.10987793211431487
0.04822878811501568	-0.0015049209266311684
0.10134087585671277	-16.263435758700975
0.03595079775699768	-4.5287443436817245
0.049682187533644465	-8.87203520562115
0.0436172479443009	-0.8440826549015823
0.1552435154106619	-1.7095793770864154
0.0788569058015683	-0.07350475783335364
0.03534183571033963	-8.044796411681816
0.03172971349888058	-2.9818222194018533
0.0600613199037118	-2.643804975200761
0.03164755029478004	-1.292680255865465
0.048313380668494374	-6.325069842039455
0.08104507344653797	-2.196579269285344
0.08450993249138473	-3.6778655741390462
0.06566241765375772	-2.5012114144692306
0.035950797756997686	-4.868344107361508
0.07639079346895922	-2.3533170817145255
0.11205433052338533	-18.40604608513908
0.04809202956182022	-3.397944072093072
0.03858052809181463	-6.501283308658856
0.10163481766187515	-16.39153222044653
0.05887231386931405	-5.4003037616890275
0.10073705834283533	-7.824243342984723
0.03394080373905349	-8.683394908167095
0.04586986388514918	-7.54090275954777
0.03221391575759128	-13.133789572829048
0.09216677105875898	-3.6475908086313544
0.05511253447793445	-3.4405019268514176
0.031993520002373564	-8.999400501900908
0.2009497366340963	-3.036480240599741
0.03401049721620734	-12.002769648831398
0.08395863656271271	-8.403951490143763
0.04147503828860293	-0.22173978574267872
0.0848661503973999	-5.450937025459092
0.10133217303700272	-15.76135693655678
0.03643029183679686	-9.229850601729417
0.07569422827671102	-1.7620056180229364
0.04165010846990186	-2.931251029580098
0.038229940893981386	-0.008356808122954536
0.04233596854861709	-8.101072116448638
0.08548257900724998	-1.77724514036132
0.16583438525440147	-4.858946555824899
0.07569665010430297	-6.2505893712711496
0.07541282715120885	-6.19622180418737
0.09258444888315347	-5.395791190731684
0.03211926782933823	-8.425055898764832
0.05365059856453773	-12.003498578609255
0.06783193841672912	-1.1832785865019497
0.035845710602459946	-9.70181904972002
0.03377761127971494	-2.793098952722338
0.03889759300517927	-5.240028992704102
0.034541391214972045	-4.3635959415407495
0.03648699264048146	-1.4765059204601865
0.039518888673251436	-6.862685115798633
0.11511719351932577	-2.4915924353563583
0.04684249057151833	-5.884270439120706
0.10136877422206081	-10.975282614004575
0.16938899231602003	-4.155980813934357
0.04307843363932076	-2.022580068915629
0.075695531804052	-6.206720153704201
0.03104131516652511	-0.9345586477143737
0.07937314726165191	-4.723476131270675
0.10265340785185964	-16.039300480987272
0.036417343423970024	-5.481829930104316
0.03448940661180678	-1.2129691342848063
0.049682187533644465	-8.818485978066777
0.04510693869645292	-5.9974486641355504
0.0877121602554019	-9.627467216605954
0.03539995523799316	-6.294135386290844
0.08808684079586487	-5.749805205512623
0.0551402634675236	-13.288204098809596
0.04278813483739155	-2.273436597261214
0.034215152809280974	-1.7454124250349046
0.031372998393574957	-7.740365346775098
0.06765716646523971	-0.9561790030300558
0.04754917280076353	-2.8956286824458184
0.04057004356435018	-5.916457739284701
0.035268285724725665	-8.832107284163255
0.04351099695523873	-6.696285270408251
0.06783130875376421	-2.3409710673377186
0.05456670819065427	-2.898601091592559
0.03488197311279192	-0.9490141482133397
0.037041457669145794	-2.7377723987151175
0.07965990970226668	-3.402021251171175
0.032552966690382046	-7.084667873952499
0.03903104454002296	-0.6592290521979052
0.058184472771632426	-13.747970575998943
0.057808654059087174	-5.256070538587853
0.03902663454376628	-0.7479572666703228
0.0977519137372705	-24.165734439225982
0.05571435711334499	-1.4198641631789057
0.05828302505066983	-8.561634596662929
0.0790706492390353	-4.4859451576495655
0.0843391723542621	-7.73758313904068
0.032953404434135955	-5.30319300985902
0.03405972870264821	-7.65592033699754
0.08385047359645557	-2.5867600060486393
0.048290193537976187	-2.210128509673709
0.03901182954064533	-5.208744234495996
0.04751782958794697	-3.3120083885091485
0.09429182441763506	-3.3430181463751047
0.11748655359669306	-27.61354026329784
0.03820065730012317	-4.415270125536805
0.043990298982074065	-0.8395258797305031
0.03466344741047396	-1.7300644556379414
0.05878400840680912	-20.745024655892806
0.05659333550602589	-1.4603148835609683
0.09775191373727049	-26.699698987199493
0.10163481766187518	-15.473735850846657
0.033970468951597804	-5.560065551401458
0.03168990103325057	-10.015593084823594
0.05892436152873051	-9.314686009009767
0.09137758413940911	-13.290910830201513
0.04092158627573154	-2.025461442019872
0.04012052069802472	-5.468791974074612
0.033718957032371315	-1.3264525119442128
0.03271109934700619	-11.847156330363593
0.03809841417343222	-6.471183606853972
0.03904993474234521	-7.739393991456371
0.06899631597252365	-8.273311427066997
0.04985110920139257	-7.650241244208743
0.03499892177910543	-3.279523017366794
0.03478187173130479	-2.981272147843696
0.28543312690375144	-8.049961905981903
0.09723928151367822	-24.931092287607697
0.04685299296066762	-11.953701959403473
0.03584329871721461	-5.127609170221714
0.10152491085413777	-15.783507486974624
0.10776245218578386	-14.915983542023719
0.0311964872054835	-1.3083645967573425
0.04510693869645293	-6.384347975160391
0.032454142185981597	-11.603669266721528
0.10163481766187517	-11.512255371059195
0.041106397789543885	-6.430705831592222
0.08758967058026196	-8.818435180463007
0.08713691975409378	-13.502331736550413
0.03449318374242526	-5.550588827746519
0.03534183571033963	-8.044796411681816
0.0397828690511221	-8.698794582480524
0.036323452511900264	-5.917913739373358
0.036047222208707916	-4.4423210081647815
0.07504434954484338	-2.731892034617182
0.0490226313968638	-1.7615917708619355
0.1119751996777593	-18.39818206241657
0.03173822646399848	-11.587758335942699
0.03740048918683966	-6.073858248659528
0.1175575268418948	-27.678401669864655
0.06422911061476769	-13.65510414518553
0.05141101706517625	-8.057756454024952
0.03556694803470231	-5.7092697760386315
0.030943673140296765	-6.184222473681058
0.03641734342397001	-6.660070181227898
0.03198547586457571	-6.961429607386141
0.032045790088330056	-9.10819743159389
0.07747663321588687	-6.234798934440619
0.08745296971141102	-7.531393281628411
0.03606516975370091	-4.445286407323171
0.10831659383501363	-14.887945732947175
0.034402714699494116	-1.7421300386135468
0.0399994122008196	-11.035182012615278
0.04483695294544032	-10.302052623741709
0.033800543919726235	-1.320370581739282
0.03947109493904345	-6.861199818776861
0.037549864812104705	-5.505140968369617
0.03479455968916781	-7.58056394730349
0.03221391575759127	-8.22589335429594
0.03221391575759128	-8.19994974147895
0.03556712084892095	-3.3872204041982297
0.05407267225220113	-12.039362218752547
0.03762027613762579	-5.291795490365994
0.09069465888758002	-17.11684810892469
0.054066736424274515	-11.702572005154474
0.10289330389852243	-15.9994920963873
0.11633810566660777	-6.245089750007544
0.04657397648514543	-0.28197640226860504
0.056049430310865324	-7.0600251778478595
0.04579011355466289	-5.900410209464264
0.04233882592708037	-3.450900140044549
0.07097753827518179	-13.0604866264271
0.06299444197567142	-5.310713623989371
0.05406123167949066	-11.295661705972977
0.12085913676179168	-5.372823440995824
0.05899678761515139	-10.648799039147105
0.08358290087762474	-8.443201430725379
0.031068372631320857	-0.909191681071742
0.09189157739203066	-17.01511083016827
0.04002100133069944	-10.198890075347881
0.03531548804301549	-8.183367732269035
0.11214252331358378	-25.754819223890973
0.10174959290952945	-9.611796711583185
0.03901182954064533	-5.208744234495996
0.036430291836796865	-9.408957902759617
0.03943059918437657	-8.184935006604563
0.09964704499355649	-7.8226559857551035
0.03901182954064531	-4.587461052302931
0.03504750940579766	-13.682044780510548
0.10848252223634575	-7.266479346131737
0.03394080373905349	-12.818791663330876
0.05570440771693942	-8.799891389326492
0.09291921093170119	-7.7337309004963615
0.036430814857173956	-4.978161946168027
0.03327806689883874	-8.691265312526074
0.050423599085586655	-1.784423172261966
0.03390371635166409	-13.290980702123926
0.036877924704189165	-6.225659774618935
0.03232953212621378	-9.109677342328217
0.08771185291956209	-9.628058033029607
0.11197519967775933	-18.236728073433763
0.06415339446707259	-9.979674034415378
0.03192399620229211	-14.122646824848468
0.03282861256290767	-1.3023729196175176
0.03432497635488099	-4.955884676988294
0.10486334441424576	-16.206278743637093
0.03577230711004121	-13.82247159639108
0.05833089067720248	-11.727705945471449
0.03236953981915837	-8.087410589972057
0.05433164153500708	-11.629470188347565
0.03199352000237356	-9.14262082499659
0.04968218753364448	-8.7712375757793
0.03534188876659899	-6.389979107872829
0.08554672923131061	-10.107861532248588
0.03221817562607089	-11.925376675598045
0.0906856514868202	-11.645250749317617
0.03422346562470336	-7.9751271652687254
0.04233836032184012	-8.634666856815793
0.03533195731466456	-12.61895236498492
0.0309374062886211	-9.402325741953534
0.08689840167844654	-13.51513780139194
0.033226498044070116	-8.847531394770419
0.053940920108257254	-11.729909295608223
0.03178167828071182	-11.561544043209137
0.03168438425306631	-12.21210881280659
0.03936825492908557	-0.6180212911212308
0.0611299188899201	-10.014627443374772
0.10776245218578386	-14.915983542023719
0.11214252331358378	-25.754819223890973
0.04513212811113326	-7.761760417536793
0.03147635372012765	-12.072121307091141
0.030993006323066577	-1.166732227969021
0.04391152022297046	-9.353404094622523
0.031843092263300225	-11.557875655140654
0.033557207725293796	-8.659159514873517
0.03609457020792573	-9.699428810997253
0.03212086154882115	-8.45887711578178
0.031684096893718476	-7.574966211121241
0.03186109038433235	-9.041186072792902
0.11007426274176312	-15.928409155700903
0.03163442007407218	-3.734404874326251
0.04488988613860855	-7.76930735788377
0.042331445311238225	-8.103238723389415
0.049679148103187666	-8.083784821907148
0.03171668233162223	-3.028079711100729
0.031202786649841288	-1.3024287770469396
0.03217960240298482	-9.848877523038068
0.071113068801277	-12.280748937301794
0.04087402644312086	-9.572967595119536
0.09204845619346892	-13.662933529623801
0.03391571928260428	-9.341656920939972
0.032328268873987036	-9.142099646541892
0.10321903657224415	-16.41146811932186
0.031127215855613125	-12.179081770185272
0.03179853853675949	-11.388780719717378
0.0921482920464368	-17.344996014668304
0.05878400840680912	-19.868083358415117
0.04233596854861709	-8.364868103368337
0.09189157739203066	-17.01511083016827
0.03931064468739011	-10.88930808934105
0.07181490393838177	-16.70907934319895
0.03602933897285226	-11.074426701704857
0.041294175783389286	-11.574142547958699
0.05632014780223335	-10.82766502874354
0.06418105212127044	-11.747686423166348
0.10874860743581823	-8.019685157048123
0.042079977217460984	-10.348675544291794
0.048781302337438416	-12.32428245401817
0.031720450468762096	-0.9495477045855611
0.032016635841413434	-11.74868211676979
0.035342236278301305	-8.097995991613212
0.04031514818677615	-8.153754799123814
0.09919291928529114	-16.740973366829675
0.10414975872407624	-22.502185019674954
0.1119751996777593	-23.02443209964658
0.05754987486193668	-17.88404325661963
0.03761933625729812	-7.488519552884678
0.048129763387051404	-14.936906832913923
0.09137813134476178	-17.040389080508323
0.05397612420786603	-12.815219600087213
0.10395918378352771	-15.832301411473757
0.032454142185981597	-11.605521925378474
0.03250580455926173	-11.607937814986263
0.10122041277208181	-12.144645989534682
0.031309063897998646	-14.612152730824782
0.07244626316305278	-0.4519106020987719
0.1347257977025101	-16.427496467035336
0.03791768938513238	-8.685061990366538
0.09006565687292199	-12.12908237940803
0.031439081659012276	-9.099120625725151
0.032924418908642866	-13.06596579530849
0.03198547586457571	-6.961429607386141
0.05515219153669352	-14.584080468534944
0.09131628511294344	-12.485441060632017
0.03622912273904317	-12.993792792212016
0.034137648262805034	-9.706471805366066
0.05805980266838454	-14.110505189737845
0.05407267225220114	-12.0294806105843
0.03257577401405747	-11.58831477694386
0.037564859841306086	-9.94654154999906
0.07085162914012023	-5.337536886418157
0.05197880490688821	-12.335514364268084
0.032391921229594646	-14.823637364838014
0.08601022753399468	-10.742312242381571
0.03240218575407434	-12.55000990113731
0.05361600386234193	-12.445845857160117
0.03171668233162226	-3.1237203996898804
0.1013321730370027	-16.45861579062935
0.031623463820163775	-13.558263295064226
0.03526277885056921	-9.700701572831466
0.10599236539943495	-16.173195905070024
0.09003185565049929	-17.424299799429257
0.09392302814612039	-17.708438456916458
0.05799617462015146	-7.824880818519726
0.1149851706135183	-16.215490395490846
0.10911654885085713	-24.730460311424512
0.11197519967775932	-23.03331104375836
0.05942274653616323	-20.06445010931338
0.03167704931001062	-9.178123658286447
0.03143908165901226	-6.340367572620296
0.05835383200928426	-19.7263844781184
0.0712069178858131	-15.860542169174087
0.032049904301095396	-8.97640007340849
0.07034723877470485	-12.852150298074847
0.06451053341970867	-13.088828940411855
0.04871132928680583	-12.342370662078714
0.0318801796077062	-15.851922501125417
0.03535628479655874	-2.4216278150801247
0.031142441956610187	-5.210613084500098
0.11755752684189479	-16.486024808063327
0.05335492622520744	-7.172585692029426
0.04792689098075162	-7.998249937960875
0.1126448940642249	-25.766304062794305
0.03073262036209743	-1.1628733046999766
0.08713691975409378	-13.502331736550413
0.10150796179448111	-16.234273213205167
0.03588268378053255	-11.2378663043929
0.03116267587835793	-1.221013738312259
0.03208391319684972	-13.49742974666374
0.03221817562607089	-8.573099983527861
0.05455424968138328	-14.30285643612941
0.06429096852598859	-13.890433784201967
0.11197519967775933	-16.309515885468876
0.051457552524187315	-1.0386924399214297
0.033220074693467175	-2.8508898970233694
0.09039532122920789	-17.471301118916656
0.03067478798809798	-7.989845213456704
0.03232165525178624	-8.697761673191945
0.03149323712640215	-10.997097283927484
0.03166045559223772	-0.913163719101624
0.03199352000237356	-9.125329911315173
0.03171668233162225	-3.3809802185034803
0.03172971349888059	-2.7700139239067907
0.031068372631320857	-0.9182038274376576
0.13929964111673127	-16.739254523367784
0.03199352000237356	-9.14262082499659
0.12973328535956472	-16.664370170834164
0.03533195731466457	-15.233794534738365
0.030956938344674386	-7.660770805432221
0.03213562851036564	-10.002329666845409
0.10441383378733031	-14.081154116068454
0.031720450468762096	-0.9495477045855611
0.03531069974251741	-13.800347477976715
0.03196984974402747	-11.60807549982385
0.057800195062568345	-23.734946167840498
0.04619832634956538	-9.448101012620223
0.11197519967775933	-18.236728073433763
0.032159863979682804	-9.14003744906582
0.058333366761702574	-13.84769453974126
0.11337761187574362	-25.377389775262127
0.03504750940579766	-13.39645271779217
0.03533195731466456	-12.785389539052579
0.05067637392256184	-15.366013787545612
0.038308161310563346	-1.4603952036849064
0.03199352000237356	-5.919283965784673
0.03236303343929411	-9.132265784395067
0.030937406288621096	-16.839963118125187
0.07097753827518176	-7.200884624609876
0.03984905053400349	-14.680523093849263
0.0900172950647895	-8.10531736955258
0.04878130233743842	-21.231410732156686
0.10161397080974344	-9.705896871530152
0.03172619265467691	-8.865269329643
0.031127215855613122	-3.959890867413944
0.03528269424636905	-12.233371070454453
0.1172571168942369	-28.430738329310703
0.031786390736970635	-12.465890150699474
0.03355493994716192	-13.484313587909908
0.09320024101092277	-26.767340564499484
0.03622912273904317	-12.993792792212016
0.09970281840187915	-17.11292223740212
0.07142432775872508	-8.69735698104331
0.032184828041355626	-18.01116017147494
0.03176193217174107	-1.0629673936212878
0.27983573377370646	-5.753104693997432
0.11186662711721633	-26.46245384598238
0.04878130233743843	-11.237254260614412
0.10874807636585973	-16.28608895871722
0.09723928151367825	-24.345263759124894
0.09723928151367822	-24.931092287607697
0.0534709350613699	-24.207846006416656
0.09691203913433588	-16.712006671883717
0.03344750947407782	-11.953253686075659
0.03097698104850613	-8.021690895404674
0.03279732909926079	-1.0191413501083817
0.0915681700978774	-21.0485998293565
0.031127215855613125	-11.369401164459418
0.03126388608385734	-4.425105412046307
0.04658775800347728	-1.320706432220213
0.04967585115998871	-7.794460511677872
0.04326850135120914	-24.20466240422511
0.08595261560026378	-17.761795770329222
0.11213315203407138	-23.044258028074093
0.03093030696870916	-6.175987475642637
0.2566195774357849	-7.392368862152823
0.07379959613981117	-20.444936814859652
0.03221299892324002	-13.176974790888698
0.08001244450652537	-16.38911986466813
0.05687850964944586	-18.74713546148233
0.09101443024356357	-17.663908473796056
0.04327702962121491	-14.771025196042977
0.031558482995339865	-14.17561373678644
0.05224256283251	-20.256528802533495
0.03555443472435101	-11.337812475627995
0.0350649829597018	-17.740356137449208
0.03149323712640217	-8.29043661002753
0.03250576097367176	-1.041879558606908
0.03073262036209743	-1.0232289310674245
0.06527499587991806	-18.141036767800987
0.03196984974402747	-9.251364915153916
0.03981672222346339	-14.714544652715494
0.03095351371823347	-9.388163139399213
0.07332131311277656	-16.790941143499005
0.031069602041054908	-0.9190366770156174
0.03188208937919751	-6.795979579374192
0.11197519967775933	-18.481141766964686
0.03168990103325057	-10.015593084823594
0.10414975872407624	-22.502185019674954
0.05768028258772188	-31.100955394508517
0.11337761187574362	-16.214186260933403
0.0594314269829986	-1.0018600729843539
0.0681152321195548	-10.004684952810894
0.11197519967775933	-17.82319126196391
0.03168438425306631	-12.620900671546186
0.03371755740336663	-1.204146047134613
0.030509060037008644	-2.813001846495704
0.03143908165901226	-6.444225977267294
0.10556973078278706	-24.286136626419026
0.03139559220649394	-11.031377084292423
0.03121295082326295	-1.3020045955429724
0.11191912152866332	-27.573078260169805
0.09931957091441414	-17.72451320267765
0.05008195947573933	-19.96722732642656
0.04021772281963215	-7.077224396141855
0.032184828041355626	-18.01116017147494
0.03145708213038587	-10.254812665044312
0.03124119915547338	-22.40081715550075
0.12323888150028398	-13.163927520841458
0.20136277262421093	-12.0464394673577
0.06938620355091624	-23.669137405735107
0.058185921076552946	-16.026744012971342
0.03152237602237055	-13.938484143460052
0.05270411335542231	-19.7328112407113
0.040196290687433606	-11.053905059234298
0.035017780990676976	-13.407838207965964
0.031167569909656672	-1.2208219863952021
0.09723452094416633	-25.56500402695408
0.11647378935310326	-27.416252255444167
0.04815752952810288	-15.79582376657813
0.058423543589315514	-18.595449245895498
0.04856918612528539	-12.350230746245948
0.11137312458766353	-25.883951026721217
0.11599138641444981	-19.095057929980864
0.031786390736970635	-12.465890150699474
0.16793095292173235	-14.691805552148423
0.11032005842657125	-24.557812550137633
0.04758658304409047	-21.851424227320408
0.03246126754661145	-15.568153491614106
0.03184266081852288	-14.158737519594066
0.044894709788581184	-7.390243131368611
0.034080255203491595	-10.313161066483373
0.033985397044281954	-23.94274139265536
0.1101820244657537	-18.65859022936083
0.09261755472976899	-17.659652747490757
0.03094350063747625	-6.184193436797796
0.05502154906637684	-12.942646942732816
0.032184828041355626	-19.03771848168939
0.05794603226796407	-18.765484222265844
0.03202412928028908	-11.044577640683976
0.05752674462590129	-17.88328968884977
0.03096535339484525	-1.2206384947331304
0.054797704434533814	-9.843886196348356
0.05878400840680912	-19.87660987056356
0.050648823570348285	-15.559099020832013
0.08163739456004201	-27.561523494309604
0.11723437117181777	-25.357533741941776
0.031703131769652296	-11.303018876848279
0.09748970561388534	-16.38394986866309
0.05769703201519207	-23.698227144606722
0.09805258356954345	-25.288898075523527
0.030951661763590533	-19.525382638204107
0.0940720778317666	-10.96742379584005
0.03137932243412691	-14.533189736976096
0.09337402786093996	-20.06116275700249
0.06322493651399562	-12.375845762487963
0.086039268886752	-1.6643357720476775
0.05894910805617512	-19.891560066343093
0.030948772453237985	-1.214790953709873
0.0309374062886211	-16.83375075013597
0.03554895402336072	-11.44700390038942
0.030768664033236755	-11.248160694210789
0.11202970185406884	-18.32144386773143
0.06563892505860498	-22.180322583824193
0.03863611272014198	-4.681314562356953
0.11647378935310326	-27.416252255444167
0.05359035195148153	-24.256853114380267
0.04815752952810289	-22.591579732726093
0.05687891886845273	-12.81906275892499
0.03208930884605903	-11.36874143173565
0.06640870424782197	-19.400588506156684
0.03155848299533986	-16.917374212550634
0.09805258356954345	-18.64953262637787
0.03235987600420249	-15.78571193224876
0.03125164311494293	-14.220279912450595
0.031241199155473375	-23.93796530658904
0.032408031967399456	-9.118770860737936
0.03146707477467112	-1.1543516453838913
0.033784138780029456	-23.921651965704715
0.11756067695374799	-27.677621984703144
0.03365276510439344	-13.536381110666614
0.0722081984021546	-22.639926196614088
0.031217878238167764	-21.19820971549515
0.05146622302872523	-12.845862471410845
0.03324039844617077	-10.910478491503058
0.11128771020210636	-26.9804711162535
0.05879855885288681	-19.079924471738618
0.05044571566130543	-15.614738899646433
0.054616395142622454	-19.73054454810731
0.030369790064596072	-5.419198240406008
0.03246126754661147	-7.599201354512502
0.04815752952810288	-15.79582376657813
0.05542890717040787	-21.177776014553608
0.0635704832719508	-23.192970247980583
0.11366734424872596	-6.548579230168931
0.04878130233743842	-21.231410732156686
0.043735339774200986	-15.139005769855965
0.03105282442136681	-14.377006417160814
0.037556192053645236	-10.095640600210908
0.03246313573984851	-14.810892043149076
0.10913659517152194	-24.731663822370038
0.0649212740392245	-23.623115645127637
0.03242055852916739	-10.92262523551301
0.1126448940642249	-25.766304062794305
0.095872104631393	-24.31021915445612
0.04573967596791602	-22.246936707628862
0.056878509649445845	-17.935108829509954
0.030979043719023443	-12.463495149671694
0.03094063226462866	-9.398875092088517
0.058930793100289036	-14.652982533141856
0.03860529243118366	-21.676830403701103
0.0976764477263137	-27.02968669934699
0.044592623315846965	-22.048700692633425
0.07223887636665567	-10.991813456612057
0.05190681265611453	-9.856675071418406
0.04190324565843024	-28.907589179462104
0.0681525363407161	-15.872343381582096
0.08922727244670559	-20.041130367173555
0.03967786046212606	-12.605196728016772
0.04806352268039409	-23.46756058977143
0.03834383164771813	-11.987199175957874
0.10911540531856051	-27.234641761843353
0.11612543845604266	-25.668507021890367
0.11584500695218237	-27.404309496834458
0.03279558943492122	-13.47875212754394
0.09745738992331576	-26.82176966230454
0.042663303310300764	-23.884661764229026
0.03097698104850613	-12.084071914757631
0.09723928151367822	-16.481346530123268
0.03270230390889139	-1.8409980896388374
0.0325822950204271	-5.840225194548813
0.0333414915804629	-14.944445134654876
0.08163739456004201	-27.442183291975866
0.03068019673845605	-1.1616169912013472
0.03153347302477621	-16.24451282969232
0.05718610476724956	-1.4852528964986416
0.06926924431936607	-13.273986649778163
0.033985397044281954	-24.34777701033358
0.03096535339484525	-1.2206384947331304
0.030938548271742708	-10.76320177373118
0.03192399620229212	-12.147344299301423
0.031127215855613122	-4.354837116828847
0.035960057588691106	-18.762250881257035
0.031142787320581858	-5.236420683721936
0.03278684701768862	-16.87570393492865
0.04274196448986807	-9.560342285447708
0.0316681217256686	-1.177212100125741
0.03094350063747625	-7.361895529823394
0.032674616524306796	-14.199874525653508
0.09741269494914803	-24.453451655522784
0.03125164311494295	-19.618633920430483
0.03860529243118366	-16.523195580289986
0.09633656950592602	-26.045839716267512
0.043935503866903786	-23.90817020264156
0.030998048244053375	-11.243746641868649
0.03421753339936556	-3.087134308515023
0.10113934183568618	-24.680245355596764
0.11862504031429802	-24.46528110082373
0.041620611609859914	-29.16707285551317
0.030948772453237985	-1.214790953709873
0.05185238661779363	-32.48059499891492
0.08206610559132507	-26.219170395598702
0.03924233771143606	-19.684097197645137
0.09539839797411316	-24.258912649643097
0.03169827594344577	-15.56417499252887
0.0309823317160605	-12.608512465357064
0.030628245575401558	-8.04828287907311
0.032066578128899355	-16.882654193501796
0.08163739456004201	-26.973535760477084
0.1150601470215788	-27.058255135951395
0.030732070445306688	-9.356051274498157
0.031242099856613387	-4.351477994098359
0.06671895291760949	-23.356004976694138
0.031163263013516868	-19.14479618912294
0.10173741130148521	-31.71672777809278
0.031177948811145103	-21.44826222497349
0.05289563753093089	-23.503313903006823
0.034663801739508775	-1.03690368877473
0.032184828041355626	-26.351461718629963
0.048157529528102885	-16.00815381456276
0.033985397044281954	-23.94274139265536
0.033985397044281954	-23.94274139265536
0.07021303703044492	-24.10313972733846
0.11732440250413613	-6.161028142175556
0.05026880479961456	-22.263996707429676
0.04670111452455726	-13.820517157816097
0.11142036880517676	-27.213419420143705
0.058188069008738366	-16.28431755581673
0.09321776860723809	-26.76918742085881
0.09775191373727049	-26.699698987199493
0.03125164311494294	-16.74726199376376
0.030674787988097967	-5.594361461468996
0.11767426196897555	-31.112524653353432
0.033784138780029456	-22.199009098731075
0.05777256394411124	-23.65273747146026
0.09768141569539758	-27.02825734427361
0.04573967596791602	-22.246936707628862
0.03133411343123848	-1.2789530312679607
0.07253651288795755	-24.301979607366484
0.030956938344674386	-7.660770805432221
0.11676320337311259	-27.796802151147105
0.09735100437007632	-25.112382004102304
0.032184828041355626	-19.03771848168939
0.10914243707905776	-24.444651993512583
0.044592623315846965	-22.048700692633425
0.1175575268418948	-27.678401669864655
0.031241199155473375	-23.93796530658904
0.11584500695218237	-27.404309496834458
0.0394876744754846	-12.898332609943617
0.03692779130851418	-14.731295645811109
0.041875139665394495	-17.35298781083919
0.07925230520072044	-26.485335772663394
0.05592095190577444	-14.724413399906519
0.11751831776736138	-27.773232493228537
0.09128266399162728	-22.503298627135194
0.042536094086827105	-18.79999384369298
0.036608566913442095	-8.601906785819025
0.030928216964156135	-5.285685113159184
0.03589493950658973	-24.629572841594396
0.10030949515591871	-27.284631939094776
0.03067478798809798	-7.989845213456704
0.030764600153796076	-1.0538819599260079
0.03416027717455066	-24.27774224717236
0.04178205442319684	-28.551344060381734
0.03355292673323679	-24.0180900826431
0.11660892454257586	-27.40091167694179
0.09796974027546343	-23.811588284717388
0.11931723864642028	-27.425100775284122
0.03178973087092552	-15.770566780606764
0.03093030696870916	-6.175987475642637
0.09575278513395513	-25.349814397825096
0.10924115162797059	-27.238155879083482
0.04522433059612061	-21.069842391903673
0.031007154847124643	-12.261380981242826
0.030349137573295618	-5.4228865287567665
0.042671511014621175	-25.148592421142748
0.031385958667904494	-14.723377994415722
0.05769703201519209	-23.747310151250808
0.03255234004988788	-18.70354572778486
0.030674787988097956	-8.3399416523704
0.03900943175937941	-20.650645636465438
0.042394133032721534	-27.108202564113327
0.030732620362097438	-1.1705202347689878
0.05768028258772187	-30.95535703158755
0.03239192122959464	-18.687614024045306
0.0359600575886911	-13.620005444276813
0.03139732537869841	-11.476493749201493
0.031759360324228825	-11.136083442084376
0.03152237602237055	-17.98872990209723
0.05768028258772187	-25.818712842315474
0.030521036538488346	-8.032354711893566
0.11765235951642158	-25.015610080967445
0.030982331716060508	-12.589491591710217
0.031309063897998646	-14.547544834012328
0.11747666790914352	-29.0387900279611
0.042671511014621175	-25.148592421142748
0.11755752684189484	-27.493439315970072
0.030628245575401558	-8.031092877452908
0.031065051326069158	-16.353541652509943
0.05768028258772188	-13.652503741700249
0.03243256430449806	-21.960825342700797
0.03398537676193861	-23.942730109436777
0.030930306968709166	-8.430453848158189
0.11719983251303816	-20.539949860572513
0.0568625450299704	-10.384547666270892
0.08159604128446699	-20.89853659547529
0.07945014812566169	-38.83812284614634
0.044292667763715134	-13.918949980980495
0.10159450060998959	-25.050739767408132
0.043167510406701956	-13.028811580847718
0.04412108565646142	-23.247028107850827
0.03137247995493392	-11.71542600043413
0.034308837747209615	-25.077126942315335
0.03376956576510437	-20.48870689390442
0.058971755199192025	-27.29358896495909
0.11144063736341275	-27.29641755736339
0.0443215161187721	-28.364188900232353
0.04374317829614804	-20.39774777094114
0.030679257567615283	-19.282287163115257
0.11748587812245855	-11.353535204468763
0.03369370158114284	-19.175060824623603
0.041522407645470986	-28.966114305330166
0.030919040285680363	-14.427656877084708
0.036657769486487815	-10.06799056277949
0.031530731346140095	-10.387650550455964
0.03073262036209743	-1.0225515340420188
0.1172930069179311	-30.598089306541915
0.11768064263141309	-28.89833490664592
0.030509060037008644	-2.773058398012366
0.11756067695374799	-31.086767920190645
0.030668931222032323	-11.05306176016632
0.03082522343994447	-11.161483702675447
0.030978907864623696	-20.321175537303617
0.031675288624071034	-16.180479816026356
0.11584500695218237	-27.417982501310686
0.11756067695374804	-27.66401829478637
0.03135115584639409	-22.769526353764842
0.0316088132117894	-12.509533282647942
0.06046757045569875	-9.27175188826778
0.08292327450432353	-18.77072776035757
0.05712303842950549	-32.13911302214918
0.11710300014644619	-27.072947060574872
0.032997041216821246	-7.723695487760387
0.03256373316682065	-20.324550426170767
0.04244726661325629	-27.120654414529966
0.11835048342672738	-27.781785241744082
0.07921220483845282	-26.298102670608035
0.03306092110082298	-15.283972104728536
0.031075337740264445	-4.7989369900349015
0.04315369936624148	-21.882581506630345
0.038715486832448305	-25.265665447863157
0.04392797003593554	-25.11315785844161
0.030391689245947706	-18.600070348498832
0.041918515789662304	-17.794496535394916
0.03123747218568384	-22.143630936944152
0.031052578087602468	-19.47284157582216
0.11701168693360699	-27.64450766463857
0.03410662043128614	-24.20550670946063
0.04990901850828082	-17.79059972881564
0.03093030696870916	-6.175987475642637
0.0311758132406222	-7.167364771022194
0.03183966686248017	-12.529048398733684
0.03410740580695232	-24.25925325129896
0.0764404541637697	-27.099628069699353
0.11584500695218236	-27.058178689921288
0.032670473282981914	-2.726372264319445
0.04116786533849649	-28.73385230657316
0.03097698104850613	-12.194632557645656
0.11526047598461944	-27.697166651641346
0.09152145089209325	-26.09499679103606
0.030562310313404954	-13.109546189292356
0.0735753926534204	-15.498631388444311
0.09858770149975679	-28.53673220614488
0.0923505008032755	-27.310750854623265
0.05768028258772187	-30.95535703158755
0.1164737893531033	-25.535656081269675
0.09712235746779976	-26.665655085963834
0.0909649525343825	-15.648617735073492
0.031258146374386855	-13.900145100635035
0.059772429190991246	-24.430705686713694
0.03442450773189078	-16.622463324644883
0.031417218009533114	-5.664776473979108
0.030982908869669132	-23.754819309985958
0.030674787988097956	-8.3399416523704
0.04923433007703406	-33.253620513173544
0.09642427769394143	-23.89019738655466
0.057676313093728754	-31.103999316989693
0.11647485956738994	-27.41599050812292
0.0813495407090986	-27.328853789847933
0.03405904694912806	-22.453217064632522
0.03624047636156475	-14.401495752530234
0.03193288932868233	-10.058503475132543
0.031217878238167764	-20.81859745201317
0.04211308970852052	-24.094182988062965
0.03076324624408748	-21.796876683621914
0.030947714861080278	-7.451237336953671
0.057324800580315444	-9.969012068753633
0.06421315982819766	-14.848880059903324
0.0309374062886211	-16.83375075013597
0.0309374062886211	-16.83375075013597
0.05650070174137983	-12.647701040807119
0.05631722571181164	-17.02739440736041
0.03490967846108641	-10.988885031982267
0.04211318205597017	-5.863845119508124
0.03729181133214059	-26.753407785035428
0.03062383955650587	-12.806492274623977
0.030572932205307372	-15.365377455996178
0.0315335488405276	-9.185496065860896
0.0668791702428073	-11.476858158199503
0.11439314691018068	-30.268280602494297
0.044532264176202735	-27.364915573421847
0.04210031631667916	-32.17730135986559
0.03294134576921289	-23.87419755830636
0.03239960743830454	-20.510239744483048
0.030780981873277605	-8.35167241758526
0.03214304168817559	-21.439803883501074
0.03101740639129935	-10.711945019549068
0.03097904371902344	-12.717186455189402
0.11728580842341567	-32.8444773747161
0.033913422928873234	-23.17075325089662
0.031110913772598104	-22.844008087438116
0.043283932315586665	-24.42816490642888
0.03474332322950398	-8.316676004243092
0.057187639252640476	-32.145868935598834
0.03477038574307064	-24.436874340821205
0.031402417154230165	-21.025924559674163
0.033806573177434865	-15.435203626709573
0.032440766297554685	-21.592867719005863
0.03123768594603679	-24.543697008220768
0.03905159584658525	-14.65957995528304
0.03133953520142416	-18.9250476335563
0.03097698104850613	-10.766788395639416
0.04458567454232509	-36.09392094466925
0.07303031863345354	-27.511496178776543
0.03082522343994448	-11.729269088179546
0.04178205442319684	-28.551344060381734
0.03152425595232421	-12.347961331247935
0.03338851611647965	-16.540279086586814
0.031522677927911996	-22.239793147207077
0.030936904101499484	-9.402691717219918
0.08149897149217593	-12.925598135881392
0.05281591062124674	-20.44837924743702
0.030825223439944486	-19.377975451966076
0.03076866403323675	-6.915847733190172
0.033693701581142856	-19.670454363181427
0.030979043719023436	-12.295333936983585
0.03958533197548645	-9.865096673133532
0.04507073751766643	-26.036437285534888
0.031200155778712088	-22.15817640683643
0.042310015612515385	-25.064322294058552
0.07945014812566167	-38.86980973649777
0.030979043719023443	-12.280054746295646
0.031204640628150027	-26.428091886247568
0.03357734340575558	-21.95956915192324
0.031217878238167764	-21.19820971549515
0.031177948811145103	-21.561793048004283
0.03410740580695232	-24.23753422107861
0.05768028258772188	-31.12753497111406
0.042394133032721534	-26.78395542412447
0.030674787988097967	-5.594361461468996
0.030359735878929525	-21.673177697125475
0.04189999129528324	-23.2876898997271
0.03094015028257485	-19.51145611495948
0.03347218106150337	-24.490110836852196
0.030937423929452163	-16.83995351026349
0.0309516442714968	-19.525393678252048
0.031091069735204566	-25.492682581566026
0.031066933291177736	-18.324040104935392
0.03133391262247536	-22.78069727616394
0.04297466637968783	-27.86019444561563
0.04641654245575807	-31.95762416884672
0.037316928217085515	-21.573305553602776
0.04267726244174453	-25.14949267148679
0.042671511014621175	-25.148592421142748
0.04150909499711837	-24.932164001923365
0.04731095124811417	-19.729726397838146
0.042971620963153385	-27.260701577861628
0.03162013881369109	-5.658919664178121
0.04178205442319686	-24.53934075785342
0.031065051326069165	-18.131742106386543
0.030946663112473002	-20.75648778556991
0.031275546393405726	-16.184444464585503
0.032182946310896264	-25.761348980137456
0.033985397044281954	-23.94274139265536
0.030937406288621096	-16.839963118125187
0.03376956576510437	-20.48870689390442
0.030937406288621093	-18.99002536512137
0.030978907864623706	-21.15143824349111
0.04701598524620447	-27.69657614260444
0.11690717725028921	-30.94873084325856
0.04512459965050816	-29.638228303233795
0.045368540678632746	-31.168785688380495
0.04196582574297442	-26.99947247869536
0.041189387771436055	-27.610848517468206
0.08066092830638517	-3.419919559824819
0.06019781044918628	-15.726711641000033
0.030978907864623706	-20.46169273384531
0.049234330077034066	-34.52223447830703
0.05768028258772189	-31.143756846657016
0.030825223439944496	-19.368265411763705
0.03329905374213074	-24.447315635021585
0.042964173603993135	-23.484808593382873
0.03281636761322732	-23.765873672822213
0.03426455794111889	-24.128712108115007
0.030879202763745763	-22.609189059416373
0.045070737517666465	-19.41509529148906
0.0309374062886211	-16.83375075013597
0.030978907864623706	-20.838993538365546
0.030947821651569795	-20.78567114888692
0.03093673786255154	-16.069728990113404
0.03357940287952588	-17.27808619348286
0.030919040285680387	-14.276985015538477
0.04269835202939588	-25.819042051002018
0.033794502518101496	-21.52088888033572
0.0358949395065897	-24.602981757682734
0.030768664033236758	-11.259731130997341
0.030373842338970485	-18.25923362371198
0.045604420344806613	-17.556768996973503
0.031241199155473375	-26.10278378770161
0.043094648956275135	-20.602819855748802
0.0929504538841338	-6.742737615626844
0.05759469362035842	-26.58164024251866
0.034112831764415076	-24.255321609182513
0.03134819916890558	-22.77167641013731
0.04706352961573495	-28.100608379284896
0.031198099781605742	-21.787783813756
0.03123747218568384	-22.143630936944152
0.03074943152712144	-16.94295127104721
0.030937406288621096	-18.88223945537007
0.0309789078646237	-20.427910933196024
0.03729181133214058	-26.813584173004873
0.030572932205307372	-13.947004533843202
0.031052578087602468	-25.17646658492545
0.030630275381159307	-4.347838157627671
0.041348011430523884	-26.667024515229702
0.03377307285379542	-24.10158369320331
0.031537315606757994	-11.603197819649175
0.03114976503604106	-17.657803832187277
0.03108494046884855	-28.145824785079686
0.030371729843007535	-4.908044708463566
0.030763246244087494	-22.0222612597107
0.03335340525616955	-15.350681585742388
0.04231001561251538	-29.91719796423273
0.03729181133214059	-22.375277842289776
0.04178205442319683	-30.642337450375877
0.031164551040211503	-21.236329646920243
0.031204640628150017	-26.836204676698944
0.042971620963153406	-26.777045924654644
0.037788786645467976	-25.844704043035343
0.042399042001721274	-25.454091757926857
0.037868893244741075	-27.207281893702568
0.03115831768685583	-23.94285614514015
0.04267096433141652	-21.587674970508147
0.030920315779338185	-15.942838843998974
0.033459361754915415	-25.823483192856298
0.030580351972291378	-7.5455388659430165
0.030369790064596072	-5.419198240406008
0.03398537676193861	-23.942730109436777
0.03116357050478112	-20.249507755726288
0.030572932205307372	-15.19379205405466
0.04374326414441254	-26.110666597431827
0.03157814672607133	-24.078706325613823
0.030937406288621107	-14.406858338467412
0.030937423929452163	-16.83995351026349
0.03666433369254303	-27.587930825022443
0.032584003719745604	-25.26385101708315
0.03100388241731801	-25.490267048422297
0.04507073751766643	-25.947438062308247
0.05877150272754298	-12.30207321588971
0.08746892505374221	-10.693003136762783
0.03191051006288255	-20.409170576837944
0.04726471125280325	-19.2773802211202
0.030508309514463646	-15.123618752861667
0.038055529913759996	-18.595793554191925
0.03347218106150337	-24.490110836852196
0.033985397044281954	-23.966824844609818
0.031414808672760246	-27.679739220477828
0.039422622475978615	-26.222674855165106
0.03094015028257485	-18.973059897921065
0.03416027717455066	-24.571867447497098
0.03123747218568384	-22.143630936944152
0.030937423929452163	-16.83995351026349
0.03185392120342599	-20.693356187319996
0.04729397226366798	-26.04982722456762
0.04458567454232509	-36.09392094466925
0.04458567454232509	-36.09392094466925
0.03067381455003691	-22.402515125845316
0.03294161103188602	-20.875583161720837
0.03254712010288101	-22.506150367547544
0.04109431174325738	-16.606248401075625
0.03083563762488159	-20.93647060212417
0.04924915285368894	-27.610472592804463
0.04430424440768178	-36.24441323528712
0.03210938107165075	-2.632833129878803
0.03147619070310522	-22.228878171812873
0.03968821868726636	-28.75081739844607
0.03124119915547339	-23.94024393446666
0.04512459965050816	-29.638228303233795
0.031110913772598104	-22.844008087438116
0.053016552620146554	-29.572911041372667
0.031191800725260736	-27.598088413927947
0.03184349089266325	-21.510999677365568
0.03729181133214058	-28.30545860471432
0.046502889338115076	-30.298787134906654
0.030936326574459123	-20.80878651826577
0.03859452302797412	-27.173039973737502
0.03158097773933862	-21.005297197964918
0.030389061856900552	-5.213003508609415
0.049421414414022535	-27.73601272957794
0.030637599577118296	-13.401314375813401
0.031002793342022335	-25.491163814823395
0.030556594599359492	-15.743497502407362
0.033025051007872355	-22.610526145341545
0.03824215604047787	-23.006146922670485
0.0614054022819322	-34.48090080597415
0.03754950177411197	-31.48744364583795
0.041167964987223755	-28.305333571996197
0.04190315269020847	-29.725264381175215
0.030785504871956394	-22.806455515162156
0.04375471964453084	-30.276992106813147
0.04461198942778575	-34.5314885042148
0.03099631227558944	-22.86593389204762
0.04230227203795282	-34.32251542348833
0.04457860856422821	-31.482407792749175
0.03106497250457814	-26.873927063749477
0.030947821651569785	-20.78169166445659
0.03096767660091171	-20.75714577298616
0.030509060037008637	-2.9150272006722155
0.04923433007703407	-35.20401255085926
0.04512459965050815	-30.05124255327898
0.03343074926013186	-29.827746405435427
0.04306093562654582	-36.38030134733456
0.03499047647998922	-19.45265537926368
0.030509060037008637	-5.808892737089089
0.03036208838907211	-10.90371020659472
0.03908770452100618	-27.94405427490165
0.03108494046884855	-28.145824785079686
0.04178205442319683	-30.642337450375877
0.05137230108249888	-2.3886307004003324
0.040040920170079944	-29.962324136948162
0.044318872499206484	-26.703188897655476
0.04232595072377449	-27.212877662557325
0.044411769868658024	-27.645585708129023
0.031203788403160123	-22.79620314216719
0.03119803527394931	-24.563557500292916
0.03083372639112103	-24.538498174144202
0.040206224835807006	-26.67679603181363
0.03104450474793229	-20.715426563272132
0.030583903360820803	-12.933964199538215
0.06462015722265876	-5.631779531689778
0.0793764171943202	-17.19565781424508
0.07697341007889143	-37.58969564600377
0.045343355853224625	-30.678762046505376
0.06440774925996931	-31.83308618054115
0.034959304637458666	-16.697838186118002
0.03171791064711013	-24.21675955174562
0.045580177664502564	-24.156689858185473
0.05884950065708987	-14.026275186138422
0.07638020096131956	-13.20293481347123
0.04178205442319683	-28.455653796896275
0.032182946310896285	-25.841532467196163
0.030340765564276773	-7.567957876737158
0.03118675220346549	-17.240179941697992
0.04384324493707215	-29.61045218121469
0.030609582608321657	-13.162886289636612
0.03243749782061922	-11.814391366516556
0.03177075957908272	-19.400368704894877
0.031684195227974575	-28.472454659854268
0.030981717513665796	-23.986463505289006
0.03366028969772156	-32.01933415154031
0.04335232694775432	-22.09366439627773
0.06038468184219536	-24.88408150943546
0.09586238680649461	-16.371813503112357
0.030947821651569802	-21.047692924714482
0.030978907864623702	-20.579340407938286
0.03156837123096344	-24.082351165961065
0.0307233412867057	-21.84735639161487
0.04188080094934396	-27.089017987877998
0.030653948892787573	-21.529638373361035
0.11599707320871554	-35.30215125818475
0.0416066095359318	-24.783805475018106
0.031204811906112292	-26.723076909654825
0.033459251982929886	-26.01734050792389
0.03273997643511587	-23.002118234846414
0.03137764213137127	-25.39503978495917
0.04544987179813235	-31.632588928765205
0.03100388241731803	-23.807645263369086
0.032475381155348315	-26.52004110435493
0.031705132297228766	-25.440884349696663
# $END DATA$




