# x	y
3.020092342913200181e-02 9.215496457584496093e-02
3.020201209266909839e-02 9.185495756661786471e-02
3.020201209266982351e-02 9.181183841533241408e-02
3.020213009644905078e-02 9.171982145078233506e-02
3.020214953010623080e-02 9.169050344981070910e-02
3.020218366194203988e-02 9.160041411284164381e-02
3.020218366194204335e-02 9.158517790199925679e-02
3.020218372961185060e-02 9.158515140742008731e-02
3.020220923758533751e-02 9.154372288313653017e-02
3.020222437574767230e-02 9.149248780733976183e-02
3.020247630055534344e-02 9.125833155891044379e-02
3.020252329117675480e-02 9.122915926886181193e-02
3.020252329117676521e-02 9.122915643513798689e-02
3.020339319419577256e-02 9.119858052435481088e-02
3.020339319419577603e-02 9.111000429921613242e-02
3.020410084633015635e-02 9.108397115662140997e-02
3.020410084633016329e-02 9.108397111639209009e-02
3.020446398302342739e-02 9.095226305294476510e-02
3.020469661637811484e-02 9.091854261872850396e-02
3.020515450512920030e-02 9.079868451391337469e-02
3.020515450512920724e-02 9.079555504643926911e-02
3.020552076719869652e-02 9.072872552694657977e-02
3.020552076719869999e-02 9.072452165586916695e-02
3.020557006252068064e-02 9.069693692706526367e-02
3.020557006252069104e-02 9.069681507408625110e-02
3.020584719503760507e-02 9.068260832897302726e-02
3.020662942950155458e-02 9.063542117170902968e-02
3.020695664628498048e-02 9.045924771477402426e-02
3.020798243863626747e-02 9.034250217553035922e-02
3.020802466974819786e-02 9.033697903390869310e-02
3.020915306653332993e-02 9.022692281212832399e-02
3.020915306656068652e-02 9.022691645013873607e-02
3.020989570541537939e-02 9.017041264139108447e-02
3.021004635385290266e-02 9.008096737507677310e-02
3.021080924838925527e-02 9.000080359081667758e-02
3.021135516938876220e-02 8.999812961526847122e-02
3.021230986916896219e-02 8.992695121976297667e-02
3.021230998038122728e-02 8.992691880897599188e-02
3.021263850731989442e-02 8.987793411915818986e-02
3.021444470404582167e-02 8.977731137548174145e-02
3.021484380915717347e-02 8.976655008962390603e-02
3.021484380915717693e-02 8.969579270854573239e-02
3.021536612358170434e-02 8.968385414854417037e-02
3.021577717831551435e-02 8.957356613552719393e-02
3.021577717831558027e-02 8.957356507196641282e-02
3.021578143145408485e-02 8.957234070976241580e-02
3.021676493210496625e-02 8.950180274548423520e-02
3.021676493210740874e-02 8.949836248172850228e-02
3.021894241161661443e-02 8.936269321880660477e-02
3.021939692647278297e-02 8.935860279814350493e-02
3.022021542377744188e-02 8.926814246835407252e-02
3.022147468062369099e-02 8.926611483902938127e-02
3.022287004456680401e-02 8.915907652560858820e-02
3.022287004457167858e-02 8.911070533490002277e-02
3.022391324102026086e-02 8.904875053983876687e-02
3.022415302926173900e-02 8.903522698267930802e-02
3.022669543505582604e-02 8.898914834687046693e-02
3.022735709164376186e-02 8.894371186070294810e-02
3.022846843991405102e-02 8.891606431946123823e-02
3.022892812569545617e-02 8.885674675430808855e-02
3.022909178199222752e-02 8.884293929711284399e-02
3.023018656918904229e-02 8.882224565107645076e-02
3.023018656918904576e-02 8.882224506154126620e-02
3.023125244728361999e-02 8.868659424777632083e-02
3.023130366587154991e-02 8.867301658056180036e-02
3.023307179157528821e-02 8.863390188229583466e-02
3.023462571955884415e-02 8.861110648211557861e-02
3.023530213532707456e-02 8.847996097983522323e-02
3.023846637898873480e-02 8.846080584962633109e-02
3.023846637898874173e-02 8.846074611883805727e-02
3.023856717482419770e-02 8.844740610611241671e-02
3.023900425930213867e-02 8.843668058666542819e-02
3.023922875062147464e-02 8.842612958692340486e-02
3.023991809720160198e-02 8.839151979167739204e-02
3.023991929124009853e-02 8.839100317710379962e-02
3.023995349670630106e-02 8.838133815125549797e-02
3.024046328819109813e-02 8.837488654720720982e-02
3.024173690674877152e-02 8.825523313905994649e-02
3.024173691595487962e-02 8.825521887666368248e-02
3.024234877465719132e-02 8.824443533782479199e-02
3.024234877465719479e-02 8.824442945494134771e-02
3.024306774785568558e-02 8.824142481745997357e-02
3.024314351936435025e-02 8.820856777602652243e-02
3.024314351936435719e-02 8.820853417735914637e-02
3.024338340765134539e-02 8.820721031281997249e-02
3.024465421542124610e-02 8.815687037245585611e-02
3.024497468486121374e-02 8.814452715641681035e-02
3.024581063341640411e-02 8.809459413615461365e-02
3.024818807256654529e-02 8.796263512747785895e-02
3.024926865935287715e-02 8.793154800343573607e-02
3.024934552528298418e-02 8.789448319153618516e-02
3.025021487582827545e-02 8.786134710178246376e-02
3.025022828707103068e-02 8.786113504667585061e-02
3.025022828707103761e-02 8.786078440379960219e-02
3.025076167164499757e-02 8.785288196679834349e-02
3.025097410103383053e-02 8.783881671245895306e-02
3.025097410103383400e-02 8.783881644940269573e-02
3.025195698814631823e-02 8.782272845126314065e-02
3.025195698814632517e-02 8.782272824488794594e-02
3.025196908655712960e-02 8.782252140733808055e-02
3.025236493101189986e-02 8.778292283916010186e-02
3.025414955859309293e-02 8.772117992827753452e-02
3.025552412586008169e-02 8.770515361965944279e-02
3.025552412586221887e-02 8.769990289615227363e-02
3.025660405123536956e-02 8.763397017695032098e-02
3.025805862178300096e-02 8.760459342940310479e-02
3.025871811948019352e-02 8.759517713171625919e-02
3.025872125874496527e-02 8.759324519672177789e-02
3.025872125874497220e-02 8.759324519407744869e-02
3.025872125874497567e-02 8.759324516430620766e-02
3.025872807828813849e-02 8.759318706991153780e-02
3.025872807828814542e-02 8.759318706258843734e-02
3.025897021466457740e-02 8.758093934466226749e-02
3.025900207708482822e-02 8.758061615525489230e-02
3.026069459271860107e-02 8.714800678685181989e-02
3.026072592425117086e-02 8.667684626846962337e-02
3.026072592429990965e-02 8.667684626841615225e-02
3.026074722976876061e-02 8.649208490901826030e-02
3.026074722982043802e-02 8.624529636888277062e-02
3.026082386394799914e-02 8.618116360507083185e-02
3.026082881216874201e-02 8.616379999675573276e-02
3.026082881216874895e-02 8.616379984645897161e-02
3.026087438212570271e-02 8.613460325448803190e-02
3.026088757868857643e-02 8.608006999223917488e-02
3.026105196778135567e-02 8.605558596065740473e-02
3.026105196778136261e-02 8.605558596065718269e-02
3.026119829417983978e-02 8.590535513071480278e-02
3.026150739720819341e-02 8.580082683288441092e-02
3.026152495012843224e-02 8.575915375015981390e-02
3.026153485820001765e-02 8.573621059015698598e-02
3.026205819256150287e-02 8.561755320578415263e-02
3.026205819256863952e-02 8.561755233292736578e-02
3.026241104254281250e-02 8.554758211119276035e-02
3.026284523835422180e-02 8.551298510312377310e-02
3.026296398320759556e-02 8.549317304641410042e-02
3.026355798512319131e-02 8.544780412546533477e-02
3.026418592907667571e-02 8.527660016808943921e-02
3.026418592907668265e-02 8.527659936665191176e-02
3.026418592917541964e-02 8.527659926107901411e-02
3.026598460464225218e-02 8.524288763827315984e-02
3.026627103454588436e-02 8.515896385018202619e-02
3.026644070553045907e-02 8.510554001577728955e-02
3.026711174547780381e-02 8.500662925813355641e-02
3.026944972851594931e-02 8.496052551183295998e-02
3.026944972851595278e-02 8.496052527137806787e-02
3.026968901211250090e-02 8.490855530620015912e-02
3.027029852555128756e-02 8.469762000592054307e-02
3.027230294124827470e-02 8.469751051155055555e-02
3.027237649594597541e-02 8.467228389952334566e-02
3.027237675645235576e-02 8.467206792507302182e-02
3.027287568852641414e-02 8.450949091341687647e-02
3.027287568852642108e-02 8.450949089000277248e-02
3.027318531757414513e-02 8.448852215032187640e-02
3.027396055095023936e-02 8.444450819548419973e-02
3.027406804504463242e-02 8.443193818050193089e-02
3.027406804504534019e-02 8.441735596183651269e-02
3.027617621590591654e-02 8.438048985744221742e-02
3.027627021438346333e-02 8.437909750819061472e-02
3.027640935704290284e-02 8.432526848959745469e-02
3.027647009858553187e-02 8.425412491028035078e-02
3.027841163287636750e-02 8.415650402494032067e-02
3.027963473585387408e-02 8.413510046399776121e-02
3.027963473585388449e-02 8.413510012489087975e-02
3.027981429672519514e-02 8.407010500596080738e-02
3.028127448617213766e-02 8.403736271648766520e-02
3.028128962289111659e-02 8.403717240240392294e-02
3.028128962289591483e-02 8.403717179608645449e-02
3.028128962289591830e-02 8.403717179161783457e-02
3.028214945170743314e-02 8.403664618176927281e-02
3.028224608319900202e-02 8.395558973218605892e-02
3.028457078928171314e-02 8.381561125751081642e-02
3.028489326390712555e-02 8.380250002065661730e-02
3.028520831332456864e-02 8.379612938394916111e-02
3.028539236702109533e-02 8.379315358737783603e-02
3.028539236702109880e-02 8.379315353767886887e-02
3.028623033016461519e-02 8.378373956846471571e-02
3.028625219110951672e-02 8.378345761310834749e-02
3.028740194865775157e-02 8.372865664300833954e-02
3.028795406842786295e-02 8.371612562853145145e-02
3.028811851817229603e-02 8.370909398402175128e-02
3.028884559119276662e-02 8.367799638300971177e-02
3.028884559119286030e-02 8.367799638217841840e-02
3.028965798588888203e-02 8.362657652845956191e-02
3.028996106943625949e-02 8.360062194775444433e-02
3.029052713201853611e-02 8.357254056204761750e-02
3.029094789547687183e-02 8.356828140157480933e-02
3.029102362321965669e-02 8.356645108189346416e-02
3.029182837866826669e-02 8.348774864506729176e-02
3.029235324148491296e-02 8.346965562167173169e-02
3.029235324148491643e-02 8.346607036541893454e-02
3.029235324148491990e-02 8.346607035297043398e-02
3.029306831192072128e-02 8.343687104887281825e-02
3.029493356328911979e-02 8.338054023315930041e-02
3.029493356328913020e-02 8.338054007571447934e-02
3.029503953048028053e-02 8.336062787858967982e-02
3.029819245931121563e-02 8.331203378386961567e-02
3.029851939245169906e-02 8.330026842958410116e-02
3.029860749483588925e-02 8.322242914787381096e-02
3.029939358071529268e-02 8.322208734003248842e-02
3.029991493215460421e-02 8.321259745628170612e-02
3.029991493215923246e-02 8.321259731443490792e-02
3.029991493215923593e-02 8.321259719018161971e-02
3.030081538266626850e-02 8.315723816755726805e-02
3.030138337689051303e-02 8.312145385270598708e-02
3.030359803864142096e-02 8.305837619973069352e-02
3.030548283782232358e-02 8.297563037248265050e-02
3.030656108617735961e-02 8.294447167693033696e-02
3.030656108617736308e-02 8.294442368103834007e-02
3.030673928715924004e-02 8.293598822212513988e-02
3.030678575355926288e-02 8.293304722419345132e-02
3.030693860741515491e-02 8.293010124099857439e-02
3.030789007995688539e-02 8.290061943766434405e-02
3.030879722181360411e-02 8.283457016670202344e-02
3.031017353003176776e-02 8.282723501601130245e-02
3.031017353005915904e-02 8.282723472941060094e-02
3.031017353008010062e-02 8.282723463826345556e-02
3.031127422611543804e-02 8.279256618937663736e-02
3.031361725913826743e-02 8.275132092461437439e-02
3.031569369281510509e-02 8.274528475510192771e-02
3.031591422555023063e-02 8.273863943247392050e-02
3.031641800150242788e-02 8.272399564545773742e-02
3.031706048337480530e-02 8.261715266682317926e-02
3.031706048337480877e-02 8.261715136259566161e-02
3.031770589532791979e-02 8.255199209510671876e-02
3.031775100942810455e-02 8.213490044606643059e-02
3.031775704559800527e-02 8.210781712003185906e-02
3.031870029974873329e-02 8.169758419508757474e-02
3.032060567705670631e-02 8.167381297129876205e-02
3.032060567707490009e-02 8.153295839603072470e-02
3.032074504167969059e-02 8.152136684691389801e-02
3.032074504167970100e-02 8.152136680867068386e-02
3.032098305651975689e-02 8.134629746112127802e-02
3.032139329508996492e-02 8.134513125960632363e-02
3.032235308159656959e-02 8.119509141790258455e-02
3.032235308159657305e-02 8.119506685319240191e-02
3.032250199646963074e-02 8.118013009950472703e-02
3.032288360949509168e-02 8.116850671952832719e-02
3.032419710878990829e-02 8.112063913535673410e-02
3.032475830489688579e-02 8.097824502139792935e-02
3.032632084803631514e-02 8.085797944216641109e-02
3.032693986485338750e-02 8.081355666878657640e-02
3.032765630150520073e-02 8.076406652241943651e-02
3.032765630150520766e-02 8.076406651688300409e-02
3.032873765785866135e-02 8.069282133383863520e-02
3.032948395662792354e-02 8.062371725769613973e-02
3.032963875536231341e-02 8.060806961101391055e-02
3.032963875536275750e-02 8.060806960844389690e-02
3.033112325255502006e-02 8.059940130363700550e-02
3.033184856677338670e-02 8.055662880843343643e-02
3.033203108229367423e-02 8.049623684504565724e-02
3.033218586226245350e-02 8.045107710627594222e-02
3.033342644604408375e-02 8.038050431305093779e-02
3.033477459588692152e-02 8.030741050299027017e-02
3.033884490161291650e-02 8.020545802196828167e-02
3.033891029774811107e-02 8.014979021347126698e-02
3.033992687537490768e-02 8.013289900932553389e-02
3.033994011185471226e-02 8.012802376270089511e-02
3.034018874845569036e-02 8.004883401459489400e-02
3.034060968464050850e-02 8.002992624983489012e-02
3.034060968470232017e-02 8.002992624949735456e-02
3.034116171159490297e-02 8.000818202257783951e-02
3.034152385211571698e-02 7.998518513651531325e-02
3.034285314167229144e-02 7.993237126284227778e-02
3.034530404028432105e-02 7.990594601782526063e-02
3.034540298551254359e-02 7.989130205566037646e-02
3.034656462206307762e-02 7.987575943755023666e-02
3.034667507574771370e-02 7.987142848029617215e-02
3.035004947434620168e-02 7.986127927680446159e-02
3.035004947586883092e-02 7.986123618426282933e-02
3.035013415163050066e-02 7.984576163340642574e-02
3.035015396563172860e-02 7.983746682218603730e-02
3.035015815519802665e-02 7.983736623647767761e-02
3.035045500227926893e-02 7.977892906752849511e-02
3.035059032879375632e-02 7.975427670396356694e-02
3.035073524187783048e-02 7.972963158283537244e-02
3.035073524187784783e-02 7.972958479822250810e-02
3.035074333751415845e-02 7.972802056101446766e-02
3.035089984210649627e-02 7.970247097710558837e-02
3.035101797984762068e-02 7.969964757745505446e-02
3.035101797984780803e-02 7.969961156113777867e-02
3.035102552114830529e-02 7.968279397842163714e-02
3.035110638225282237e-02 7.967069831537526570e-02
3.035131320600155391e-02 7.964273320281803348e-02
3.035141884301430920e-02 7.962524641346174770e-02
3.035199067686904922e-02 7.962055578494388330e-02
3.035199067686905269e-02 7.961172199425817220e-02
3.035288888708199961e-02 7.950764024384812667e-02
3.035288888708200308e-02 7.950763534069105187e-02
3.035438882859158721e-02 7.931301538950853713e-02
3.035452365078030942e-02 7.930080625706213693e-02
3.035478933916801667e-02 7.926358254614221388e-02
3.035532974010489785e-02 7.925282966004712493e-02
3.035549258910329867e-02 7.920073285860804169e-02
3.035588668083892896e-02 7.917224477806812655e-02
3.035588668084105921e-02 7.917224477805585858e-02
3.035594825021739260e-02 7.916737277382908389e-02
3.035653913484673977e-02 7.915639873513033442e-02
3.035682141792640440e-02 7.915014454679022982e-02
3.035697666101191960e-02 7.910598283777160733e-02
3.035699010886762014e-02 7.908813939353080691e-02
3.035699010886762708e-02 7.908805520279384160e-02
3.035703117659624764e-02 7.908552709451498186e-02
3.035703117659625458e-02 7.908552709444845175e-02
3.035733482810603831e-02 7.906193237317894751e-02
3.035759862423391062e-02 7.904449044193251339e-02
3.035759862423462532e-02 7.904449043449293666e-02
3.035813489501146961e-02 7.902347603415608990e-02
3.035813489501147308e-02 7.902345941214405922e-02
3.035880162634184073e-02 7.896272161284823010e-02
3.036167980547072737e-02 7.887515229033134623e-02
3.036168774025152853e-02 7.887488560775733626e-02
3.036207847338532814e-02 7.876410306102805958e-02
3.036234095132812200e-02 7.874941792327580514e-02
3.036381851987739883e-02 7.872753690377516655e-02
3.036391251215035322e-02 7.872736860962722960e-02
3.036406093178136908e-02 7.865681871889344812e-02
3.036406093178137255e-02 7.865681871875933318e-02
3.036456435298348980e-02 7.863799596938417236e-02
3.036458250919302562e-02 7.862987767864279554e-02
3.036504824035569927e-02 7.860622878884848674e-02
3.036602576179409790e-02 7.855797434791916833e-02
3.036631456934165210e-02 7.854374348579926113e-02
3.036743090391545719e-02 7.849067874561328761e-02
3.036744625509919457e-02 7.848505206162259551e-02
3.036769049386177019e-02 7.847641962132335947e-02
3.036868780802443046e-02 7.843317973746799510e-02
3.036871522588974540e-02 7.843174273395052409e-02
3.037153592504803976e-02 7.837343159087914457e-02
3.037153976995200441e-02 7.830941567156710081e-02
3.037153976995200788e-02 7.830918571642439541e-02
3.037170100276087234e-02 7.825277908914084202e-02
3.037231914551203130e-02 7.822075658239269202e-02
3.037231914830801696e-02 7.822074728332509275e-02
3.037231957171415350e-02 7.822050445802131158e-02
3.037381935257892768e-02 7.821625090920866774e-02
3.037409569411373897e-02 7.820529723211834539e-02
3.037443580365865523e-02 7.818471523315055627e-02
3.037614628965152469e-02 7.812579688503019926e-02
3.037636216053707372e-02 7.811764259066744653e-02
3.037691977766800513e-02 7.806523804391198029e-02
3.037696113722694602e-02 7.805175947096393285e-02
3.037818158716496311e-02 7.805027368607123095e-02
3.037826092977459827e-02 7.801269718848494183e-02
3.037939387026934723e-02 7.797122975024810276e-02
3.038100347505158852e-02 7.789236298054577623e-02
3.038216297909330718e-02 7.778582183886180446e-02
3.038635721198573031e-02 7.775809041004087818e-02
3.038887072360494171e-02 7.759642299874634774e-02
3.038889616244928871e-02 7.753506111537576684e-02
3.039138264519689395e-02 7.751315248369411437e-02
3.039138264519690089e-02 7.751314383461979651e-02
3.039183066478489889e-02 7.750391018922417330e-02
3.039252268181573402e-02 7.734354857075720346e-02
3.039276936181699307e-02 7.725010213714317286e-02
3.039383256068099379e-02 7.722893504704242407e-02
3.039586835398921591e-02 7.720769755216176644e-02
3.039654912175418153e-02 7.706651612512040173e-02
3.039738647785625303e-02 7.698382304168786827e-02
3.039833820214471113e-02 7.696315565538359993e-02
3.039980775273895541e-02 7.695578238740961863e-02
3.039980775273895888e-02 7.695578105775688349e-02
3.039980776934785023e-02 7.695575895592945970e-02
3.040042487184369674e-02 7.691821102740922789e-02
3.040042695544582091e-02 7.691820080189408493e-02
3.040046169425076120e-02 7.691600692343379675e-02
3.040214278711724991e-02 7.681944212977767639e-02
3.040252582233405818e-02 7.680943849388674471e-02
3.040262818073720744e-02 7.680364575225263890e-02
3.040327404674887310e-02 7.677205484857407836e-02
3.040342375796775687e-02 7.676360878315263703e-02
3.040428242160533867e-02 7.671623990508641411e-02
3.040598537787019343e-02 7.668480515293300825e-02
3.040598979403568575e-02 7.668450902766725530e-02
3.040642455986702908e-02 7.659854454858605610e-02
3.040785221918764283e-02 7.653312788899918617e-02
3.040835801543553124e-02 7.651196951642161292e-02
3.040835801543553471e-02 7.651196951578873029e-02
3.040891637060403815e-02 7.649943517052928965e-02
3.040929437559350065e-02 7.648817372816194005e-02
3.040929437559453108e-02 7.648817372263619352e-02
3.040954198416178506e-02 7.646411831053731567e-02
3.040954198416179199e-02 7.646410902471365012e-02
3.041174172397160397e-02 7.638901493429357814e-02
3.041237316836689977e-02 7.631217643048306132e-02
3.041411926075840086e-02 7.630573517057777366e-02
3.041425877669427444e-02 7.629275021425001302e-02
3.041477569473166262e-02 7.627567129687164160e-02
3.041566485531610464e-02 7.623490512027820964e-02
3.041566631659883835e-02 7.623460192104043742e-02
3.041591148281571483e-02 7.621662823014217769e-02
3.041693609830188258e-02 7.617296551340714539e-02
3.041808430302751082e-02 7.614955680283917727e-02
3.041899867440832350e-02 7.601917118028639342e-02
3.041988473259182174e-02 7.598958815370866759e-02
3.042096886643941289e-02 7.594293055656796410e-02
3.042379385950736911e-02 7.592333616754846914e-02
3.042428124683796420e-02 7.592088769381180602e-02
3.042536135326361080e-02 7.578358042345557932e-02
3.042536135326475225e-02 7.578090470777616716e-02
3.042538505275718327e-02 7.578015683783143053e-02
3.042538505275720062e-02 7.578015587694666988e-02
3.042542751268917725e-02 7.577913542137434955e-02
3.042708651161309119e-02 7.572644509998595341e-02
3.042733045815371531e-02 7.571182607828147448e-02
3.042733045815372919e-02 7.571182607767223960e-02
3.042755257498922297e-02 7.565593266426580421e-02
3.042867377839029649e-02 7.560528787774940807e-02
3.043144842259944485e-02 7.559675674719534832e-02
3.043443969944974181e-02 7.554305510705752735e-02
3.043443969944998814e-02 7.554303728407012197e-02
3.043447122077586747e-02 7.554278686632831530e-02
3.043597583609143273e-02 7.536188413622575688e-02
3.043671205228095158e-02 7.532846712219598562e-02
3.044038886506789110e-02 7.531477618542456454e-02
3.044038886506791886e-02 7.531477610215646379e-02
3.044172754041184550e-02 7.529362741482478749e-02
3.044220724124846802e-02 7.529113451584606986e-02
3.044220724124940824e-02 7.529113451343330543e-02
3.044321524518934369e-02 7.509918849130738094e-02
3.044379666711276647e-02 7.509493121719261477e-02
3.044976559570421876e-02 7.507358801852591357e-02
3.045148993494900536e-02 7.503213913576396721e-02
3.045224596933707520e-02 7.497351163062543344e-02
3.045224596933707867e-02 7.497347978001443758e-02
3.045224596933715847e-02 7.497347825404700183e-02
3.045374513960366625e-02 7.496271635707560388e-02
3.045375807829301534e-02 7.496149002328612865e-02
3.045375807829301881e-02 7.496148999423009329e-02
3.045451731375606666e-02 7.496105824626324299e-02
3.045535176910845951e-02 7.463968013983995897e-02
3.045535176910865727e-02 7.463968013313466987e-02
3.046247036809916417e-02 7.444794278616123639e-02
3.046247036809961520e-02 7.444793999775237148e-02
3.046251246367967860e-02 7.442910659742241197e-02
3.046560777587153934e-02 7.437135614006289142e-02
3.046830748364476663e-02 7.430590411968439335e-02
3.046978669767733822e-02 7.429516865530626235e-02
3.047395573174086283e-02 7.427110380060222838e-02
3.047753371140677833e-02 7.426397133629342173e-02
3.048033648528537115e-02 7.412673116673249019e-02
3.048335396569423414e-02 7.407730521356734044e-02
3.049090213299383151e-02 7.381939832067790919e-02
3.049816396563326606e-02 7.368111743711035222e-02
3.049816396565884283e-02 7.368111743672639546e-02
3.050195359582979007e-02 7.362439082058720718e-02
3.050732613495656456e-02 7.351624452361239792e-02
3.051222910153049417e-02 7.348336308957013896e-02
3.051222910153049764e-02 7.348336308955896734e-02
3.051222910153050458e-02 7.348336307678593471e-02
3.051554412847647807e-02 7.339144954164590617e-02
3.051554899548816757e-02 7.337618352844782477e-02
3.051752910794719442e-02 7.334346271741755408e-02
3.051784558950820792e-02 7.331494848923542085e-02
3.052673835675237188e-02 7.315328985174451848e-02
3.053033308279475347e-02 7.314548679833846045e-02
3.053033308279658187e-02 7.314548441035843840e-02
3.053370556659708995e-02 7.304582176118509795e-02
3.053387262515036560e-02 7.304104109370969378e-02
3.053499131540035605e-02 7.303960645546474229e-02
3.053971790779906603e-02 7.299496618798899383e-02
3.053971790779907644e-02 7.299496618580966767e-02
3.054209807864179116e-02 7.298254861865768883e-02
3.054806567847916793e-02 7.287981543292729181e-02
3.055179949339334108e-02 7.282802275104006962e-02
3.055202929535060993e-02 7.282445620442960788e-02
3.055237103615847383e-02 7.282011203854993342e-02
3.055237103615848424e-02 7.282011200769246406e-02
3.055351520279906211e-02 7.276850839402648763e-02
3.055854388825420334e-02 7.269881650282740415e-02
3.056277130850882512e-02 7.265203205865403135e-02
3.056769084198389733e-02 7.261500429962176872e-02
3.056775126011750804e-02 7.261422042822417156e-02
3.056775126011751498e-02 7.261422042816594036e-02
3.056894698654592096e-02 7.257877391125652777e-02
3.057065003214124582e-02 7.253994243542030707e-02
3.057120658683075767e-02 7.252975989334331519e-02
3.057253639033723561e-02 7.251559251777511816e-02
3.057639254225537340e-02 7.250356565243175344e-02
3.057789693159973857e-02 7.245600134351622146e-02
3.057789693161260675e-02 7.245600010184108375e-02
3.058139485982923345e-02 7.243799600602827959e-02
3.058186079716764330e-02 7.239398742348901461e-02
3.058186079716765024e-02 7.239398741057580244e-02
3.058670285236866210e-02 7.233389033167458848e-02
3.058739497563353962e-02 7.232540686569026434e-02
3.058806118174691238e-02 7.085462662990844873e-02
3.058826867225829596e-02 7.067639020569844999e-02
3.058930048315111963e-02 7.067230414123581994e-02
3.058930048315502970e-02 7.067230409544149328e-02
3.058930048315503664e-02 7.067230409540188607e-02
3.058938976211161495e-02 7.066631477457709087e-02
3.058950789784142116e-02 7.064088911340886401e-02
3.058989537903164524e-02 7.061480758621235809e-02
3.059012633057600281e-02 7.060529650102109755e-02
3.059033334065753423e-02 7.057756394744056638e-02
3.059061291362550825e-02 7.050505268658059654e-02
3.059324731107918374e-02 7.048678951029536954e-02
3.059324731107918721e-02 7.048645505594676453e-02
3.059330000946052994e-02 7.029741592623163504e-02
3.059453774494140174e-02 7.027843501566530260e-02
3.059525352265064085e-02 7.025563752974108012e-02
3.059525355948553363e-02 7.025562877053263822e-02
3.059557844588253750e-02 7.022947813436349052e-02
3.059559795634585883e-02 7.022511724352109574e-02
3.059597015526021799e-02 7.020310156308096072e-02
3.059668918737817531e-02 7.016888542641834536e-02
3.059668918737893512e-02 7.016888535035470387e-02
3.059680872732176496e-02 7.013712080711265173e-02
3.059685914822400307e-02 7.012529783022314334e-02
3.059736309279919436e-02 7.010292637143480943e-02
3.059741393825265651e-02 7.009152704627147346e-02
3.059784088536426222e-02 7.005665884999189019e-02
3.059806210103325000e-02 6.994274156831552236e-02
3.059810993477395796e-02 6.994130661152582473e-02
3.059823335427271432e-02 6.993434946159544918e-02
3.059999422876299655e-02 6.985202102209257802e-02
3.060144379736720946e-02 6.978065526934898455e-02
3.060234811419827033e-02 6.973305502361072661e-02
3.060274301115381568e-02 6.972470760773008536e-02
3.060379794283685576e-02 6.971961927850091334e-02
3.060379794283686269e-02 6.971961927315238616e-02
3.060379794283686616e-02 6.971961927163476680e-02
3.060413231250664820e-02 6.971039076748600238e-02
3.060493338375356448e-02 6.969426174997349344e-02
3.060493461002820881e-02 6.963585725110545133e-02
3.060561531917237524e-02 6.961035927934444700e-02
3.060685381035510577e-02 6.960834990867467709e-02
3.060705424157433505e-02 6.959272037300026637e-02
3.060705424157433852e-02 6.959271996139623773e-02
3.060772804088245785e-02 6.957207924777632224e-02
3.060814033167521750e-02 6.955463008081737286e-02
3.060814355540733556e-02 6.955429489311444613e-02
3.060814355540734250e-02 6.955429428151906068e-02
3.060903734575455212e-02 6.950664613010627824e-02
3.060903734575455559e-02 6.950664601904273099e-02
3.060903734575455906e-02 6.950659072035646202e-02
3.060903770862826584e-02 6.950657871640220087e-02
3.060944989120189738e-02 6.949622951302074358e-02
3.060965428786298695e-02 6.949555092325901406e-02
3.060990719399037108e-02 6.947712160603715381e-02
3.060990735458090153e-02 6.947710285136024511e-02
3.061131712371212288e-02 6.941154877007361945e-02
3.061234329332174903e-02 6.938271727049027948e-02
3.061234329332175944e-02 6.938258746135099464e-02
3.061420169146834500e-02 6.933097975196560181e-02
3.061420171633457213e-02 6.931809524546136969e-02
3.061472282558727262e-02 6.929295269931647072e-02
3.061494180028141027e-02 6.929208659780544677e-02
3.061528052286954793e-02 6.928202527368229613e-02
3.061549408109937725e-02 6.928173343919205585e-02
3.061591916582364487e-02 6.926842917303109581e-02
3.061607676069328862e-02 6.925877826781787205e-02
3.061684016385773921e-02 6.923819413983414717e-02
3.061688026186427589e-02 6.923076237155630086e-02
3.061720384817250701e-02 6.922379833177293162e-02
3.061729112221937832e-02 6.922111928206588216e-02
3.061761558007444761e-02 6.920472577800980407e-02
3.061799565003926402e-02 6.920334528972198196e-02
3.061860817451912339e-02 6.917862784844269752e-02
3.061922246708060139e-02 6.917676293759539297e-02
3.061922247199700547e-02 6.917676293656073450e-02
3.061931295281038537e-02 6.915000673123408714e-02
3.061931344088396345e-02 6.915000532195411664e-02
3.062062604329077176e-02 6.911735184920156372e-02
3.062098102244017322e-02 6.910642089851569414e-02
3.062147301550367795e-02 6.908796128389484148e-02
3.062159362908731600e-02 6.908485490187520062e-02
3.062159362908731947e-02 6.908484010325860458e-02
3.062248041333774304e-02 6.906032596595554351e-02
3.062297810076933594e-02 6.905168897036505216e-02
3.062317341326463785e-02 6.904497556102726086e-02
3.062339784838969195e-02 6.903878269984865812e-02
3.062429699379526013e-02 6.902891783077159948e-02
3.062482938499783841e-02 6.902045714951068889e-02
3.062582643253224796e-02 6.900658104960971650e-02
3.062609953426893156e-02 6.899960601140872618e-02
3.062741650747887595e-02 6.896805450803009108e-02
3.062804572263652311e-02 6.891102616797817326e-02
3.063009082457571891e-02 6.887238056992731061e-02
3.063009082457572238e-02 6.886994963448908602e-02
3.063049930730306000e-02 6.885819619490456123e-02
3.063050336310996907e-02 6.885213640505526145e-02
3.063056608627116179e-02 6.885016379335698322e-02
3.063117998440161374e-02 6.883785394986829953e-02
3.063132470688165535e-02 6.882575045440045280e-02
3.063132470688166228e-02 6.882559594769452338e-02
3.063164157462922726e-02 6.882166777147752379e-02
3.063164741106517291e-02 6.882150678337733973e-02
3.063185465400427437e-02 6.881652633176801870e-02
3.063185484871866135e-02 6.881652416899682045e-02
3.063186609414159101e-02 6.881621401771580160e-02
3.063327081070896241e-02 6.879969861061890901e-02
3.063328901306641705e-02 6.879712674306186215e-02
3.063336086595671096e-02 6.878064422931295940e-02
3.063556699155809554e-02 6.877680713796245626e-02
3.063654027824348758e-02 6.873952604185762372e-02
3.063712883925590394e-02 6.869337704569528080e-02
3.063712887201886642e-02 6.869337675043213354e-02
3.063838312560002164e-02 6.866601678845023204e-02
3.063864984103211245e-02 6.865908377311796817e-02
3.063864984103211592e-02 6.865854014206958233e-02
3.063864984103211939e-02 6.865402239145752816e-02
3.063867614000409176e-02 6.864826012628567897e-02
3.063869950158867872e-02 6.864754337172482290e-02
3.063998227749444372e-02 6.862950893141016306e-02
3.064013771348726017e-02 6.862797228077227585e-02
3.064109556507906007e-02 6.862358947989004310e-02
3.064160456567583193e-02 6.861333965448207506e-02
3.064214889949757464e-02 6.858587320409263721e-02
3.064221745365145952e-02 6.858366450556079019e-02
3.064235684756441008e-02 6.857918837409722468e-02
3.064271254674181405e-02 6.857248895881282169e-02
3.064308812031933324e-02 6.853217359130744923e-02
3.064420362185025712e-02 6.852559713566970523e-02
3.064478554180450828e-02 6.852559092397314533e-02
3.064504691726696942e-02 6.850094917941311479e-02
3.064504691726697289e-02 6.850094917854006316e-02
3.064691591720601280e-02 6.846969491363204263e-02
3.064691591720601627e-02 6.846969488161855355e-02
3.064705115585443854e-02 6.846542202756251971e-02
3.064797931918313359e-02 6.845859810138890666e-02
3.064804208325658252e-02 6.845810220770699728e-02
3.064804208325659293e-02 6.845810220769125987e-02
3.064804209683925570e-02 6.845810213097169861e-02
3.064852244257665337e-02 6.844028341360364198e-02
3.064917628672665650e-02 6.839725195071813535e-02
3.064993316666810366e-02 6.837848993790082708e-02
3.065014074489419427e-02 6.835506528398029025e-02
3.065154805795304929e-02 6.833595449965873536e-02
3.065154805795305276e-02 6.833221954709266244e-02
3.065261777515421171e-02 6.832790981133804453e-02
3.065317225717220997e-02 6.832483473454488421e-02
3.065317226038754769e-02 6.832483473306438793e-02
3.065317395594069350e-02 6.832481886619094780e-02
3.065317395654536953e-02 6.832481886224488210e-02
3.065322923735991356e-02 6.831371053661629278e-02
3.065329763483026423e-02 6.829881856630916348e-02
3.065433955494115126e-02 6.829763890713443086e-02
3.065434516518406038e-02 6.829758677559509550e-02
3.065434516518607266e-02 6.829758677315024562e-02
3.065436749491712298e-02 6.829705689569452731e-02
3.065471273920923265e-02 6.829442355498087369e-02
3.065480028815917649e-02 6.829032069217876033e-02
3.065480036509075218e-02 6.829032022452981299e-02
3.065608151954817354e-02 6.827929678486992227e-02
3.065698356116938403e-02 6.820749535517606210e-02
3.065842348544802268e-02 6.819683205778190316e-02
3.065907857035121351e-02 6.815575830180603534e-02
3.066091672612877156e-02 6.814828673818680571e-02
3.066092981482960653e-02 6.814815426203077453e-02
3.066118442783301659e-02 6.814434383762166259e-02
3.066140400378519412e-02 6.814319759091137796e-02
3.066271193883184434e-02 6.810480547890203351e-02
3.066314421152124825e-02 6.809849949539728553e-02
3.066360194693572988e-02 6.809505370632142063e-02
3.066360347574343531e-02 6.809504355274718923e-02
3.066393995705768080e-02 6.808787415377481889e-02
3.066394821031246873e-02 6.808780066700649558e-02
3.066395004432816151e-02 6.808779321293324804e-02
3.066395188936895874e-02 6.808777703742302512e-02
3.066520974268939145e-02 6.805842208722281961e-02
3.066554432555143594e-02 6.804885942191228609e-02
3.066554432555158860e-02 6.804885942017632749e-02
3.066560965839381162e-02 6.803248279454722491e-02
3.066617033288824429e-02 6.802917342755175623e-02
3.066661526284276962e-02 6.802749327245427580e-02
3.066712509078746429e-02 6.801643427257805796e-02
3.066715498981079091e-02 6.800891459316533993e-02
3.066769793365006769e-02 6.800800417647216711e-02
3.066769954935450251e-02 6.800350672113066042e-02
3.066806897033531529e-02 6.799707767674395553e-02
3.066806897444116289e-02 6.799707763383477932e-02
3.066873278602728209e-02 6.797070752983949693e-02
3.066930892029285857e-02 6.796693277776554021e-02
3.067013332277572502e-02 6.796274469111147909e-02
3.067089682845839174e-02 6.794454985222329879e-02
3.067092887153630501e-02 6.792730363221662071e-02
3.067211668982871425e-02 6.792173342196944352e-02
3.067317418147293487e-02 6.790281429338058949e-02
3.067558475078392341e-02 6.785650111620163127e-02
3.067558475078392688e-02 6.785604477381358690e-02
3.067558477727548583e-02 6.785604457994932892e-02
3.067628887698818640e-02 6.784826260111742613e-02
3.067628902168743552e-02 6.784826067510073278e-02
3.067637713721449097e-02 6.784615372982367998e-02
3.067637713723698686e-02 6.784615372963638535e-02
3.067637713724322493e-02 6.784615372957199242e-02
3.067637713726135973e-02 6.784615372944874379e-02
3.067657976513481904e-02 6.783797208489565633e-02
3.067707964830240081e-02 6.780829076835617752e-02
3.067864612306655039e-02 6.779928767037338155e-02
3.067866331750486453e-02 6.779911160338671083e-02
3.067926500777644686e-02 6.776861021991752165e-02
3.068095813960991514e-02 6.776101010776147682e-02
3.068234356936160381e-02 6.776052319520377287e-02
3.068330358373652644e-02 6.776042339128074410e-02
3.068358796891920010e-02 6.774693766284131669e-02
3.068379869981175193e-02 6.770813520108531769e-02
3.068541925812815624e-02 6.768613001678501495e-02
3.068563024774211695e-02 6.768092542779390042e-02
3.068647550606186380e-02 6.767104110354420221e-02
3.068856962917682410e-02 6.763628852282370374e-02
3.068857086837538384e-02 6.763177629955435810e-02
3.068857097721432864e-02 6.763177529408606614e-02
3.069113348452146353e-02 6.759240351236391053e-02
3.069113362918484203e-02 6.759240151798803775e-02
3.069140220487559176e-02 6.758428116930007001e-02
3.069197666386840745e-02 6.758126146070247975e-02
3.069197718467580466e-02 6.758125653470861693e-02
3.069219427198032618e-02 6.757783503413702930e-02
3.069387927819085260e-02 6.754675709355772995e-02
3.069468104177576484e-02 6.753259008177928124e-02
3.069481842153444495e-02 6.753018230897957219e-02
3.069482147599554914e-02 6.753015378500866472e-02
3.069641128220480103e-02 6.751039419660614938e-02
3.069641131326485139e-02 6.751035181230541360e-02
3.069641131326603795e-02 6.751032667724526926e-02
3.069756210554258971e-02 6.749282834076650306e-02
3.069756210554259318e-02 6.749282821157411016e-02
3.069756210644881619e-02 6.749282819681284851e-02
3.069762765026066639e-02 6.748518249368883060e-02
3.069970708181075578e-02 6.747497812146173446e-02
3.069970733940387622e-02 6.747497555375062128e-02
3.069970736705030304e-02 6.747496358357256419e-02
3.069977260455296342e-02 6.746006768620693705e-02
3.069977747057123924e-02 6.745860472521551798e-02
3.070006251052082025e-02 6.745472755381182184e-02
3.070011070228420916e-02 6.745071501936826530e-02
3.070011092341286968e-02 6.745071309431259488e-02
3.070041014222542330e-02 6.745021750527394055e-02
3.070056538668345866e-02 6.744930889234569682e-02
3.070130722208838300e-02 6.743242562251475225e-02
3.070306336191728006e-02 6.741089806261818529e-02
3.070378477247310070e-02 6.739991084510130182e-02
3.070408753301297547e-02 6.739033997071720850e-02
3.070450403626807587e-02 6.738347163471264389e-02
3.070518794165450968e-02 6.737540592240344461e-02
3.070518795425875372e-02 6.737540580752096608e-02
3.070545526328654837e-02 6.737023503226295673e-02
3.070588568686999711e-02 6.736958758475909692e-02
3.070622044834217870e-02 6.736586530586109733e-02
3.070742271205174206e-02 6.734854719644986498e-02
3.070772569407595118e-02 6.734182193771728886e-02
3.070817438500835286e-02 6.733236650080227925e-02
3.071007288719742809e-02 6.730486615293680697e-02
3.071113895556941073e-02 6.729565918717576867e-02
3.071113900798472934e-02 6.729565816408812629e-02
3.071113912006807195e-02 6.729565644976304162e-02
3.071135873423148921e-02 6.729477905394586068e-02
3.071341123542833604e-02 6.729413592735224159e-02
3.071341123543571902e-02 6.729413592152311274e-02
3.071355023561718814e-02 6.726327574466772763e-02
3.071355024379401888e-02 6.726327556503407246e-02
3.071355024391850611e-02 6.726327555955728676e-02
3.071381500887107249e-02 6.725774081684167405e-02
3.071415887089231841e-02 6.724877080753971503e-02
3.071467853731675579e-02 6.724831727885142996e-02
3.071486730346908653e-02 6.724101848813926474e-02
3.071486730346909347e-02 6.723875737184704937e-02
3.071542022725797308e-02 6.723450484225600154e-02
3.071542022725909718e-02 6.723058238160778410e-02
3.071599500988013778e-02 6.722927875912783346e-02
3.071647963396979472e-02 6.722274563440885919e-02
3.071655289958225010e-02 6.721847334183600475e-02
3.071658253954122342e-02 6.721562095545770277e-02
3.071769735007464502e-02 6.720402311873076295e-02
3.071889431480032129e-02 6.718798740526869817e-02
3.072024399874120903e-02 6.717300881248575162e-02
3.072050379744616436e-02 6.716889409869031269e-02
3.072103639153634866e-02 6.715622373708125814e-02
3.072103639600924294e-02 6.715622369054195795e-02
3.072250466488527648e-02 6.714258953936277918e-02
3.072344205601171621e-02 6.712420352392803324e-02
3.072381245286256307e-02 6.712375601666972780e-02
3.072392538286797259e-02 6.711806870087923260e-02
3.072393198620300761e-02 6.711791109748350970e-02
3.072393198620301455e-02 6.711791109662726407e-02
3.072440198676838069e-02 6.711790091953261095e-02
3.072447278247740846e-02 6.711512574435837819e-02
3.072465602485143291e-02 6.710844386642067505e-02
3.072475625353348824e-02 6.709732963116096793e-02
3.072559487021102667e-02 6.708664573006378751e-02
3.072586986943880855e-02 6.708315102626948023e-02
3.072731320195674215e-02 6.706489765953149718e-02
3.072852165541856487e-02 6.706383353997980024e-02
3.072869684659630674e-02 6.705779495755369302e-02
3.072869684667250967e-02 6.705779495669871026e-02
3.072961368933425572e-02 6.704509748482632980e-02
3.072967246921680731e-02 6.704445149086306344e-02
3.072967296926362377e-02 6.704444610033839791e-02
3.072967296931346237e-02 6.704444609977279479e-02
3.072967297135487802e-02 6.704444607660342559e-02
3.072967297135488843e-02 6.704444607636365905e-02
3.073029779646182028e-02 6.703642268249100644e-02
3.073135794617948974e-02 6.702319817945995295e-02
3.073153358915762731e-02 6.701230399448648845e-02
3.073153358985475370e-02 6.701230399245590441e-02
3.073268980904306918e-02 6.701192932786374790e-02
3.073327923334046724e-02 6.700340205446152220e-02
3.073427740835142294e-02 6.699338349003665372e-02
3.073472542438534724e-02 6.698775571678898533e-02
3.073502697054325203e-02 6.697910530554422592e-02
3.073635312935256783e-02 6.697014878043415498e-02
3.073635312953793691e-02 6.697014877405983724e-02
3.073758316649046959e-02 6.694887651977739218e-02
3.073761074026027523e-02 6.694623077199660099e-02
3.073872875216799791e-02 6.693266076146728305e-02
3.073961588223063021e-02 6.692236154381608904e-02
3.073961594956164944e-02 6.692236122366949924e-02
3.073964437001448433e-02 6.691428788041904607e-02
3.074125251905389378e-02 6.690333648944613021e-02
3.074155559355229439e-02 6.689976612194846461e-02
3.074155568878898098e-02 6.689976460876238817e-02
3.074308760211946420e-02 6.687381635015329784e-02
3.074382297073791417e-02 6.685988422850695778e-02
3.074509495059247338e-02 6.685985727677890011e-02
3.074552685836066251e-02 6.685805915241362085e-02
3.074553047777148912e-02 6.685800201119922181e-02
3.074553052119144425e-02 6.685800045545105263e-02
3.074559887150474929e-02 6.685695792234346013e-02
3.074559893799373722e-02 6.685695692136819912e-02
3.074756930104205130e-02 6.682848267779958884e-02
3.074772788484365221e-02 6.682650094795293538e-02
3.074783960037737185e-02 6.682594889336228305e-02
3.074794704147007507e-02 6.682435415241676224e-02
3.074864112651797682e-02 6.682202068967835196e-02
3.074868003913130976e-02 6.680943898253696722e-02
3.074943708720474789e-02 6.680696708361319458e-02
3.074980043583098316e-02 6.680349448132094636e-02
3.074980043883909775e-02 6.680349442127500592e-02
3.075000327118894775e-02 6.679548168930665719e-02
3.075248143380361274e-02 6.677529684547503508e-02
3.075341308983416816e-02 6.675619230883890476e-02
3.075434282515502812e-02 6.675122101964439669e-02
3.075434284571888777e-02 6.675122071569528082e-02
3.075434416435712456e-02 6.675120108883662862e-02
3.075434442975371468e-02 6.675119730923408101e-02
3.075467105262381581e-02 6.674816314410327023e-02
3.075516308054075318e-02 6.674763249781900942e-02
3.075517626676411639e-02 6.674735981937060525e-02
3.075517645233778741e-02 6.674734988318350992e-02
3.075517645233779435e-02 6.674734981726027083e-02
3.075517645410567533e-02 6.674734967068994551e-02
3.075554014780340628e-02 6.674331523924380283e-02
3.075579163540926100e-02 6.673537225011001717e-02
3.075751948175747819e-02 6.671800190477127079e-02
3.075777978747696456e-02 6.671203632400987682e-02
3.075823011637946261e-02 6.671124894677632478e-02
3.075904457236043263e-02 6.670475411289530920e-02
3.075961160019484442e-02 6.669317610645061900e-02
3.076057489731305605e-02 6.668236646440313387e-02
3.076058439972768552e-02 6.668225085367275595e-02
3.076075259588914937e-02 6.668043702528508865e-02
3.076223431514252607e-02 6.667158758125719953e-02
3.076277802602898903e-02 6.666282752949356794e-02
3.076351562058873140e-02 6.665464363310093232e-02
3.076365241056203126e-02 6.665054146780305389e-02
3.076428460580968305e-02 6.664450073281061315e-02
3.076428460621154215e-02 6.664450072573172013e-02
3.076428460968588796e-02 6.664225353412767117e-02
3.076428460974883067e-02 6.664225353299070564e-02
3.076472678490698581e-02 6.663741830495184537e-02
3.076612961760942511e-02 6.663224234486499198e-02
3.076639013862336736e-02 6.662453588318148490e-02
3.076810548890365760e-02 6.659751558022007634e-02
3.076985360183498441e-02 6.659561017457135690e-02
3.076985360183498788e-02 6.659540268258172524e-02
3.076990616950411178e-02 6.658945897483697918e-02
3.076991038479360077e-02 6.658943486146835788e-02
3.076991038536396397e-02 6.658938854468111901e-02
3.077018170870976510e-02 6.658554823660907396e-02
3.077018572852001366e-02 6.657944831851071721e-02
3.077039135319569255e-02 6.657791208135410699e-02
3.077127661264651357e-02 6.656788157051887755e-02
3.077139156468655656e-02 6.656717366684826442e-02
3.077193480711274201e-02 6.656126262974298990e-02
3.077369030257188706e-02 6.654827276231968514e-02
3.077388391569795337e-02 6.654692088690412899e-02
3.077388986303520105e-02 6.654154915413793003e-02
3.077503776859928999e-02 6.652896086663745434e-02
3.077504927457909781e-02 6.652881188715754901e-02
3.077579400616648961e-02 6.652103905222456204e-02
3.077656518644579162e-02 6.651458611595113812e-02
3.077746766791070523e-02 6.650857856892426756e-02
3.077754751220546439e-02 6.650327081944271135e-02
3.077812681118532664e-02 6.649844120130872505e-02
3.077812681119357699e-02 6.649844120107445411e-02
3.077824048826189457e-02 6.649767242795404099e-02
3.077824891348789754e-02 6.649750899352584177e-02
3.077918337305455068e-02 6.649703721588046124e-02
3.077919871279619773e-02 6.649257963527821502e-02
3.077919871298736773e-02 6.649257960106717824e-02
3.077964912938944975e-02 6.648905935966728520e-02
3.077964912940689760e-02 6.648905935913992926e-02
3.078149445206663018e-02 6.647667391216169341e-02
3.078149451787999882e-02 6.647666566627817575e-02
3.078149451788158436e-02 6.647653918075524526e-02
3.078150864312894849e-02 6.647530308033627877e-02
3.078212189301390150e-02 6.647026869468235233e-02
3.078227885815331549e-02 6.645756313184515707e-02
3.078310133189196204e-02 6.644614865870256126e-02
3.078527737091394170e-02 6.643330461921589936e-02
3.078533419584635403e-02 6.643168196746300491e-02
3.078587168660796083e-02 6.642502399755136067e-02
3.078604273844001704e-02 6.642233526305638125e-02
3.078604273851603262e-02 6.642233526125229659e-02
3.078604274542930466e-02 6.642233509719956686e-02
3.078607628013965702e-02 6.642187169315350026e-02
3.078679972697055678e-02 6.641386568510825039e-02
3.078682813464497792e-02 6.641227922111092585e-02
3.078711614670076591e-02 6.640745192405272945e-02
3.078712730588371860e-02 6.640729984006518705e-02
3.078712730747644802e-02 6.640729983027031380e-02
3.078712730802349307e-02 6.640729979173577713e-02
3.078712730937280262e-02 6.640729978717563320e-02
3.078712731512510403e-02 6.640729966195536849e-02
3.078712731782849710e-02 6.640729959558978879e-02
3.078712732158736184e-02 6.640729953752666503e-02
3.078730355399170518e-02 6.640556280832878022e-02
3.078962286781148500e-02 6.638245861081884525e-02
3.079036728972380302e-02 6.637536561004173108e-02
3.079039183191094667e-02 6.637512558293205689e-02
3.079066939481154078e-02 6.637242246546679048e-02
3.079367413396231004e-02 6.635645299656403595e-02
3.079378525221364987e-02 6.635461604585306261e-02
3.079379856796094633e-02 6.635418046228321043e-02
3.079523500389702920e-02 6.634462843357584461e-02
3.079740060700626725e-02 6.631519985503506187e-02
3.079844901012207536e-02 6.630394215032535399e-02
3.079844901777015198e-02 6.630394178285733964e-02
3.079844901969007107e-02 6.630394169059969367e-02
3.079876525342941165e-02 6.629618457383018582e-02
3.079925826829675931e-02 6.629051559642314129e-02
3.079997018613900989e-02 6.628349743329950416e-02
3.080199976334319772e-02 6.626912132356478635e-02
3.080200469257959178e-02 6.626904880042920609e-02
3.080317418620822506e-02 6.625811051988991784e-02
3.080416889099299796e-02 6.624861957380692723e-02
3.080416889107641734e-02 6.624861957078155561e-02
3.080472624946221580e-02 6.624522895935064382e-02
3.080528048007218078e-02 6.623357569859646132e-02
3.080528048007219119e-02 6.623357569859289473e-02
3.080563619890568788e-02 6.623150259413117247e-02
3.080646738146248370e-02 6.622295521848634015e-02
3.080717937954451785e-02 6.621775507244352654e-02
3.080792724476709085e-02 6.621360816481669520e-02
3.080898935189379725e-02 6.620006621046219120e-02
3.080923745528406019e-02 6.619938324819031605e-02
3.081052985808327080e-02 6.618929198270771808e-02
3.081235874781016251e-02 6.617596960728280853e-02
3.081249384640769376e-02 6.616994965041339549e-02
3.081263254644764360e-02 6.616797422780695825e-02
3.081375538928433910e-02 6.616041812015377444e-02
3.081425676821376164e-02 6.615589246784930877e-02
3.081433230357255582e-02 6.615334925770620378e-02
3.081505485543271222e-02 6.615163711225580112e-02
3.081520354364994732e-02 6.615012375673254286e-02
3.081638983187074202e-02 6.613483138816035611e-02
3.081638983187074549e-02 6.613483136176105670e-02
3.081693633398298673e-02 6.613467453189315892e-02
3.081704356717773416e-02 6.613302242550671284e-02
3.081787478084885637e-02 6.611984487366279195e-02
3.081800865582073543e-02 6.611732124516517262e-02
3.081800865587209712e-02 6.611732124252577003e-02
3.081880334037633007e-02 6.611122278338747715e-02
3.081951896690090023e-02 6.610883801650016545e-02
3.081951961529793768e-02 6.610881992343373148e-02
3.081959961000415443e-02 6.610406977217225810e-02
3.082021668076235371e-02 6.609861074333533981e-02
3.082025511354003974e-02 6.609823096307188006e-02
3.082031419212579934e-02 6.609796434018251621e-02
3.082147788444606143e-02 6.609156265197405067e-02
3.082179732328747465e-02 6.608980739451404685e-02
3.082247485239383855e-02 6.608574266975289491e-02
3.082334200564454396e-02 6.608359497564744722e-02
3.082345588483844517e-02 6.606991219711334795e-02
3.082525622343622665e-02 6.606092231618682087e-02
3.082527454897720370e-02 6.606055594209332693e-02
3.082527455331456750e-02 6.606055505313025711e-02
3.082527455340427699e-02 6.606055503475746771e-02
3.082527485168869499e-02 6.606054987191477268e-02
3.082562248823300308e-02 6.605786929444160127e-02
3.082571600090608030e-02 6.605525477728020622e-02
3.082575200239053015e-02 6.605005486689900784e-02
3.082670952794557689e-02 6.604874277708276675e-02
3.082698373605202713e-02 6.604460752033707027e-02
3.082767301560367101e-02 6.604234241696450847e-02
3.082767309869223829e-02 6.604194918624971267e-02
3.082780597594383595e-02 6.604010359518383555e-02
3.082781889924462310e-02 6.603919430827756565e-02
3.082781889924463350e-02 6.603919419644777022e-02
3.082885298336342922e-02 6.602326068207223231e-02
3.082972174337198640e-02 6.601578722613299366e-02
3.082972174353245873e-02 6.601578721087472679e-02
3.083027166462944113e-02 6.601151519130409040e-02
3.083027166680711584e-02 6.601151498277101071e-02
3.083131874087352911e-02 6.600684048867626330e-02
3.083171609494437040e-02 6.600536464579694063e-02
3.083186568907585537e-02 6.600353893135292582e-02
3.083188634650344331e-02 6.600195723004001480e-02
3.083403874581793977e-02 6.597890087634579459e-02
3.083461869709849118e-02 6.597507075272018850e-02
3.083525642602371122e-02 6.597372834394829577e-02
3.083589957548680399e-02 6.596314744539237551e-02
3.083634381517080456e-02 6.596029954323788524e-02
3.083672852051124944e-02 6.595821673616510117e-02
3.083715212250038445e-02 6.595773996617089463e-02
3.083715212447589796e-02 6.595773983914111904e-02
3.083715229668460012e-02 6.595245279914910275e-02
3.083755170901992387e-02 6.595038895092994458e-02
3.083915754704933884e-02 6.594379274437105198e-02
3.083941102240360735e-02 6.593628938624342128e-02
3.084043431235505839e-02 6.592711620398870875e-02
3.084149331713190514e-02 6.591953312406539922e-02
3.084149350963348579e-02 6.591952851184683382e-02
3.084149446128091679e-02 6.591630071822113246e-02
3.084149675456371656e-02 6.591625361985008202e-02
3.084235830665692235e-02 6.591313494817400975e-02
3.084248122339193834e-02 6.591185239614083535e-02
3.084281282844595837e-02 6.590592466833165852e-02
3.084376112518810026e-02 6.589970960909675990e-02
3.084475667898411641e-02 6.589406584861963456e-02
3.084490007276048662e-02 6.589216828618632560e-02
3.084650141878832880e-02 6.588165033772305779e-02
3.084665018447510509e-02 6.588048265781085155e-02
3.084812081936776085e-02 6.586961566114878097e-02
3.084827347838125025e-02 6.586835740319706145e-02
3.084893567430218794e-02 6.585694585836612824e-02
3.084895255923701327e-02 6.585485715581178290e-02
3.084900596582798929e-02 6.585473164843314020e-02
3.084903409449280334e-02 6.585419352102185597e-02
3.084903409470649699e-02 6.585417541688379228e-02
3.084916658125161706e-02 6.585326340805019996e-02
3.084916658125190156e-02 6.585326339168651177e-02
3.084968208650811297e-02 6.585177826473447016e-02
3.085161731186391795e-02 6.584542175470067815e-02
3.085238578952259961e-02 6.584253776175864881e-02
3.085256319780456738e-02 6.582819530922419393e-02
3.085365047438295635e-02 6.581918435884445695e-02
3.085385439723665330e-02 6.581892171212540277e-02
3.085444144377578676e-02 6.581253570601680591e-02
3.085595489152344675e-02 6.580331729140338759e-02
3.085655845708753023e-02 6.580046302418113280e-02
3.085655845708753717e-02 6.580046302383424361e-02
3.085656006471423213e-02 6.580041731412350492e-02
3.085700533172605967e-02 6.579885656559737728e-02
3.085757561227865306e-02 6.579471471974361607e-02
3.085793826446848326e-02 6.578358997634957406e-02
3.085793826446850407e-02 6.578358997557273713e-02
3.085884493428736261e-02 6.578061020089240318e-02
3.085884493428736608e-02 6.578061020088250832e-02
3.085949502471131700e-02 6.577988640733611891e-02
3.086382193081176062e-02 6.574338908748457444e-02
3.086394636977649389e-02 6.574040005549514065e-02
3.086493984531903101e-02 6.573486316859633583e-02
3.086543398909468924e-02 6.573176560570948013e-02
3.086564368737396147e-02 6.572936453871608409e-02
3.086666351425861737e-02 6.572316585281827439e-02
3.086667226585559573e-02 6.572290032006543326e-02
3.086735141461461468e-02 6.571380288916564560e-02
3.086738036090987819e-02 6.571279994956914783e-02
3.086762211959912308e-02 6.570873702414269102e-02
3.086802562937046579e-02 6.570780382652159635e-02
3.086802562937050742e-02 6.570780379823296102e-02
3.086875793286475780e-02 6.569776478268107844e-02
3.086875793286476474e-02 6.569775788020196239e-02
3.086911893921415878e-02 6.569513028287544965e-02
3.086976194345870256e-02 6.569381950425813577e-02
3.087058474903634983e-02 6.568936851316174719e-02
3.087079293817725917e-02 6.568494096387522685e-02
3.087110908494584624e-02 6.568157164674207071e-02
3.087122250245982399e-02 6.568119988994242098e-02
3.087122250245983093e-02 6.568119976264920334e-02
3.087195476853305670e-02 6.567755488426268995e-02
3.087221276677121901e-02 6.567117226585332534e-02
3.087314354216707038e-02 6.566733551532979996e-02
3.087319549127615428e-02 6.566545538971015061e-02
3.087359320849265495e-02 6.566298398726233554e-02
3.087359412058956684e-02 6.565964831402745783e-02
3.087400553881546744e-02 6.565785975844150302e-02
3.087400553881547091e-02 6.565785975373469863e-02
3.087454280445371679e-02 6.565436262621966723e-02
3.087662662410818951e-02 6.563824029730692955e-02
3.087662662410819298e-02 6.563824026143444401e-02
3.087725632003476828e-02 6.563771649076145798e-02
3.087726100859678607e-02 6.563755114855006345e-02
3.087729629370103424e-02 6.563730941143611219e-02
3.087814939433776093e-02 6.563557545326982601e-02
3.087863459675663919e-02 6.563063427803962624e-02
3.087911642451768301e-02 6.562771526173374892e-02
3.087998591478052432e-02 6.561232399515930236e-02
3.088488482863192830e-02 6.558833771415525926e-02
3.088493730889114303e-02 6.557747158474709626e-02
3.088543583740816986e-02 6.557353648601182972e-02
3.088543583740817333e-02 6.557353557981296377e-02
3.088543583788460473e-02 6.557353469356423659e-02
3.088722558726108083e-02 6.555902962008193502e-02
3.088723101656119102e-02 6.555888711367581501e-02
3.088819608416442167e-02 6.555359238856246773e-02
3.088819669943341714e-02 6.555356858743578707e-02
3.088821312978183228e-02 6.555105889596976598e-02
3.089142564756638260e-02 6.554188155849986763e-02
3.089195662723703828e-02 6.552865319337836114e-02
3.089233633481418620e-02 6.552799507753639952e-02
3.089234359084022663e-02 6.552769772466256193e-02
3.089235858951122973e-02 6.552545363630424280e-02
3.089278271496035885e-02 6.551741166952083917e-02
3.089278285994329423e-02 6.551740816099720088e-02
3.089348361058563003e-02 6.551709450474685337e-02
3.089348489382660184e-02 6.551706388010881954e-02
3.089348490554586282e-02 6.551704317257746324e-02
3.089351384383380930e-02 6.551519084021045769e-02
3.089351384383381277e-02 6.551519081960847923e-02
3.089355832965930138e-02 6.551171240572933874e-02
3.089437543491070984e-02 6.551071692406304492e-02
3.089619961880107901e-02 6.550762151672555322e-02
3.089629878154709353e-02 6.549674401586873251e-02
3.089645259982866377e-02 6.549072258579825834e-02
3.089730623861066880e-02 6.548934465377453940e-02
3.089730623861323272e-02 6.548467080305231391e-02
3.089730623861323619e-02 6.548467061186215299e-02
3.089839654742642175e-02 6.548440535545171914e-02
3.089867263440916959e-02 6.547975510389350551e-02
3.089868031930151707e-02 6.547942092786729340e-02
3.089874655571792778e-02 6.547923027393827422e-02
3.089952654481797553e-02 6.547428240200851846e-02
3.090013954274755531e-02 6.547118727744168087e-02
3.090059545180311867e-02 6.546337093189423528e-02
3.090202347997416527e-02 6.545247895741043709e-02
3.090228706823859237e-02 6.545159225149321802e-02
3.090238285097544543e-02 6.544846283609688509e-02
3.090328766378128145e-02 6.543939549432988001e-02
3.090488826060093161e-02 6.543042448675551181e-02
3.090514430663043530e-02 6.542853320102838544e-02
3.090643067087175955e-02 6.541711930872028125e-02
3.090759438768006864e-02 6.541382636906332981e-02
3.090956642327877951e-02 6.541196474059705890e-02
3.090956642327878645e-02 6.541196473900945385e-02
3.090981348064738773e-02 6.541151876677679666e-02
3.091023383222477397e-02 6.540755650237889407e-02
3.091040658002966804e-02 6.539999704482266085e-02
3.091040658002967151e-02 6.539999698623057134e-02
3.091075675611885260e-02 6.539462297494350040e-02
3.091168547388048471e-02 6.538754697460735787e-02
3.091197208353087256e-02 6.538521154276413783e-02
3.091259269806897678e-02 6.537606819684975423e-02
3.091375876492301680e-02 6.536806733508683520e-02
3.091375876494312919e-02 6.536806732037091228e-02
3.091375877652865686e-02 6.536806702707244343e-02
3.091414798213545923e-02 6.536610286702154715e-02
3.091486342381056379e-02 6.536031068139526445e-02
3.091503556302369060e-02 6.535921904459517096e-02
3.091514049263269573e-02 6.535850229774604891e-02
3.091514795658932904e-02 6.535828653772668417e-02
3.091597650617975562e-02 6.535731535186743713e-02
3.091638419854584457e-02 6.534984125719706105e-02
3.091683374553508626e-02 6.534673076024059835e-02
3.091850532910828814e-02 6.533983892172151586e-02
3.091868767776730781e-02 6.533636763559162730e-02
3.091928093318002668e-02 6.533217409572762702e-02
3.092046918625748764e-02 6.532156338498441850e-02
3.092193028421804518e-02 6.531210785338890934e-02
3.092193078718558433e-02 6.531209124916917408e-02
3.092231894314465684e-02 6.530901463218898029e-02
3.092382048437808048e-02 6.530159184976286335e-02
3.092382048437809089e-02 6.530159178703498490e-02
3.092428435344096380e-02 6.529967537945956246e-02
3.092484410023026847e-02 6.529906059764503667e-02
3.092491941741537867e-02 6.529593774772650405e-02
3.092622850663769019e-02 6.529073543379483591e-02
3.092624940056567379e-02 6.528913252315630966e-02
3.092843498242865696e-02 6.528531754601374359e-02
3.093040504253449091e-02 6.525852315617118593e-02
3.093057093313937925e-02 6.525793826688036647e-02
3.093065335011681988e-02 6.525543206115641537e-02
3.093065351090336021e-02 6.525535966408112232e-02
3.093379725064078489e-02 6.523722314083206519e-02
3.093540229333084299e-02 6.522968213256349901e-02
3.093540514494440979e-02 6.522855822686816907e-02
3.093580188708593484e-02 6.522508368291887737e-02
3.093609320010902441e-02 6.522175918391939775e-02
3.093678623694237281e-02 6.520954839897277755e-02
3.093756136756521669e-02 6.520935595221863390e-02
3.093812276632833258e-02 6.520781347528759042e-02
3.093917892205107212e-02 6.519578654981887655e-02
3.093918322728066855e-02 6.519564053839316253e-02
3.094141658565051356e-02 6.518102300935889326e-02
3.094207346191154423e-02 6.517669713789589481e-02
3.094292762897550911e-02 6.517111105830114548e-02
3.094311052326566280e-02 6.516990811799394656e-02
3.094311052326566627e-02 6.516990808089367926e-02
3.094598872902515688e-02 6.516879567574197785e-02
3.094682086491124320e-02 6.516490607964194048e-02
3.094683926492627218e-02 6.516366896536474052e-02
3.094733878131491339e-02 6.514037845207502897e-02
3.094733878142914840e-02 6.514037837877620363e-02
3.094814436095045043e-02 6.513755276556393303e-02
3.094873348810687694e-02 6.513398170733922243e-02
3.094992122804036960e-02 6.513106018975015066e-02
3.095067212259527967e-02 6.512923914077697884e-02
3.095093169441814895e-02 6.512607486073558605e-02
3.095145490267761298e-02 6.511649448978110155e-02
3.095147695952778222e-02 6.511555409152129659e-02
3.095319825426511712e-02 6.510434884409212197e-02
3.095340977731280904e-02 6.510327126526735397e-02
3.095341420644361421e-02 6.510309478137320249e-02
3.095612896186054896e-02 6.509506451011566608e-02
3.095721364898601502e-02 6.507882524806790636e-02
3.095721379046578389e-02 6.507881911482751858e-02
3.095721763631932577e-02 6.507865587276098762e-02
3.095830382946258494e-02 6.507412038333722226e-02
3.095909978951985955e-02 6.506958754037020509e-02
3.096044993331333733e-02 6.506352704868283154e-02
3.096045206722453438e-02 6.506304413177808887e-02
3.096045218213791528e-02 6.505928589676426843e-02
3.096178607320491938e-02 6.505726119484028791e-02
3.096178625935353673e-02 6.505487973503647214e-02
3.096178625938647219e-02 6.505487972914643369e-02
3.096178625938647566e-02 6.505487972866565161e-02
3.096178640453662798e-02 6.505480638253449688e-02
3.096209513160865998e-02 6.505017896594088300e-02
3.096346457059032456e-02 6.504204988948104893e-02
3.096346796010353286e-02 6.504154052074564984e-02
3.096364849490684454e-02 6.504005480054521338e-02
3.096373791065890058e-02 6.503781411792533551e-02
3.096511119496752826e-02 6.503700067052269052e-02
3.096523454520355365e-02 6.503273289869049290e-02
3.096558870368314176e-02 6.502903337664404926e-02
3.096578198767034953e-02 6.502880565495128273e-02
3.096640875529290196e-02 6.502592745862079138e-02
3.096641460890130204e-02 6.502556656914336430e-02
3.096648240727001983e-02 6.501852466286231480e-02
3.096648240896044887e-02 6.501847050775289016e-02
3.096680063992203469e-02 6.501825343030392945e-02
3.096773134151980036e-02 6.501243419147129110e-02
3.096773134151980383e-02 6.501243417981503181e-02
3.096899176651533858e-02 6.500965396075672476e-02
3.097116928512779269e-02 6.499557744953894656e-02
3.097134538029965370e-02 6.499479204824111511e-02
3.097432978432394096e-02 6.496977671242913643e-02
3.097432978452000288e-02 6.496975712082982135e-02
3.097432978459985567e-02 6.496975609945965235e-02
3.097508770108280476e-02 6.496974776636145477e-02
3.097582001816397493e-02 6.496784608687596052e-02
3.097582001816398534e-02 6.496784544360618974e-02
3.097595680625726475e-02 6.496383616283368800e-02
3.097595785601222826e-02 6.496383237797748178e-02
3.097620290459935505e-02 6.496041225662178842e-02
3.097676905601145711e-02 6.495644428225466616e-02
3.097709358111410891e-02 6.495451266198454254e-02
3.097814449916268947e-02 6.495347681819242658e-02
3.097814462578659875e-02 6.495347651879206097e-02
3.097814462578660222e-02 6.495347650151941932e-02
3.097820502661935427e-02 6.494998812572071178e-02
3.097848652295692035e-02 6.494673244618311136e-02
3.098121522682697679e-02 6.493414182688909964e-02
3.098168599540819870e-02 6.492626913208383865e-02
3.098396091028682992e-02 6.491808693961018117e-02
3.098450824501270545e-02 6.491475280067210418e-02
3.098502520528802553e-02 6.490680309466015374e-02
3.098691918555140576e-02 6.489921479324885223e-02
3.098694227684940447e-02 6.489753038665081741e-02
3.098694229032515970e-02 6.489744103007580311e-02
3.098940620526113507e-02 6.488812136564002520e-02
3.099080084381663353e-02 6.487649310865779839e-02
3.099115525177467342e-02 6.487009523588642412e-02
3.099336107081483715e-02 6.485845486145094818e-02
3.099367026941940093e-02 6.485659393110063120e-02
3.099439905970890335e-02 6.485227406331248168e-02
3.099478817679304429e-02 6.484596704022868585e-02
3.099686008070848611e-02 6.484040830561614566e-02
3.099738864350755699e-02 6.483706699430021037e-02
3.099807044823784177e-02 6.483047859686487391e-02
3.099865953694474346e-02 6.482907880107757759e-02
3.099901536227564827e-02 6.482552475040234685e-02
3.099941804566038253e-02 6.482090963039462139e-02
3.099941804572194440e-02 6.482090959349533221e-02
3.099941835147825009e-02 6.482088759811119316e-02
3.100060953524970409e-02 6.481803763551352571e-02
3.100145529094280178e-02 6.481178778199755963e-02
3.100145529156640364e-02 6.481178746383593758e-02
3.100273911527669235e-02 6.481023383626310919e-02
3.100273911890674347e-02 6.480042935967192386e-02
3.100273911890674694e-02 6.480042935965960038e-02
3.100448314408877845e-02 6.479924993352795259e-02
3.100480924946840897e-02 6.479553597461534808e-02
3.100510002466078108e-02 6.479384494013863682e-02
3.100574797044567885e-02 6.478848542740194005e-02
3.100665505315976928e-02 6.478659847443322961e-02
3.100680308967890958e-02 6.478327526890255428e-02
3.100803090597042261e-02 6.477209889138095533e-02
3.100873853771068250e-02 6.477113197114979515e-02
3.100912860736264667e-02 6.476838373309687369e-02
3.101029708872411056e-02 6.475914792130370301e-02
3.101098883634268236e-02 6.475675441802092314e-02
3.101140770094636470e-02 6.475461369495973118e-02
3.101149054775711664e-02 6.475248977125758199e-02
3.101330216685554628e-02 6.473997218109596441e-02
3.101447055855223109e-02 6.473753828979061931e-02
3.101562396688448478e-02 6.473210144679462930e-02
3.101616828431514802e-02 6.472591743639341533e-02
3.101636327031952883e-02 6.472477736054242647e-02
3.101704966030384078e-02 6.472214515248436717e-02
3.101731666474839486e-02 6.472061613561841398e-02
3.101758120063234994e-02 6.471980370038117603e-02
3.101765888028272869e-02 6.471892556441458111e-02
3.101766490242627641e-02 6.471803128190814491e-02
3.101766501363450307e-02 6.471395697802816149e-02
3.101865295613974449e-02 6.470839497722673250e-02
3.101893523180206808e-02 6.470753518657072767e-02
3.101960079526426203e-02 6.470286732558117038e-02
3.102055257450825679e-02 6.470205849409790821e-02
3.102055257527866830e-02 6.470205837663854653e-02
3.102086676457547001e-02 6.469616744583442380e-02
3.102086676462875725e-02 6.469616744479447790e-02
3.102372797806494595e-02 6.468519359554554538e-02
3.102372797806494942e-02 6.468519355555081563e-02
3.102455970071075000e-02 6.467481168775895961e-02
3.102455970071076041e-02 6.467481168749640574e-02
3.102517414008453683e-02 6.467175144199455161e-02
3.102584904478758107e-02 6.467009174003700289e-02
3.102584904478758454e-02 6.467009139301575782e-02
3.102660745750702997e-02 6.466809618516929092e-02
3.102830218115089703e-02 6.466292317853561400e-02
3.102880048440689875e-02 6.465995163255498779e-02
3.102916938573955716e-02 6.465651981681772020e-02
3.102983482371135179e-02 6.464867197014043110e-02
3.103014786126503943e-02 6.464856297828229514e-02
3.103121526774741193e-02 6.463989793579943965e-02
3.103121526774741540e-02 6.463989789258922647e-02
3.103326182082502202e-02 6.463170361624834270e-02
3.103356886337576073e-02 6.462866324359640979e-02
3.103356886337576420e-02 6.462866322493532323e-02
3.103391503545654267e-02 6.462744396422817617e-02
3.103391503545654614e-02 6.462744396420540272e-02
3.103392940825536531e-02 6.462291561381032501e-02
3.103512854942653068e-02 6.462037744596786648e-02
3.103669529237166116e-02 6.461167429002345752e-02
3.103719676454863574e-02 6.460842411136348551e-02
3.103742641133400149e-02 6.460790770521800119e-02
3.103754446408136386e-02 6.460752853933672546e-02
3.103785499705186829e-02 6.460487502460439402e-02
3.103786376714586306e-02 6.460370523894599926e-02
3.103850872542324515e-02 6.460013772935344067e-02
3.103905548484595794e-02 6.459860434043751543e-02
3.103912484445775152e-02 6.459822099311574028e-02
3.103969352232946108e-02 6.459316927655402163e-02
3.103991781698900443e-02 6.459193169885514563e-02
3.104044097471054392e-02 6.459095491761734920e-02
3.104181852467331401e-02 6.458139680768498758e-02
3.104272911304264970e-02 6.457800508185181088e-02
3.104438387732626203e-02 6.456687275046342489e-02
3.104495963009918161e-02 6.456654057113109246e-02
3.104495963009918855e-02 6.456654051629989732e-02
3.104565222331726049e-02 6.455820378719244468e-02
3.104596147964033825e-02 6.455569180088906178e-02
3.104672939484050959e-02 6.455498281283215956e-02
3.104705533156775984e-02 6.455034249325333762e-02
3.104748773135600215e-02 6.454744964601304147e-02
3.104997617891938622e-02 6.453432174444950764e-02
3.105008823335333665e-02 6.453408346762043446e-02
3.105008823336359927e-02 6.453408343632122124e-02
3.105109530484731831e-02 6.452776797314456469e-02
3.105109530484732525e-02 6.452776635387359738e-02
3.105284955824662990e-02 6.452555221938013896e-02
3.105385270967502345e-02 6.452104364517720347e-02
3.105403705162995687e-02 6.451720862313928273e-02
3.105461210464218261e-02 6.451190481836713286e-02
3.105461210464218608e-02 6.451190481835136770e-02
3.105469876070341903e-02 6.451099871847142120e-02
3.105522506120170570e-02 6.450891972484171233e-02
3.105523339702128890e-02 6.450749909967440354e-02
3.105523450455828505e-02 6.450743333086081388e-02
3.105597774398254074e-02 6.450132720014419008e-02
3.105806357139371393e-02 6.449936175152178042e-02
3.105866900293598187e-02 6.449274841085948784e-02
3.105876078896491546e-02 6.449095035951013521e-02
3.105920585767607545e-02 6.448981791950093856e-02
3.105978126908897491e-02 6.448552868500731505e-02
3.106049468698064003e-02 6.447802484252121435e-02
3.106199607250718225e-02 6.447444250102855878e-02
3.106403757899759213e-02 6.446217447840457693e-02
3.106709470396730108e-02 6.445899140777207326e-02
3.106737084221159947e-02 6.444062714593593033e-02
3.106867045440553018e-02 6.443955040877429041e-02
3.106867527327628400e-02 6.443456349567990016e-02
3.107026133074958923e-02 6.443022538324993942e-02
3.107154158244005912e-02 6.442403662575035828e-02
3.107154158244006606e-02 6.442403650654751623e-02
3.107155669250489735e-02 6.442255350662724755e-02
3.107260904449031524e-02 6.441787694049841417e-02
3.107532878127224410e-02 6.440019734462801293e-02
3.107682492049915202e-02 6.439365549584567805e-02
3.107713425483170019e-02 6.439091443206458598e-02
3.107713425483170713e-02 6.439091439947899898e-02
3.107763766253233972e-02 6.438709335057159200e-02
3.107774456304876129e-02 6.438697296831003003e-02
3.107872292443689816e-02 6.438519371218576204e-02
3.107916855243823134e-02 6.437956134988583046e-02
3.107996369164655465e-02 6.437946816884829171e-02
3.108081750899077678e-02 6.437936855824559490e-02
3.108260360462051022e-02 6.436394200250314390e-02
3.108274761506147482e-02 6.436267254630186063e-02
3.108296421196746553e-02 6.436215610094446482e-02
3.108299187660024110e-02 6.436201311637755607e-02
3.108331569911807618e-02 6.436124430444464806e-02
3.108374769008741267e-02 6.435986723884658256e-02
3.108401525319196348e-02 6.435457479970990713e-02
3.108521087757384199e-02 6.434734540096122279e-02
3.108605751165000736e-02 6.434583712431780900e-02
3.108774300664867221e-02 6.433457727187993913e-02
3.108832359931109832e-02 6.433227554785800328e-02
3.108937699857118944e-02 6.432619482333232219e-02
3.109107052402631036e-02 6.432316524190463680e-02
3.109142636106255672e-02 6.431555472002094265e-02
3.109231175400578931e-02 6.431432223506743096e-02
3.109260481929870118e-02 6.431012674757008440e-02
3.109275794478476296e-02 6.430865190527959574e-02
3.109527604603477824e-02 6.430483839733393270e-02
3.109539845830059518e-02 6.429578194842652805e-02
3.109688717295209029e-02 6.428765734088828787e-02
3.109748886046749192e-02 6.428552780347977780e-02
3.110053498967993782e-02 6.427472451588231439e-02
3.110208370857623847e-02 6.426065140231355943e-02
3.110208370857624194e-02 6.426065139204988064e-02
3.110313437777254691e-02 6.425938097278596772e-02
3.110338439984440539e-02 6.425815022299005697e-02
3.110425849892107034e-02 6.425049974425839361e-02
3.110550792037740722e-02 6.424735833510718253e-02
3.110630467108997307e-02 6.424309841257085096e-02
3.110630467234194035e-02 6.424309814284556719e-02
3.110659672879745666e-02 6.424257410549104319e-02
3.110767867741187978e-02 6.423662424371887059e-02
3.110831405249610618e-02 6.423029541880663496e-02
3.110864746477181794e-02 6.422863291807034969e-02
3.110898305111164247e-02 6.422695846759615690e-02
3.110921035315794558e-02 6.422582692155080764e-02
3.111176201580971926e-02 6.421897004419174770e-02
3.111185266057970439e-02 6.421263777894832547e-02
3.111329869185020663e-02 6.421063417275374441e-02
3.111664833073282677e-02 6.418935825372817927e-02
3.111772220299670669e-02 6.418912264287351954e-02
3.111817936435072249e-02 6.418613765027350593e-02
3.111919724164086132e-02 6.417687598695080708e-02
3.111938591147657071e-02 6.417588576778311682e-02
3.112026063444208249e-02 6.417204062311550328e-02
3.112121287279976875e-02 6.416939470111711341e-02
3.112178973846918550e-02 6.416821324731811216e-02
3.112235330799227595e-02 6.416573161688131355e-02
3.112281026540119830e-02 6.415863459775844602e-02
3.112393099277111982e-02 6.415362245832596788e-02
3.112423003589985179e-02 6.415223134766386004e-02
3.112616922431995711e-02 6.414716051155830434e-02
3.112662013863756391e-02 6.414591352652726508e-02
3.112727587926293268e-02 6.414272508479941515e-02
3.112842831565785368e-02 6.413415514307536924e-02
3.112842831589611448e-02 6.413366444025188351e-02
3.112869953019232333e-02 6.412991147354447918e-02
3.112976579856011755e-02 6.412847486323594581e-02
3.113020151037919347e-02 6.412723635970213332e-02
3.113042089528129594e-02 6.412617419878120784e-02
3.113043158066751415e-02 6.412444968396931178e-02
3.113062157117273826e-02 6.412246042648436783e-02
3.113107207291370207e-02 6.411861227926579643e-02
3.113222243853380061e-02 6.411733404490564669e-02
3.113222243862142496e-02 6.411730774533239141e-02
3.113282225589314445e-02 6.411327610955284972e-02
3.113319725018938791e-02 6.410813070301782379e-02
3.113385001135311400e-02 6.410556054312159524e-02
3.113465853653659202e-02 6.410048994880802875e-02
3.113500631730141063e-02 6.409941586785272705e-02
3.113540954575205050e-02 6.409714619880273190e-02
3.113712517353219023e-02 6.408995428668425032e-02
3.113726829262440307e-02 6.408921864806459145e-02
3.113929622025064098e-02 6.407950311644219910e-02
3.113956862099989675e-02 6.407762224017168884e-02
3.114062259410212835e-02 6.407248344154140018e-02
3.114192299174120548e-02 6.406931439057093891e-02
3.114192299174120895e-02 6.406931439019430963e-02
3.114201610698974845e-02 6.406583954682611159e-02
3.114322157631058477e-02 6.406388368056586957e-02
3.114411463565930002e-02 6.405595758774854098e-02
3.114603181097739745e-02 6.404674853811294366e-02
3.114704337354651589e-02 6.404202651009160974e-02
3.114848951280742295e-02 6.403823256962117016e-02
3.114848951303691646e-02 6.403810657863852340e-02
3.114890652310473712e-02 6.403401286154601635e-02
3.114953647678530071e-02 6.403023520983996963e-02
3.115074776383846417e-02 6.402775142874993219e-02
3.115131955934561520e-02 6.402376228782682976e-02
3.115252764512724259e-02 6.402206672052827841e-02
3.115275972934341761e-02 6.401499702668266012e-02
3.115275973054574057e-02 6.401498441480915624e-02
3.115295419427058579e-02 6.401353871650476701e-02
3.115552939082528311e-02 6.400197084821025728e-02
3.115796350476985471e-02 6.399889305688055696e-02
3.115805928112371295e-02 6.399808753464708566e-02
3.115866493915180405e-02 6.399270839752820017e-02
3.115878623813186574e-02 6.398674296467600497e-02
3.115996146703870970e-02 6.398586296803425444e-02
3.116014715894392315e-02 6.398341536452582801e-02
3.116040965716017699e-02 6.398219341872223020e-02
3.116054671251614408e-02 6.397853234092090724e-02
3.116316624868194218e-02 6.397709692917112612e-02
3.116343968162738759e-02 6.397637577555265187e-02
