# $NEW GRAPH$

# $NEW TRACE 2D$
# $LEGEND$: $$
# $LABEL X$: $Objective (or constraint)$
# $LABEL Y$: $Objective (or constraint)$
# $BEGIN DATA$
0.1086105335909703	-7.520906252925666
0.09910424129672207	-2.053537993674914
0.11256148653970816	-6.547246919224831
0.06887733320244388	-13.76241279737932
0.03454736810258014	-6.859294038469485
0.06356132934024131	-3.6144352621621096
0.057508163685754614	-2.7841816201201857
0.1332509523525318	-1.4128978644170407
0.0	-0.22888094032357142
0.07690318077236635	-10.093386575548735
0.04884647540917548	-21.418628614083744
0.10288748219168878	-1.6571468201759008
0.0748136716663973	-2.6835069798628566
0.0	-7.2271876107144095
0.06058019760043979	-9.510502206705128
0.0	-10.395037899552358
0.061875819078000376	-4.46831526909377
0.0	-1.0743075587219457
0.22266314258244063	-1.772177783775004
0.04966343015325192	-10.36825981173285
0.033735998406443146	-3.308792709013457
0.27735383554244064	-2.2438916400010136
0.3265388344427223	-0.24645248878300716
0.20350182483629628	-6.427940647656585
0.0820892414172215	-2.7007804959694695
0.0	-1.9797226501019647
0.1150802936504667	-8.725445240482651
0.04571970454263683	-29.4880136021984
0.0	-21.802012588721727
0.05125332888110351	-28.392950986431714
0.14690356359038503	-1.0527002468488953
0.04466346359670042	-10.701922318077484
0.06057207004523194	-18.75410509062801
0.12268345249604036	-12.019435221920858
0.06708742012421956	-5.8615162976693265
0.0	-3.7103026535081294
0.0834986603514101	-4.772005386721621
0.12012738009559402	-1.4529863720153762
0.3894316681680273	-0.2856308032516462
0.09251093655125114	-35.386812933725565
0.09556099969692575	-0.4985935359308084
0.0	-1.13203754492679
0.06109902747452591	-8.696209189922882
0.28015653621788766	-1.7798054994830497
0.0	-3.302655722151212
0.07462281348339049	-5.5699829260434
0.0	-12.026005064005947
0.05006418303792315	-18.364512090554797
0.0766532092636075	-5.372023264722286
0.23213152729878364	-3.658513210446056
0.056467456949772635	-1.5710521256749812
0.08854094445175523	-14.825051752186562
0.3241849474417508	-2.020448576621492
0.06654004453482026	-20.96213009304361
0.03748980711144587	-23.807456061238945
0.04824552247437977	-4.960571260556055
0.4274091766515527	-0.03987786296755347
0.10373552107877174	-6.802336959480052
0.034557872628227015	-4.552642414882529
0.08978044551511417	-14.17682090207669
0.05706408487595456	-1.047864321536198
0.35983324607876965	-1.1884988927292093
0.05031456346249456	-6.117851970396876
0.20469633557637315	-0.7390335606444204
0.044112738052963105	-11.75628876624395
0.08527426432691954	-11.658116024146546
0.0840529081530391	-12.037765735594693
0.0534300118153627	-13.891639374072067
0.047409377772063756	-1.8153557319537044
0.12052973069513373	-2.1074125994205097
0.04093343453070435	-9.514980432671138
0.0	-0.6045087345782502
0.38035696569211097	-0.36112376207273506
0.09043915293216885	-5.429533920874509
0.1858158079531582	-0.37650525167271953
0.0	-6.120086414893704
0.15912473446322598	-17.39963487416384
0.057793353800818556	-6.500249571334207
0.09400395990387124	-14.039807753261629
0.05109717794089615	-24.191964451557492
0.0	-5.567523946706062
0.3741840731729002	-0.06189223804274882
0.08187921871974373	-6.585507147505161
0.05899433482575424	-10.22950564184896
0.05328280490559612	-0.5859380441591755
0.06063831080407177	-9.287897660531543
0.07496882223049121	-1.9420201912891901
0.0	-1.4901333672440613
0.38382239547598834	-4.999609741610758
0.0	-0.8043400057828143
0.4194215583781283	-0.09290760553226829
0.31296159919152233	-2.761094983665469
0.08954397875827826	-5.596524959732738
0.15426340398684824	-2.430705639988363
0.09267398450832873	-25.324689182748834
0.0	-0.2059578915574904
0.08189286997332108	-42.35211865343489
0.0679341506634369	-5.566885280034263
0.07877807061927124	-5.308227194306837
0.03166199439800845	-8.305272054368933
0.06108241375479561	-3.7659024528608724
0.0	-10.26920441657201
0.053571405301883264	-14.96960152475125
0.05499570167158104	-1.00455003994311
0.05849991435015334	-18.490211615858
0.08205596604192282	-2.470266401808043
0.07637288264135701	-13.381263842273308
0.1349839930521421	-1.2911697038358279
0.09917798423675701	-2.0091311102857277
0.08924840987895219	-5.923059601646943
0.0538109589233461	-16.389434524379308
0.09300754680476334	-25.65703743995118
0.08208059447685136	-42.247349299815355
0.07657543105802067	-5.586072626732755
0.07779476466832506	-19.58067239201549
0.043706948137430916	-4.4193577093348155
0.17218130246085223	-1.8415114541627922
0.04957255364534213	-3.7895465755443003
0.053324622250782126	-14.127891700215885
0.05685801943418393	-12.120682286231965
0.04727754354468632	-6.074944602317856
0.06503624975625232	-1.5667504700348238
0.04317276405202914	-12.283374796408504
0.06416377754716023	-12.86717885654872
0.12039647103317525	-12.800202374727894
0.05388574508708855	-21.84002001471497
0.0741119130092473	-0.7937802707006355
0.05911315535517141	-10.688433325446836
0.08864111958717474	-11.68982080562463
0.0	-1.456364554130369
0.31839144167481864	-0.07881237877289532
0.07215499523879876	-14.500113609028327
0.03418269295156621	-3.1174124852697114
0.08186716144630005	-6.568556832654963
0.07439034804571414	-13.985721926854605
0.28965477373934273	-5.948231980954508
0.1790287370138022	-0.3129616535225513
0.08580390409696023	-12.713894405651374
0.07226707383858426	-4.638599399400696
0.09390075163206407	-14.028692298302177
0.0675055410852547	-1.846770425577068
0.1388917420577599	-0.8858886264175468
0.2303037505734564	-12.532634418125893
0.051435312506788525	-3.589126094644299
0.08189286997332108	-42.35211865343489
0.09556099969692575	-0.4985935359308084
0.3838216873388402	-3.9948811408661298
0.0	-13.858804831629984
0.1771074999901013	-5.704541272201333
0.051311252914790696	-2.659181406597172
0.041502992377535956	-17.203136301764395
0.09038091921299363	-23.06727110001259
0.0	-21.818595664209724
0.09319422359652065	-35.51004245405221
0.06460623237342132	-3.122087868071927
0.06090454484317365	-6.445014464235734
0.07412274475630619	-8.930924775472345
0.09325769899703255	-2.501059422078093
0.04578800555607238	-32.85870291176008
0.051373492598485365	-28.382177393977845
0.060310438622045284	-18.487825019031675
0.09280289603670071	-25.289508602115227
0.042183071158229904	-2.48355666589524
0.046690454954227724	-3.813671720217841
0.15426340398684824	-2.3799124401299547
0.07780241720047178	-6.198017578492104
0.04993189022111189	-4.347517465627966
0.06651688901396954	-11.781579608313939
0.039663494174358584	-32.606830699115015
0.08775972468141605	-13.44092066177741
0.08854094445175524	-13.245697367300203
0.0865163153461382	-22.942022305389028
0.04620318536032527	-0.2891997402662224
0.047598773312342336	-27.037562707188098
0.03798536402529393	-1.0345200056419506
0.06061800095117347	-20.65271775678416
0.09237689235414062	-34.36139980650582
0.03340153865349134	-4.514919391868382
0.078492767325806	-6.0612803299882625
0.15973951150904916	-17.84019566057498
0.08815217753791879	-11.604899422608485
0.0834986603514101	-7.604512501068773
0.06058019760043979	-6.173730815062701
0.18828258948788185	-0.4114611104519116
0.059004825713908075	-10.227686856669454
0.06847526261586522	-4.710166615807056
0.21031556177952165	-1.0134456503591291
0.09135004921602077	-6.985086596911907
0.034059079898078944	-26.92561171949621
0.07364924620174561	-41.196717983413414
0.057260734238826015	-26.06631126508089
0.08975855843324354	-10.275467147023619
0.05355091726011155	-11.152617930377051
0.0	-6.616576210248505
0.03651462101773971	-1.1419269824645086
0.0	-18.575056068314474
0.0440776476162643	-29.77881141964555
0.09251093655125113	-12.671447154802044
0.0	-20.494826381580875
0.09287407194633647	-34.696477762567454
0.04571970454263683	-29.4880136021984
0.036851164611966115	-4.593887047954115
0.0743903480457141	-51.75755341077012
0.04195443670337774	-4.465208318376587
0.05899433482575424	-10.22950564184896
0.0353831932545674	-1.1130053221118954
0.041514370480431204	-17.219722460285723
0.08403773767163088	-11.304335334247197
0.07727246729848944	-1.3476614825052096
0.062296998336527756	-1.8026772689663335
0.04138086847948112	-1.85314488700927
0.04477542032196329	-5.954311578764256
0.04620318536032528	-11.833684908004876
0.0605801976004398	-0.38851141561663666
0.05332094083906818	-13.95661640247224
0.04793527868068231	-28.146389188198835
0.03769525707430332	-33.65743790557172
0.06064433923941764	-4.739970705329348
0.09215212678140634	-26.40121963443945
0.05344398026053731	-27.531230204501792
0.0	-27.377850945367715
0.057757016818832066	-1.435652904733141
0.05785694275923734	-7.417470208426133
0.08073723157792628	-4.977394392057661
0.07380051207329469	-13.968022046203592
0.0618961888564795	-9.782993489860264
0.05674480508338186	-36.86070415041414
0.07642066762061756	-7.510662170392423
0.06426933341506617	-29.9825894645507
0.04802515492391022	-16.67425315331078
0.18049107270779932	-7.436326602937547
0.051584648240822935	-24.627195532664878
0.0365146210177397	-0.6121528476092533
0.053324622250782126	-14.15066769043829
0.07439034804571414	-28.002563090145074
0.08600157549593589	-6.347877015905557
0.03645952940680121	-13.051798489673743
0.07317161997315394	-4.691075094770699
0.0749254555551472	-14.413250899076544
0.062165847896668784	-11.389482361486797
0.035777695709187894	-11.657375042314328
0.04070969117132571	-10.97882223806688
0.043706948137430916	-13.245715289410386
0.053972773291907666	-0.4629076528678125
0.37667057136399346	-1.5069555028246562
0.23984305491757002	-0.9977667467604993
0.0	-3.3391834145211376
0.05109717794089615	-24.22209191748301
0.03367724148325988	-6.458895723550316
0.08475480078373818	-22.433648714589683
0.041500452830843956	-17.20418940346093
0.04408838742508088	-4.659819500466075
0.07432986996762729	-54.59733622948097
0.07908086524539949	-21.51880528179206
0.03455824853624563	-6.8571667913087655
0.04811977068914398	-4.959201734774019
0.04215123658129657	-2.425869056043068
0.04620318536032527	-0.2899981144516433
0.046766376237695986	-34.215545510114325
0.05813268513931616	-0.9920733562729638
0.04033495236654405	-11.306323813285118
0.06798816768691356	-20.072291188741232
0.1937540480155566	-3.7830914782375955
0.06271828365843872	-24.96249496005351
0.07990049376592975	-40.360662457601265
0.09003044105187641	-33.78669835496946
0.0	-21.94746764642766
0.04884647540917548	-20.610522689713132
0.12039647103317525	-12.673936449420799
0.08366315294383724	-11.427637163823913
0.09019578110531719	-14.37738582722213
0.07259392963637659	-14.87306741695383
0.034020119100357696	-27.07607386054045
0.06718152830651389	-12.226041080266263
0.04748807216349816	-14.9549981664002
0.04641444626520201	-4.74438181798426
0.06413792109035915	-15.000776945805063
0.04944168908888764	-15.147744661745493
0.0840529081530391	-16.769363335559472
0.08775972468141603	-9.655869381619576
0.05095377368510049	-6.126328510541682
0.04286432314209966	-2.70106905154886
0.05559805961612858	-22.93543079634061
0.05130290183020185	-28.51260542382242
0.06654004453482024	-21.015883428029312
0.06357499461080247	-27.341576783972926
0.09126837587295315	-35.92165450979459
0.03295833081629391	-4.4913020161824
0.062247031755248865	-1.5193245367540475
0.058729179541168866	-39.412153113782665
0.059004825713908075	-10.287363079500498
0.05706408487595456	-1.0428065929956127
0.07750534961684057	-49.12953312081713
0.03595765601288047	-0.15192180569960928
0.04883103093156702	-31.027681651368823
0.09257453909533692	-20.614238734591474
0.08104851500188966	-20.225974808154266
0.07511650631533115	-13.849908996045285
0.04576417124621757	-11.774788384507895
0.04852333039869243	-24.881290870527508
0.051015236851807505	-27.75714136603422
0.03356153088970176	-26.18550152641032
0.0341372472392313	-28.483806587239922
0.03748980711144588	-21.820288978944923
0.233736011629026	-19.83282642198073
0.08599572677273536	-20.187846287168952
0.05201266711085711	-36.02602584973066
0.11010778148123267	-11.220917397869414
0.051584648240822935	-24.627195532664878
0.047598773312342336	-27.037562707188098
0.059416027497667494	-27.523694213054892
0.03730227580088825	-34.00146681107901
0.05490042960943568	-23.41303308200791
0.14912942158757886	-14.245604570945565
0.03748980711144589	-30.262832788341893
0.05350770423770916	-11.447739787433708
0.0496296911003711	-26.875078721671102
0.046862883047917483	-32.04281825263451
0.049762823064332246	-24.220725921651894
0.04239153747588644	-17.15016640357309
0.04967380274117554	-24.1700690229195
0.05660392651879207	-16.70987569465984
0.07820714646576171	-41.4927273485388
0.09475700180294654	-26.79418687605354
0.037036563206868	-32.68001969098826
0.058819659481831224	-20.76793370962982
0.08080791130497869	-43.82643290644594
0.06598995978054033	-29.222295197447675
0.1329292237462195	-9.334052674706877
0.07156591825126182	-6.374970352787283
0.03340153865349134	-9.530065717434434
0.06357499461080247	-13.04915417451712
0.03567985254575181	-22.207937647065613
0.049337683873018685	-29.89953012008213
0.035029620856311755	-28.22063597287288
0.09340747566459501	-33.6169210369692
0.08823199764649342	-12.348927950828633
0.0	-10.183434189964247
0.04044810942078166	-32.83924387871626
0.04738031803087484	-19.39650350718392
0.03397008211235738	-26.65695018063582
0.08935902502424005	-34.45441879677008
0.04859691208531764	-2.41233476602332
0.056308118410053766	-35.63455334457666
0.04904604414609678	-23.16369659635214
0.0776083963910704	-45.646723472110864
0.05867321757061423	-18.693616398758923
0.0353831932545674	-1.3165437608696722
0.059934460920273526	-10.32152047921937
0.05143082611745789	-15.353973010914958
0.084688574115142	-41.74328365910298
0.07717059052127867	-23.83577347518086
0.09289108466240856	-35.38956171086044
0.07319340306319658	-40.608171482516504
0.04727754354468632	-6.074944602317856
0.052323473722851795	-1.897163205118426
0.04910319716037936	-22.906431642168336
0.07094675399452754	-44.658270867895006
0.05614734307396529	-39.37073278391889
0.0	-17.55117889276624
0.08189286997332108	-42.35211865343489
0.0415143704804312	-16.976873549638942
0.034304375797119945	-26.849565520199157
0.09319422359652065	-35.51004245405221
0.0890796575257197	-26.25150789471095
0.033407838712837	-17.698320223055873
0.06340101252405875	-31.16345965070097
0.3124540250751475	-5.011555412397501
0.03677826393407942	-5.283003503892357
0.0340947048958804	-26.914134744165178
0.0	-4.79662916153531
0.037912309776086096	-1.0203641596821151
0.05793188809228804	-40.22624722872695
0.036171112942143605	-0.15102442235239794
0.044094299453716436	-29.815935608211248
0.04619560518558491	-0.28979820989689403
0.03402011910035771	-27.199782701272298
0.051373492598485365	-28.28125093798592
0.07749713750117361	-49.13473937704602
0.05350228111519105	-15.286505929766834
0.04317276405202913	-12.896550426406598
0.05152682926549829	-26.28358875368691
0.07346159982657022	-42.13078350149296
0.03396533296708504	-2.234966652448915
0.09013273221819743	-36.38918104401468
0.03455930352581547	-3.122694063804491
0.08189286997332108	-42.35211865343489
0.044088387425080866	-4.607686476570526
0.04884647540917547	-21.451198260806933
0.04138086847948112	-1.85314488700927
0.05891997943515835	-2.225003128734948
0.04168679511154705	-7.360191968031019
0.0576867676946412	-40.08966460623746
0.05273985698438235	-24.89240577914518
0.03340153865349134	-4.489857990652301
0.04099808636496765	-0.6064796579972127
0.05674480508338186	-41.99281691763728
0.050273041514912256	-25.539143426825994
0.04040958776082895	-39.482103507070555
0.0383873374730722	-28.65522667734579
0.06554756175726803	-38.25728757981292
0.07923810003570536	-28.599829254192915
0.08208930921813458	-47.695835630487416
0.04826255949432982	-1.2879241148018858
0.03535091851183175	-29.25016700368948
0.050306068908882395	-26.11891924189321
0.03442124674568382	-5.716111279853809
0.03455138154277491	-1.5568127871845527
0.03402011910035771	-27.199782701272298
0.08394108110673573	-46.0021215391108
0.03731267490771094	-17.550720590114675
0.08353761088878398	-23.928103856745004
0.05614641378534551	-39.37138441976239
0.033641286154673065	-27.072634157651084
0.043405830552735176	-26.85023359243208
0.06689190639602664	-26.921074763422524
0.03703656320686802	-39.2149801753959
0.057332682212278795	-33.45273044671493
0.035153581443480075	-23.470274021984704
0.03769525707430333	-16.474965037135018
0.04093343453070435	-9.577250140877647
0.046766376237695986	-38.708556389916296
0.03305215387719843	-16.880100709905744
0.06413372933186937	-31.574711935588564
0.08189286997332108	-42.35211865343489
0.03197013632466615	-6.520586983960917
0.06659659333798405	-28.80407412599275
0.04591115477190625	-13.379291827699387
0.05247174950187734	-32.28342607059151
0.07635834685198734	-44.882914725528735
0.03404178772956143	-26.985878338032485
0.040392216194203245	-32.88037820053297
0.0778785336728629	-36.388809726219144
0.09204596935789482	-36.72672247249386
0.08202037118873219	-42.28093670695279
0.08494550013896478	-44.01250073795169
0.04582833508510162	-29.072585633067913
0.0773738181064622	-45.07783665706106
0.03397008211235738	-26.60601001841799
0.0539428413004877	-36.71980610214067
0.0344497088313439	-30.595296083556107
0.05704810727407065	-38.48896408069822
0.03769525707430332	-33.65743790557172
0.07187282234313719	-52.75352378543322
0.08182785459160322	-42.034506523194665
0.08208059447685136	-42.247349299815355
0.07752696717951164	-49.1462180723583
0.04898564309933637	-21.596602789543173
0.03436529935625592	-18.94048938524213
0.03567985254575181	-7.794503718422512
0.03393228326043663	-26.77897907299691
0.05178812958148156	-19.746547011040466
0.09657514679701942	-24.879944850246147
0.03759405022038322	-28.252012313704963
0.03344804082248253	-28.680574469973042
0.040939900346460265	-35.84726332696638
0.04044810942078166	-41.7857912396463
0.031979825295090074	-17.379414939297227
0.034712456279798874	-28.479508344759417
0.07245882567771426	-53.907372767273685
0.04986414970263919	-44.512482082959416
0.03787278667775772	-24.314277125009337
0.04832628141663566	-25.634130079985496
0.08154875791681597	-42.306318911632246
0.04369092736419993	-12.83286256776138
0.07647516460169637	-5.583253570613169
0.03358949279993983	-38.27763184763424
0.06340101252405876	-20.727285746687556
0.03339111322252396	-16.928077875298808
0.05206309892687794	-30.417098296335766
0.0345130780568664	-2.3012643260025607
0.08185462254020152	-37.889649094421486
0.032646898042360824	-9.02114019479534
0.03340153865349134	-4.288616513071151
0.04890593084246773	-23.178071245839835
0.03451671890756525	-6.865945992766886
0.07862031754096369	-42.09601207824833
0.056590916976116415	-28.412014429205335
0.046766376237695986	-35.39726936253059
0.04107376602231077	-29.338636196538168
0.055190069417519055	-36.75581895962215
0.03370644061018636	-28.598521932355577
0.04074706970316013	-38.26078225407443
0.056909740021344565	-34.31409692163365
0.08931180141320895	-56.702296472974844
0.04409536845270026	-33.08298171179865
0.07284532360694716	-49.826981530362566
0.04694684730618734	-32.41964786224818
0.06435052121929417	-28.04257534173403
0.05023741376468168	-35.173374845250656
0.08798145666512576	-55.61881915464968
0.07181633600912311	-33.78747877002338
0.083813128366278	-43.41698519937208
0.045989180189798806	-33.23749251301517
0.05146419915104204	-22.73217999838202
0.03439531226162796	-27.275061488332476
0.03823941829940096	-36.01809138461337
0.05079178149465693	-21.532684110210493
0.032723036381258536	-8.522083662407415
0.038190401419421954	-28.378695317327903
0.07663657061913283	-46.28739774448399
0.07863638794631228	-44.943932607623616
0.041816160562530784	-36.213335119691244
0.07509180630765379	-43.579080468461584
0.050628860381541886	-13.601870572235814
0.08177605410284218	-22.137484956806972
0.07276585179861492	-49.76086513914643
0.03317442859398582	-24.238546555332157
0.09775985143386108	-50.42502882873478
0.042608842930781744	-41.31772915669421
0.03409909061264833	-5.456071238858462
0.048373636634045286	-26.744869552531128
0.04705228468215174	-32.43401992122025
0.07234807036018434	-53.93108461130395
0.07490145715927682	-45.43424189565838
0.04336700025596546	-39.05061100543508
0.03550304070475565	-47.65361090311814
0.07551242259415279	-25.72927113153336
0.036404642493417225	-16.12818398835585
0.06931845062630591	-25.556821936553952
0.07405563867029913	-54.46481933517242
0.0810324137305693	-44.74481617861915
0.03356468893950882	-26.196221266465606
0.03403852257477664	-26.974920547824144
0.042366180588174394	-49.547333408717996
0.05730461995567371	-39.095155979763256
0.03907613058375684	-31.463263224365743
0.03199957617809782	-6.780092267532342
0.037630643355332505	-31.005609820243208
0.04353468473259045	-31.316794559600716
0.04082687166244569	-45.5173418255903
0.07281325409949509	-27.68680448124756
0.046973465269068544	-39.5561840391675
0.041024123770159265	-35.235512767796266
0.034712456279798895	-28.23446871466498
0.046808477035830555	-31.806383185078673
0.034733297694696776	-28.98783417758175
0.03328062213336761	-28.443979493286214
0.03913308215914798	-47.54717181085266
0.06897691312495287	-38.18594177055755
0.07339695534145912	-42.12176076720787
0.03351780692229704	-4.4937582252930195
0.046988707919388015	-37.68602187211489
0.06198159921140643	-37.30107847099206
0.03773339548975933	-33.60544759800034
0.07265252952049052	-41.89287400660047
0.03767907699747878	-33.31052326786838
0.04105000292294679	-34.55692124002891
0.31080746310257806	-11.95751930815084
0.082937186997877	-4.736876919899823
0.06554756175726803	-38.25728757981292
0.03402011910035771	-27.199782701272298
0.03720141033349951	-14.278823127639695
0.05372869903172204	-19.229741897006537
0.08798145666512576	-55.61881915464968
0.07635834685198734	-44.62967060238361
0.04427020907380136	-40.91588165980834
0.038991601614993814	-29.09487395060185
0.06808174642394173	-47.73561940326044
0.04654881743884264	-31.6392798236488
0.05028718446864727	-36.22460720212029
0.03827980861892412	-37.072137296280914
0.05955510069696505	-37.23670763846454
0.03999637714834346	-26.04014903293439
0.06870084146979205	-41.75863460215511
0.05453823777906646	-27.284538524826957
0.03642857838400224	-24.68421654591661
0.06335591426284418	-29.899506318259423
0.09478179483266876	-44.96446790175365
0.039108604691972776	-33.57449785509308
0.03604618725017189	-23.248206324565096
0.03374418307451078	-4.468852107460384
0.038032057693819024	-36.214828280243964
0.03435120408014624	-15.999375325337533
0.03379108698984187	-9.725162314654522
0.03944260773440431	-25.525421848272096
0.041794626513902575	-37.281090064597436
0.038739267817696155	-38.73286941221886
0.07607333910794585	-40.100159750578214
0.03740714095972418	-30.133686679319464
0.07439034804571412	-52.302311201342924
0.05614641378534552	-39.648180370419325
0.057960560904898324	-40.225814095689074
0.033052028181175225	-16.88094258542967
0.033716647590829436	-38.133509121412864
0.0727845841996262	-37.31145527448431
0.043290178107692874	-52.34351906307338
0.05307376682873805	-30.21262556544387
0.07820714646576171	-41.44846989819858
0.08208930921813458	-47.737886651880736
0.037096049968047475	-36.84248679471308
0.0693419579753318	-33.473618694881246
0.03535091851183175	-37.94272778126019
0.037036563206868	-23.149917967879567
0.041517858245939836	-29.767438704259632
0.04592934639574977	-5.544117674035909
0.03408404450686684	-25.170903087900765
0.03301351682064065	-4.48377301434116
0.05614641378534552	-39.648180370419325
0.03361964090154661	-26.313030127193738
0.0879848889015787	-58.94097375186198
0.04136850264914037	-39.89591600417879
0.03384350549117187	-42.92903379576836
0.03654123881741603	-4.040315109858911
0.0743903480457141	-51.36496585883378
0.03283117565081682	-17.07457222625707
0.040272976631341835	-39.034563773426214
0.06826191999827108	-48.22218969812526
0.089501434052252	-62.900096528127214
0.04467517890029649	-40.47267591565358
0.0353743697084781	-37.40874942777714
0.07295656578640601	-49.79381096276969
0.03276521214145862	-9.49131794826048
0.03489139540411421	-29.81756921234187
0.07263022878846115	-53.787107167077124
0.07177582568574449	-40.65540217225325
0.03466928500849806	-49.847521782533
0.040448109420781676	-22.75070985914335
0.036093993151238485	-33.904970342995775
0.07299932088179091	-36.0310394558442
0.03377872702226275	-9.727008546779421
0.03356932104469927	-16.778562262857886
0.03629472160929347	-43.4665389345355
0.04395301474134583	-24.43085624048101
0.04077336385985632	-34.3407232022162
0.03484311049354357	-28.93269186596891
0.08110375766147242	-47.57957185139236
0.03248300179082393	-9.050442283235748
0.07168461984870866	-45.33331434013046
0.033756617880416576	-27.094879701569916
0.03586387279437217	-47.40811820578939
0.0714226678372051	-29.95476707919589
0.06825700259865056	-45.82398792119024
0.09195130870814028	-53.20633537370705
0.030489708289354416	-8.2452255636003
0.03487428352072057	-4.898535403132818
0.05793188809228804	-41.11187291936677
0.049035389092381775	-39.12679930481685
0.049454416870841754	-44.81583681984088
0.03221103493431688	-6.098769716547724
0.03399608958953239	-27.219009601911583
0.04696656974649689	-10.032695648901374
0.033970692942296266	-40.30656999712519
0.03713943098501926	-26.26195347136884
0.07234807036018434	-56.497797885795606
0.07509180630765379	-43.58761753151717
0.03482669467097808	-40.24600066878294
0.05614951291856518	-37.71632631247206
0.041816160562530784	-36.213335119691244
0.033114066939732435	-17.56228233746767
0.032971009927344835	-26.544817757634778
0.03343292224068535	-28.694103862391966
0.07265252952049052	-46.32729032423032
0.043925852579500775	-31.648624642709915
0.03166199439800845	-7.426611393898316
0.033081217928427754	-23.87681936341938
0.07567230429322334	-43.71714091488671
0.08584515481790835	-34.50251127044012
0.05858956313219283	-39.003601393966484
0.03344384607616291	-7.295637665515711
0.07481701658178018	-28.134320308918863
0.03401092404822528	-27.566833326777115
0.037036563206868	-34.9176860037785
0.03531923307989966	-37.97676913774543
0.03593218603706529	-31.87035516963347
0.0341372472392313	-28.483806587239922
0.03340153865349134	-4.489857990652301
0.041079393517543916	-37.946602516313234
0.033304051200968396	-32.056440702791974
0.03356414074937981	-30.978236634036488
0.046973465269068544	-39.5561840391675
0.03323574564626964	-8.75725120629297
0.03321811948776345	-29.161879005830592
0.03459279062964269	-17.570324623445938
0.03421971860046082	-16.607487754852702
0.037325069278536654	-35.289078371281406
0.03521183645892997	-37.40478989021922
0.08401534317565101	-54.80140599879946
0.09848067870582282	-46.1298763976557
0.033500029126221735	-25.701907924936506
0.03403852257477664	-26.974450176322048
0.03913308215914798	-51.963469514114664
0.07353365626336808	-48.60337467429274
0.07243038907798184	-53.928645280390434
0.0827951314620183	-47.29486829729417
0.0717499480485453	-40.89769577386232
0.07550279398996432	-44.49757668723194
0.03301635660252476	-34.968600400116344
0.07453985318774892	-25.332568756401404
0.06808174642394173	-47.73561940326044
0.06808174642394173	-47.73561940326044
0.03550304070475565	-47.65361090311814
0.03344882835900218	-30.726009282872532
0.07244304687009764	-49.98322936111433
0.03566554993282185	-47.43647682382008
0.03575233284754847	-39.588136239209575
0.03393228326043663	-26.77897907299691
0.03323990709621122	-36.80777218970636
0.07460865614030242	-36.08505608508228
0.037234064888935756	-12.043576908789886
0.03467034833819161	-28.892449409242225
0.033660294685895896	-26.015149358095485
0.032508625990801905	-15.481292765129957
0.034827631353667544	-9.454094046496282
0.03683130603789541	-14.077251481818013
0.03545884245952682	-47.71452422861789
0.07219321895067263	-47.2310499207353
0.04740790966680738	-22.595440860575053
0.07946536151390458	-54.461659092249214
0.039982937754439264	-43.68170599015817
0.06020190259817566	-7.808385968555384
0.03575233315974365	-39.58813611965459
0.07284532379845755	-49.82698160937381
0.05313229791990199	-8.299230675101038
0.03327666683675651	-8.760900973835707
0.0424856192847265	-16.915170315154093
0.03362807768409572	-25.91087940117086
0.04618428648651675	-34.39208697040408
0.0756415656891823	-57.284778640963026
0.03484030402198387	-43.757504171480676
0.035026249205466396	-42.62438519349412
0.07290764708626947	-50.95698670260446
0.033995199598956125	-18.997510486763932
0.05421736350637527	-45.15928910015389
0.042787177034197266	-46.917925842797835
0.033016356602524756	-34.07104306724582
0.03535091851183175	-37.393855341124414
0.03633397364001202	-44.43858512595651
0.0658247037172479	-29.69261057686164
0.03328008515841248	-8.480275131032665
0.0362484763521656	-29.29702381109283
0.08617635946390947	-57.799112046013825
0.04201148601336429	-40.093057621546016
0.035565832597486316	-48.206606942224674
0.03251887250574616	-9.040455953539933
0.04307598723571149	-44.959786315187856
0.09078014566726895	-49.10992121760544
0.033114066939732435	-18.105247502338113
0.0678228693414981	-42.04986007347048
0.03488299199163343	-38.06864840578021
0.03473906733492964	-36.15653114778952
0.03514457966317632	-28.726215278440833
0.08401020224244422	-55.360172429926294
0.10197051076790058	-6.328084582510768
0.05865890656821343	-52.369573625249174
0.035412356847624546	-31.67988100534466
0.034584118727681024	-35.82768682092791
0.035562798836336514	-25.324103174223197
0.07280600233702172	-49.73332428659219
0.03446512023144642	-30.5253782973505
0.03910073574541769	-52.25075917033516
0.03405795488149776	-32.415743287285274
0.08393306199754477	-53.604575767177494
0.07839216653088898	-56.152868758233495
0.03228907125545845	-9.32881279921198
0.07265252952049055	-46.32132470887212
0.034826694670978084	-40.25107127493615
0.0743903480457141	-51.7932080101513
0.033828837386920135	-29.707130224471634
0.06735283948150862	-47.370040147237106
0.08783272949659257	-52.709185074561226
0.07047036496292447	-48.04410256995017
0.07179159843868833	-53.47650619994358
0.03307962344191318	-19.030930764484573
0.03278285480663432	-9.48619583691284
0.08821906964622081	-56.28442161241565
0.03382905624355143	-6.787565491603816
0.03364373270386351	-26.82321122139567
0.04221077989826087	-50.862869042863615
0.037637359672909584	-39.286325713689365
0.033081217928427754	-22.440926461302162
0.06838212624423924	-55.473323570891814
0.08377022742480214	-50.84069604477945
0.0371373788768487	-55.45750626698569
0.07110431095114339	-51.49308813197899
0.07065984329660902	-60.02144780609417
0.04984224393045714	-44.465991863720966
0.0749984143739498	-46.196711229914456
0.03884282703206222	-46.48264448646088
0.03531923307989966	-37.9132561772707
0.032441175267580884	-8.42549669375492
0.03136861864478381	-4.756550546326301
0.033192748797336025	-16.571901838046003
0.0353371212962617	-27.009285548034338
0.03185455745056521	-8.676758560667759
0.033381143009233595	-32.40676867519414
0.03361916901251127	-26.843914849084737
0.03335445979052635	-4.516352804876231
0.07261080361504041	-45.04277898730399
0.032861507604622836	-7.504972091840339
0.07382963964358279	-54.44106660400108
0.03252398638399597	-25.298024926713424
0.03369767674075636	-22.934130850632826
0.039420287808646655	-42.48179400253518
0.03433266374544874	-37.359207381515816
0.03169859087495431	-16.273446726756134
0.030489708289354416	-8.2452255636003
0.03295433781879161	-23.363493377299438
0.03534935226375618	-49.12084491783811
0.03485098809119586	-38.38592207082315
0.07946536151390457	-48.170901293759655
0.03323990709621122	-36.80777218970636
0.03136861864478381	-4.756550546326301
0.0338395019691328	-38.060742547904816
0.033114066939732435	-17.19867998617287
0.032312172760910446	-16.458786636611823
0.03493701189093442	-33.914006974864776
0.035041011925670044	-42.322172242784134
0.03358949279993983	-38.247097319797014
0.05447112097537727	-51.404647344677436
0.033589112595676165	-17.816000131682976
0.03641014245945218	-52.55517273041966
0.08476316565123541	-36.75728905352066
0.03339332305921408	-38.36922719443654
0.03343016730590761	-18.163650231297908
0.03323990709621122	-36.80777218970636
0.03305215387719843	-16.046647339314625
0.06955845971452738	-9.22151864447898
0.13222024962555623	-9.837997514275838
0.03266320476685352	-23.134074426991003
0.03596024197829489	-48.33478606153288
0.034210739904908034	-23.32956028262508
0.08867115847685213	-56.11652465433915
0.07576307095251023	-6.973479028066803
0.04422315738296461	-42.185858740912735
0.03134086773990953	-14.329869191686619
0.07379571626003714	-50.88214095456208
0.037083531413230106	-55.53803512541054
0.03258826349492562	-25.24798293922198
0.03360497862616353	-28.60491964572735
0.03250508236919103	-17.431947106876287
0.033689506176301384	-32.005419865014986
0.03406609928913458	-27.731588399242433
0.03184736316197468	-5.59450777115157
0.03277607249653223	-8.993091209942108
0.07245882567771425	-53.65825628232428
0.07181416115039643	-54.83203803726632
0.03155759034566058	-5.737446227606611
0.03390161929057438	-30.875194410058782
0.0853262724586466	-58.97084656055514
0.06825540116267513	-47.780501638692684
0.03402537840945985	-34.462663939916595
0.03350002912622173	-25.24377857605739
0.0345789604842384	-37.940349280536545
0.03358949279993983	-38.27763184763424
0.035935218783441615	-31.499986679847716
0.03962480004362191	-8.045478503392456
0.03371849749531545	-29.290194595019422
0.031872631161576966	-8.679211411037187
0.03562697783935818	-46.98807663782224
0.08537201415239008	-45.30382824705187
0.031987025404929155	-20.873937913830225
0.033438698577703846	-23.17486590815918
0.03495380415178859	-47.97867727206124
0.0349049902002148	-44.11013075235987
0.03460192567106381	-48.24267375235936
0.06054331955206093	-27.79886437459957
0.042955620525496924	-16.313698496138173
0.03262077141780683	-17.10416497897582
0.07826943995295715	-54.149790868539164
0.03632913367221485	-24.645915083300036
0.040893030831417376	-35.540453109909926
0.035503040704755656	-47.965107466908876
0.0349354005938793	-45.24568742231307
0.03490451370912993	-48.28516402254911
0.033851558566582896	-26.06993903105886
0.03342693296495486	-17.657326633757485
0.033155877924431934	-24.375544903257534
0.03339350803853871	-32.07987671143446
0.07238709024983613	-48.88099668408348
0.03488299199163343	-40.33381159601238
0.03910073574541769	-50.579497462541966
0.03200076627672103	-38.98597813452013
0.03527307081551626	-28.057224149815386
0.08327100845570279	-54.75537490444961
0.037027849548466045	-56.28972511817984
0.03708372535824358	-49.14264322640182
0.041174975746874794	-46.06297957097705
0.07351778867385972	-54.12116434797909
0.034826694670978105	-40.29076500840449
0.08957547880530574	-62.79035105203654
0.03325780431641335	-17.957546898489053
0.032032756379912666	-8.771895257096924
0.032463430343345895	-9.64679223456694
0.034132986125889574	-16.37556141348303
0.03913308215914798	-49.496852233941304
0.03488299199163343	-36.575456019359194
0.03151465128724303	-11.869881764092014
0.08795836209198876	-47.08933329431867
0.06067532990069544	-53.049346991570715
0.036230157051811644	-26.427512217468735
0.03317442859398582	-24.238546555332157
0.03166199439800845	-8.305272054368933
0.04009262179893079	-53.71385709735683
0.04288072859896635	-34.76299785454255
0.08957547880530574	-63.121228372944955
0.033099888126059455	-35.66318198689018
0.03705818232481103	-53.59328785467731
0.08070966244699719	-52.071796163084244
0.036561697819293075	-55.14198801572079
0.05660710044739928	-21.1147346010313
0.03779906071068915	-35.65655653941506
0.08720575481724535	-36.016269843122494
0.039886078238864836	-24.94852049926986
0.07170132300534209	-14.716459350674258
0.03534935226375618	-49.20271739665239
0.040437172663579726	-8.59054023604622
0.07178571599654324	-55.63885269308963
0.033709752569251704	-40.81546388055792
0.03183279434027101	-20.975198743662506
0.03431111892119351	-41.73206254221422
0.07181416115039643	-54.83203803726632
0.03323990709621122	-36.80777218970636
0.03572427919169274	-8.133618158146303
0.03595411507993182	-38.15049480401035
0.03516178823541427	-48.88103164507271
0.03679130591929918	-53.86991073796066
0.034630983954816195	-51.21470053743982
0.04109665245590568	-51.773139545354546
0.03529410377245594	-44.53845511957108
0.03232999822659094	-39.199079362956454
0.03305289224012064	-23.058655163290943
0.03901065791573744	-52.00088795097393
0.09257796160338516	-64.13566059223486
0.03509173661498198	-37.7775205162876
0.03427060031825159	-38.84051319513627
0.03169461872311361	-16.20745801850645
0.08891591381809877	-57.439330976820656
0.032707807611562695	-37.745417571127625
0.03143371080285998	-21.22150653825569
0.03403746214455314	-34.58333412409227
0.03341925891379009	-28.312617906681766
0.030489708289354416	-8.416731094449837
0.03250728392348875	-17.070373084803453
0.0784689028052923	-56.29979279224604
0.03255616747595834	-16.921594253160098
0.03665086843311979	-9.179896817354553
0.033381143009233595	-32.40676867519414
0.03250508236919103	-17.431947106876287
0.0368738273817296	-56.8415753385806
0.07280017062287493	-58.67274059844215
0.08931180141320896	-52.77469900107606
0.0899921756138251	-55.55141905170021
0.032515505322076615	-10.804552031575462
0.03354184133112838	-27.913057737503586
0.05192542942554675	-41.11437397302927
0.035071790436648244	-39.314161771556286
0.038001062231679886	-41.27871897093688
0.03504101192567006	-41.545221355144086
0.03510626656283028	-32.75907964794019
0.033332465457275195	-40.45091076205225
0.03317527559440774	-27.968057865578782
0.03253761768516996	-36.45567776394761
0.03836233803936671	-33.3075311387793
0.03262077141780683	-17.10416497897582
0.08528892450148631	-58.99672532668056
0.03330036911598538	-28.318765608393505
0.035026249205466396	-42.48173352348963
0.03466928500849806	-50.006484900209344
0.0356603413473982	-51.02389516043575
0.08511413276376749	-59.44333187154879
0.037083531413230106	-54.005631284452704
0.033155877924431934	-24.375544903257534
0.03622199365624965	-49.00163704286393
0.08739095801698409	-54.51486631908843
0.03131616259491985	-18.118437075600443
0.034601925671063814	-37.040735549342216
0.037185690139476944	-55.58602203445262
0.03484076420861529	-38.2807580869061
0.031810812621365564	-17.770947434392898
0.08794947147861937	-55.4184883615227
0.032478800556705094	-21.41229693212125
0.03304600668903352	-11.862329669614091
0.0639652739440818	-11.261021731415532
0.17797872491684544	-26.39291729009754
0.031731903313246664	-16.414044867872235
0.03049562135870132	-8.420233877572343
0.033234005701667554	-36.81430868167344
0.03166356123780724	-8.49236175770247
0.03313952863444375	-23.75946327913377
0.03504931325874987	-17.448500426827202
0.033331736377048844	-36.70635750700617
0.07034826582521102	-52.32729253661725
0.033716647590829436	-40.131835742561556
0.03295637200148513	-8.5233185364386
0.03764643029674528	-48.50757189306582
0.08779941321776047	-61.21357166951214
0.03330826728485158	-35.383401805664924
0.033038892777430245	-30.821055951242332
0.03550705101003036	-44.333009324868975
0.03925775050330537	-39.92979316260036
0.033081217928427754	-24.191253552366977
0.03641412026676684	-16.613301842574486
0.03638965849799022	-52.54890416623183
0.03357804063428782	-35.94275650891506
0.0377615795435757	-35.89546731481555
0.07792164628772953	-56.021567370211116
0.033823471974302854	-43.653210852143175
0.03572608832604626	-52.11597127373528
0.036253239517403085	-35.644801980948216
0.033715896983336935	-39.521130823278156
0.03253761768516997	-36.48138278088832
0.032326046130488464	-39.371999215383454
0.0335559048725516	-40.77610512072194
0.03253761768516996	-36.45567776394761
0.037027849548466045	-54.47013281910893
0.03633834589019917	-52.048028273091084
0.034634597374460535	-51.37088038822696
0.035461544537028655	-58.417513584553305
0.03337396655849391	-36.87899184925205
0.0327288925687244	-11.910283571231947
0.03669898876007641	-15.911945792856704
0.03490451370912994	-45.73553557155902
0.033759103444475705	-38.95167366257469
0.03705724432646962	-52.19277830835446
0.07439602685331793	-18.592068182558595
0.030585481811282105	-10.899263269039974
0.08966302906327073	-51.28577247714645
0.03679130591929917	-53.87622783890727
0.03358949279993982	-38.24263081654073
0.0896970953816902	-63.56937933145042
0.036391202290021296	-52.107857751667616
0.03506183175186883	-49.112820810864925
0.089501434052252	-52.582768394258295
0.031409862654771775	-5.1685186907878915
0.07268237206584263	-58.64213909613956
0.03614882877635593	-56.79156548836272
0.06186802036383105	-36.804700837122084
0.032712288976894315	-35.6216762495972
0.032199668729048114	-39.025963983973526
0.03227860099472232	-21.54511835394616
0.032876432258315595	-20.39964487655479
0.08966075399162164	-63.3914754928859
0.07563967586586867	-59.76334559169783
0.03323474739039196	-34.88850587104572
0.03400713265784526	-40.632032831833115
0.031704871155311794	-8.285214476624883
0.03365278483201772	-36.6571892275478
0.03458948460835992	-40.08899547061638
0.033306185630400005	-21.35421100582715
0.03130733265095916	-26.96810206914986
0.03462309982270532	-51.557725885345995
0.08216003271748906	-62.36495597372182
0.03174036147568561	-20.353314735667336
0.03242700112748804	-18.466062808355396
0.05709406009288101	-58.52958356255099
0.03534449408426987	-45.835311586161204
0.03323990709621122	-36.80777218970636
0.036873827381729604	-56.89260816548713
0.032478800556705094	-21.130607561552818
0.03867143335214062	-17.20044330086782
0.03323990709621122	-36.80777218970636
0.03293726515773835	-20.152806569775244
0.07860582310107385	-56.20133877383657
0.0334250469250268	-30.957917391762873
0.03821176231270804	-51.48451097562425
0.030425837220172183	-6.826673022765026
0.03641035771222744	-16.35852174228734
0.06829520435803106	-32.87966692328912
0.030306238075247034	-8.071746251065106
0.057867198725447745	-10.500309102871551
0.07619861479289874	-56.23345830940317
0.03507583779264555	-40.03840019917771
0.031872631161576945	-5.678070743016049
0.0879848889015787	-54.48588759817313
0.03705818232481104	-53.26529147084748
0.03358949279993983	-37.77372765981017
0.03295038941059856	-11.491201642465734
0.03199957525954729	-32.077373699638215
0.034630983954816195	-51.21470053743982
0.031386377538432465	-6.819055307021382
0.03237920474444673	-33.26664524254111
0.033562142045856974	-27.739638371711422
0.03465546214230036	-50.16179902683505
0.032707807611562695	-37.7539066977621
0.03358949279993983	-38.27763184763424
0.03130097755618799	-21.311741346102714
0.03131616259491985	-18.878784424272062
0.033234005701667554	-35.52017803977039
0.03173996303890841	-20.55265759009109
0.0316946187231136	-16.00330345367124
0.03134086773990953	-14.329869191686619
0.03134086773990953	-14.329869191686619
0.0787836305547941	-62.34486697363955
0.044110263833984795	-36.91982400631687
0.06838212624423924	-57.9354813966619
0.07224637409174145	-57.733423219880905
0.03589700669079576	-51.02489087656164
0.07462668538408249	-29.820707925097082
0.03271706868223794	-20.59280064487337
0.032032756379912666	-8.772483241797287
0.03698941089886082	-56.33546056829995
0.03258458765067869	-36.397059477239935
0.032526666903867046	-39.56849579318335
0.03600436735949049	-51.08834345563059
0.036135962544223126	-50.61518715722021
0.03268448528190918	-34.77249674657505
0.03143371080285998	-19.70671844715856
0.031146739798983886	-4.5933243696568775
0.03903687229335744	-46.300313642248085
0.03213003004025881	-38.47419134938674
0.03521177846211472	-52.89524407402267
0.035176188054304974	-48.43403806491797
0.035005734825397476	-53.1987722189381
0.0330720013385356	-41.489605373790354
0.03838635400286407	-49.47327584672979
0.03227860099472232	-21.54511835394616
0.03546205613838857	-57.18203702614634
0.08528800932057365	-58.99394519282112
0.034833234676577535	-49.77110718200044
0.039427805573672516	-7.743407318258327
0.03407188301240593	-40.723105053719124
0.03322061877920745	-26.632089763187683
0.05709406009288101	-61.89049613892296
0.03400713265784526	-40.521317304838846
0.03607592573753116	-54.57314783979456
0.030663085630181282	-8.369127299296746
0.033332465457275195	-40.45091076205225
0.031832794340271	-19.043658479172127
0.03705693145533577	-37.56379655383766
0.08234565500682221	-33.724976892749154
0.035221090395003124	-42.253039725520495
0.03553430410038562	-48.97798829683687
0.031208058503385375	-17.05027235655679
0.045145960781304326	-49.499485038146155
0.036631804866085124	-38.67414993163393
0.08721193642020005	-35.55049540919298
0.03533240317157908	-18.123128123699352
0.035818382754020085	-51.1369683226071
0.10385211440666581	-6.2859963003762065
0.06150591928547819	-17.65570444413947
0.08757669677169183	-8.41349192667606
0.05731136147513438	-46.42875711237461
0.035882688347940776	-34.53158245912608
0.08445778049514141	-40.622102036864774
0.03517233052850733	-33.54441146929591
0.03137019256933454	-33.77633755676287
0.035547853453865165	-36.07488371947071
0.031398385731821694	-27.122796443223166
0.032326046130488464	-39.371999215383454
0.036391202290021296	-52.107857751667616
0.03132603674749087	-13.730334201807366
0.03545001341092955	-34.452455129380894
0.031242764552262367	-27.060157485490606
0.03129883247546806	-21.313205350925998
0.060693153283346395	-10.1624517937214
0.11830173996206346	-25.401514164980984
0.06838212624423921	-58.691632636475475
0.0852889245014863	-58.23684138479034
0.032199668729048114	-39.025963983973526
0.030489708289354416	-8.2452255636003
0.03404441373450047	-42.38257565045517
0.033332465457275195	-40.45091076205225
0.07752611516281908	-55.10743999532343
0.03452333967209915	-52.12690111882032
0.03644615457780283	-53.52347328823645
0.08578276037007046	-49.555215289489055
0.07902545308589519	-58.55850678149584
0.03385058030626273	-40.40960615103514
0.03583238944847333	-48.153829606260956
0.03173996303890841	-20.55265759009109
0.057953946525473234	-16.462264201448146
0.08515410916545427	-11.513241652324725
0.033276802660987134	-38.459635346612295
0.03130645720420607	-26.97523976294197
0.07047991817831693	-57.22215775126857
0.033580767895019466	-40.977116388841665
0.03321116883424158	-39.46539291436867
0.03157133671244647	-14.19853167726941
0.033166883885632006	-38.32968019488895
0.037888461026320056	-10.456903544542866
0.03373417288005565	-36.02087525713493
0.03176846521166927	-20.412033614941194
0.03519903468306815	-57.00174217674258
0.07224151522542913	-57.71339457477164
0.03816432126796537	-54.718633042955446
0.07979038750329079	-17.33909184258115
0.06268327678857763	-27.36593608478654
0.032323886345777014	-12.59950805024674
0.03769209104010879	-38.59262826632802
0.07190351555596149	-61.129735116022296
0.034619203726017476	-50.52169322302115
0.036374955050855584	-51.482233989955375
0.03255944304610608	-35.41861592088236
0.03145621527220744	-21.233680617598367
0.03466272946125639	-48.50330781250693
0.030625683777378194	-7.6321804200472885
0.03696975268514839	-54.0968183000599
0.034630983954816195	-51.22444556134895
0.04045535832343371	-48.40540650285981
0.0333838302946459	-30.95780520985375
0.031740361475685604	-20.34903413084819
0.030489708289354416	-8.34678345818677
0.03163684801079714	-21.30640674552447
0.09283879039121465	-61.69196358427348
0.07902015099106244	-58.56244716626668
0.0304904277383591	-8.416532474455808
0.0337150769281644	-37.46492546239998
0.0671073475085692	-52.430681821964946
0.032199668729048114	-39.025963983973526
0.08957547880530574	-62.79035105203654
0.03637182892532461	-56.82996271659154
0.06871790564976599	-41.47800363591018
0.08571010575002305	-58.44830075447828
0.08558719148989519	-60.93547182145379
0.08866035100807758	-66.76852527788901
0.07448727327781217	-59.61188514705477
0.03511480186811756	-52.589932783913305
0.06494049969035692	-29.278024425207246
0.03133669628224654	-19.02426544674418
0.03273374220129521	-37.51022596286075
0.03286168753502177	-37.674189929389044
0.03258458765067868	-36.471957748069926
0.03382386944231954	-40.23581524646291
0.03386619137524584	-39.867108015930114
0.0333487899914764	-45.08127611417776
0.03202975035775022	-38.943184756135516
0.0316198831985583	-21.36901510790789
0.031370192569334536	-31.708244265262287
0.035462036289437296	-57.18119542890975
0.06523894789079152	-57.003367153037736
0.03041317447655664	-10.653651586868415
0.03523756832104184	-52.47710368098014
0.07190351555596149	-61.129735116022296
0.032531913765720906	-36.663755548076324
0.07224151522542913	-57.55781576211508
0.031119969071914912	-8.335900362485875
0.05967241756036779	-26.638213625349994
0.0994158578281066	-12.255378802180836
0.07887673083506863	-62.41804350276897
0.09268451364067745	-62.93541923000787
0.0834378145611938	-8.92678391772728
0.054502203875459836	-29.177247924502645
0.03569422738678255	-55.23761002715563
0.08832319357839231	-60.00558262746857
0.06838212624423921	-58.84801483856574
0.03063312429455449	-8.01085892369652
0.03603692396217011	-54.60154439732893
0.03470087340102159	-51.79780497523495
0.03270776118494982	-37.02305052054699
0.03200827300078832	-38.5425565896317
0.0610789785354964	-7.9668867737625755
0.11267907417245863	-11.591259708801132
0.03623593233033804	-39.77156895928048
0.03052426527471068	-8.235889838234076
0.09620592435011135	-11.742962843749211
0.06140136566035279	-30.59706808208285
0.03313491600965231	-41.39355760413281
0.034773899687670244	-48.23092835752017
0.03416791056498233	-44.65599740474024
0.05602376191416382	-56.283773173504315
0.0319103768079145	-32.435812396150816
0.03082803919638571	-28.30526831314726
0.03519903468306815	-57.00174217674258
0.03559950316236401	-52.30139579529709
0.034041670559517616	-46.248568049022694
0.06606089899317007	-50.90666094141456
0.032326046130488464	-39.371999215383454
0.031127032746050495	-15.36963547876963
0.06428233119856727	-12.971219597742166
0.125019099113707	-14.81403752036826
0.03700719677535478	-56.30697052623987
0.03231545244985555	-39.383165520164695
0.036873827381729604	-54.51839581994483
0.07515176215766063	-58.828425102226355
0.07676877939323194	-61.44998691772517
0.03500437542039926	-53.27729493271291
0.030775062860900867	-8.080522653118837
0.03227966290015331	-38.36867496861639
0.03512265434307665	-53.45743706222694
0.03454553064529202	-50.311830422240455
0.031128418924792428	-15.447961875273272
0.05777027919597518	-62.947994082094525
0.0358631073131813	-59.16661163923187
0.06617705672508872	-39.11390849689489
0.03687382738172959	-57.30976941132197
0.032326046130488464	-39.14028147043419
0.03279331949112301	-40.9289850325076
0.032278600994722316	-19.79566439413151
0.06977605348505717	-58.67958908023531
0.07268237206584263	-58.64213909613956
0.03496390434741945	-55.74646767852099
0.03253881778867952	-36.45677594842422
0.03456809129413438	-52.55009243317668
0.03269859385841118	-30.546651441264782
0.030632071446641315	-8.847674581715177
0.03448378792922491	-50.64836816609541
0.03519903468306815	-57.00174217674258
0.07179972820805529	-60.509443201397495
0.03345192402293085	-40.90286370796384
0.030573388620707184	-8.39369024255025
0.03636413034741755	-50.37266357633529
0.032398017081488976	-38.20693276896589
0.030599923610677676	-10.902965209988173
0.030336535985163837	-8.726859135069994
0.03202975035775022	-38.943184756135516
0.03047232035429233	-8.426672551427606
0.07864009295511414	-62.17800216388183
0.06838212624423921	-58.691632636475475
0.030642838647970405	-26.267185779119046
0.03513060060911156	-48.35992369652774
0.03595144517207985	-49.465186458138824
0.035586017104687645	-48.11096930097695
0.036238169269671876	-59.292383116707526
0.06948725358045246	-52.98358630407639
0.033081651815555356	-44.0456042163776
0.03248223153767932	-36.15675997285701
0.03496390434741945	-55.74646767852099
0.03532015952824786	-52.70960901844809
0.07498757784627251	-63.90094876575426
0.03809553250321524	-15.13257671975319
0.03657580247670459	-56.15723600292839
0.0842888834629791	-43.361282564653564
0.032206243834126576	-8.296947211709567
0.03461938983658	-50.79614049066006
0.03138804056657914	-27.319358332207056
0.089501434052252	-62.900096528127214
0.04046020550544768	-52.89025060363349
0.0565076456298879	-27.806171816333272
0.08956700677877749	-8.31274906095524
0.03124032997702704	-17.018781420382307
0.03049562135870132	-8.420233877572343
0.08819661691864525	-64.7433296521827
0.06232953114903202	-59.22676774096668
0.03574917067666076	-57.82460533638584
0.03503070356525564	-53.08989864588995
0.033580767895019466	-40.9288319169768
0.03794430518393926	-52.83756587456605
0.030236276082895926	-10.803514412150818
0.06265991734269437	-62.477309540225825
0.07666188591643813	-60.30017196527108
0.09164409405974726	-62.037303335753336
0.03132537736062677	-7.813041405145371
0.03166038886014319	-8.563936677864396
0.03721386661151742	-54.38314875512018
0.06958066914451064	-62.05679078566882
0.07835700146404749	-60.92059917071359
0.03404158321994688	-44.23451101374597
0.03545400976390372	-58.470835050553845
0.03637823684964396	-56.78034262790979
0.03500563952299526	-43.80781570300019
0.03350431230827533	-41.024435227828725
0.03351525154989009	-36.72964314534117
0.03232759716576902	-39.37382994224828
0.09634439665072313	-11.030904125426193
0.06176498087415146	-44.00062732262232
0.07460982807864178	-60.20774101696302
0.034940525564043104	-55.729216701335396
0.033463189737189966	-29.690413920010737
0.03519903468306815	-56.10466093956056
0.03200076627672103	-39.09323110903946
0.04597317566020411	-51.776048217694296
0.031504687150080805	-32.7465263644292
0.035059170226767335	-50.492652803620366
0.06844290063227904	-58.63944256429935
0.03578748875529145	-46.16851181711902
0.03463103150900335	-47.7382133420913
0.030897724880134706	-26.616140211373416
0.05845200178011099	-10.55019262618265
0.08853776947402733	-37.14367352762361
0.08866035100807755	-66.78746524211697
0.03384350549117186	-42.986526522963345
0.03692994217950446	-53.24099647224808
0.055264046113185236	-39.61404666316576
0.034619203726017476	-50.52169322302115
0.03213003004025881	-37.75938952386745
0.036066865243311826	-58.5998109154294
0.03538842241034221	-40.00098491581251
0.030413174476556646	-10.637795975186284
0.030585481811282105	-10.915161546660189
0.0334527962518436	-41.08557836461807
0.07790604213095219	-61.70849105060719
0.0364420080127104	-51.879842691709065
0.030489708289354416	-8.416731094449837
0.034752973428678974	-51.37041844418224
0.03205080343509584	-38.56828137212979
0.03545846017295563	-57.187597012285984
0.03764516694577479	-40.232336555767496
0.035462036289437296	-57.77453787393049
0.06838212624423921	-58.0889062060891
0.03496390434741945	-55.74646767852099
0.03569422738678255	-55.23761002715563
0.03404167055951761	-50.69266080378502
0.0333487899914764	-40.80236365704661
0.04164137513426379	-54.715435901643076
0.032288809910367464	-39.1036854682718
0.03125003672112715	-27.052271996097396
0.033818761395482524	-43.66155930128005
0.0761682671952858	-63.85722986012278
0.057094060092881	-55.00898078844352
0.07429265070080139	-57.60669195647197
0.03128506585008635	-18.47625105443068
0.07648279322089063	-63.165796642867356
0.03513432951447282	-52.59673911427639
0.03113047235313497	-12.082089242661175
0.038729345369226884	-45.59230484031219
0.03404167055951761	-47.60007698718896
0.03404167055951761	-44.05580895879179
0.03204151005063013	-26.895418225267438
0.033588196322402036	-40.558761158301884
0.03585845778004107	-59.17531239003032
0.03137521799647064	-31.70316262713721
0.03167730871254197	-34.08030970593546
0.08808479746367881	-61.182480521183614
0.03461938983658	-50.79614049066006
0.03107712295112917	-6.281167842754662
0.036071093452122296	-52.69075957727282
0.03451607333816796	-44.04355777534468
0.03137019256933454	-33.86356808159719
0.03143272452777813	-33.715354342158214
0.08966082796798633	-63.25345135908264
0.03212031545205594	-38.84324524773435
0.03479931759471597	-49.89338027348041
0.034591547236607394	-45.0985358546775
0.03451164676547483	-48.172807558723086
0.031751836454202466	-28.991758393213566
0.06220999722149752	-10.129687879676572
0.05659397892585644	-42.5313549756082
0.06318042757862743	-62.71445586286088
0.03246818870760958	-37.033965845259914
0.03235536898515082	-39.292990225441095
0.03540206677796959	-57.24288981478581
0.03597880782541078	-59.29749387514871
0.08216168133132293	-19.190063499454766
0.035208513583109176	-55.79721350192731
0.03147523229599489	-28.25859256011239
0.03629220552173669	-55.240228968057195
0.058284088321878626	-46.16785942193766
0.03377509262959308	-40.758827973111345
0.06917490275560642	-63.56534154737408
0.03545846017295563	-57.187597012285984
0.03064080614337343	-26.26892925891909
0.034041670559517595	-50.84890490968299
0.06958066914451065	-56.52143910929679
0.033440884681368015	-40.38126465393759
0.03125003672112715	-27.052271996097396
0.0377240795147943	-58.702543499440026
0.030642838647970405	-26.267185779119046
0.03448717774009632	-53.48616521756101
0.031950392884336355	-36.757504246622425
0.035077651850647915	-56.54051557039664
0.034041670559517616	-50.52707876440475
0.03393064123262259	-44.39359996223317
0.06219963398499607	-58.87919419839258
0.03454553064529201	-50.46061113837858
0.03401031705695553	-47.3541337915693
0.0585429328620062	-17.61245651509387
0.09335770073910925	-10.940247318609073
0.03218714698965717	-39.04115935879474
0.08866601367929074	-66.79046523411787
0.03128864363968624	-33.80990940153548
0.03545770862627777	-56.10587333763161
0.03063916590764187	-15.331684335564066
0.03550542957383713	-53.01503510644444
0.03528922336488391	-56.65961340459739
0.030336535985163837	-8.726859135069994
0.0891022275494632	-62.42038220875134
0.031128850167971924	-15.283087337505663
0.10762841073064755	-27.640008544037034
0.06165232820603321	-19.188424848011664
0.04738213573823734	-25.473096799577256
0.03228565128098231	-38.43835560599373
0.08145196304088617	-64.59857478959991
0.04145000670041771	-51.64169580978219
0.09164122008161553	-65.00390847706937
0.03338989495895777	-32.23097778530629
0.03487381079857606	-33.01500061054875
0.03047699426876331	-10.449267052096392
0.06016902190850682	-60.82169736938179
0.034073561378958034	-43.31681716472739
0.03588739016157312	-52.557172061958894
0.0333522672032152	-34.43475301710825
0.03253887685379029	-37.43663602019256
0.03346749640987309	-47.185090857410586
0.03461938983658	-51.25777230296756
0.033081651815555356	-44.0456042163776
0.03182405419268201	-33.183931872939354
0.031878278287373996	-29.61343829394049
0.03265072103835379	-41.496334212073215
0.031128418924792428	-15.544348278547671
0.031050452456411394	-11.331476744992015
0.03460253089256191	-29.812372636581895
0.035461544537028655	-58.593989618497915
0.03124926046615482	-10.798586839792858
0.036189807078698295	-52.66414240109713
0.03439633484359244	-31.496089824404205
0.0345322653082148	-51.244663068401486
0.030992536030801567	-26.083050060771384
0.07446959628791691	-58.83499724368627
0.09679669319555602	-63.079578666611184
0.04405899261108419	-61.43379000280991
0.08465756138382724	-41.941881658967375
0.03252335593779315	-38.991940031346616
0.07501513654485659	-63.87753105090148
0.05927723995437626	-11.958661021481129
0.08029188360371495	-46.664414225685476
0.032049311634087654	-38.46514587297646
0.03561594089976094	-56.30933157939725
0.033081651815555356	-44.0456042163776
0.032326046130488464	-39.371999215383454
0.036463184483377147	-58.61869028800776
0.03127413656616063	-26.970502027641142
0.051354774309571555	-40.03247567710319
0.030761098545812295	-26.430753707965128
0.032335272791320854	-34.97917666207217
0.032326046130488464	-39.371999215383454
0.03496390434741945	-55.74646767852099
0.03124463073336935	-23.140558756570634
0.03342351667942051	-7.000986257202191
0.03994560365247209	-50.28900806404029
0.03282172746564662	-41.586941829028554
0.030585481811282112	-11.503290265532309
0.03401031705695553	-47.3541337915693
0.03151453290309866	-33.62802114097931
0.03404158321994688	-46.052073865461956
0.07648279322089063	-60.67767502155892
0.03546118478220234	-55.51046033726138
0.03395758989919928	-43.64014662160871
0.03346749640987309	-45.90887469159507
0.030589167523711536	-24.003187545569133
0.03509568871740197	-56.07177522270558
0.03346749640987309	-45.57373920512329
0.035454009763903734	-58.68292324891798
0.035978807825410776	-59.0839576876478
0.06008843548849114	-60.78770108745719
0.03775325520791367	-59.189712236927484
0.03594039515172899	-60.65241375734532
0.03542953474120895	-54.554081588867106
0.03518858917964653	-56.95101533974919
0.034974470328054175	-53.15634633696107
0.03496611270251029	-55.93929552833553
0.03545939083279781	-58.582323623676324
0.03909181640084322	-58.14609432153672
0.037791470929994485	-59.07875386039218
0.03602635409273797	-57.88892128845819
0.03517353236115122	-55.04122387699775
0.03797772782325849	-56.83283637022898
0.03726052015916365	-56.62787766811829
0.05777027919597518	-62.944839200030316
0.03200076627672103	-39.09517918001532
0.03346749640987309	-47.07532835926045
0.03500292987236849	-43.281662353853044
0.030388837217396616	-10.045749098280963
0.0316503099763035	-28.232577950666062
0.06910826505847352	-63.522122879986306
0.03234705826913742	-39.407375148110695
0.03586310451407969	-59.166759274770754
0.03308165496686656	-43.834825023300915
0.031029554440056915	-26.688837568122736
0.03167599519257001	-34.07214008330618
0.0340303856926776	-46.03592679141304
0.03455082580357128	-51.326594888725104
0.03455177940996224	-52.58318098061934
0.03066168165399647	-26.249921037345125
0.03626718076486328	-53.11299403063601
0.036516218868926004	-12.938237786954064
0.031502234479767174	-34.79685365782223
0.03474120109809215	-51.12394268716651
0.03475212870887567	-48.37632885523268
0.03179684347207359	-34.210421691746895
0.04060861507512163	-46.68190196748867
0.030653599358473012	-6.741087782817044
0.037934208702905765	-45.836683700199536
0.058172236844529726	-61.07777296796057
0.10398315383854095	-14.229694514218552
0.05952155483403979	-27.091905804869786
0.030523149777354045	-16.90527864412979
0.08966833274139752	-42.49569257289796
0.0314173489763206	-34.46873269956467
0.08973814689715662	-63.9107884911166
0.034627374681981134	-47.21320170443061
0.03065997309968775	-26.252694494102535
0.03496390434741945	-55.74646767852099
0.032028150525099545	-38.94672934195111
0.0345915806924644	-50.64147302375878
0.030690234068449836	-26.1456796855139
0.03404158321994687	-48.61881859657293
0.040205907563201096	-49.515182660818496
0.03546154453702867	-55.706765977854225
0.035461544537028655	-58.593989618497915
0.03449386133042805	-49.017417716537814
0.033496436371981304	-47.23678859266054
0.03595597484353027	-60.68954202187382
0.05508447743676067	-61.932840896574945
0.032307462049806925	-39.39467133074994
0.030525673799311977	-9.901038426259543
0.031661810630338356	-27.30031788134726
0.03447687477492918	-51.825179975692514
0.06032351599076509	-64.04365548891354
0.031353960001098004	-28.07036526984656
0.05841993937834836	-59.89152706261113
0.03332011518060173	-39.5728635190997
0.030898388473816596	-27.498692997805957
0.033382459698916386	-46.23111199833806
0.034966907476594235	-55.995872192579846
0.03450181549718488	-51.59906541936635
0.06903217801197783	-63.59218691350034
0.03519917300441034	-56.45384020049738
0.036078277257085366	-60.36580975288172
0.03307701399169242	-44.13257780784483
0.03496611270251029	-55.93929552833553
0.03171180950262623	-31.365796493364776
0.030595080538779584	-16.039383126535448
0.03496390434741946	-38.281958459747926
0.03579694435386588	-23.799814878168604
0.03498622361612435	-36.455527348550426
0.03805362610767071	-40.70588040367822
0.034541775468268976	-52.23008066603821
0.03206406510124576	-37.323589455475094
0.031449220837322434	-34.124037108801446
0.03103702415940719	-31.606715902348952
0.03137213277415915	-33.75753392708374
0.03602992092889617	-58.99625453521796
0.030941192002651455	-30.79748082860063
0.03546153332703475	-58.593505844338345
0.03344385649227917	-45.89449826863373
0.034391656050122246	-51.64661397808073
0.030589167523711536	-24.003187545569133
0.0351604009731946	-57.17512642364954
0.03103249357448896	-30.090025531844372
0.038347518686364136	-60.70443747147535
0.035740190012932896	-48.85716748722911
0.08877310074029832	-67.11618158058228
0.03496390434741945	-55.74646767852099
0.035863131921613174	-59.16671404332627
0.03137016319462813	-33.86359980887747
0.035762135285968895	-57.42161696438602
0.03409230264028288	-46.492231840743514
0.06032351599076509	-64.04365548891354
0.03200148119293827	-38.99502893748835
0.03308165496686656	-43.834825023300915
0.03766955624131562	-35.95842994596305
0.0351797310701037	-51.82088775799381
0.031488769826565746	-26.77293696501118
0.03128884508040594	-33.809691302618184
0.03540455411931562	-57.09746720992101
0.03536006702908589	-55.04304395588296
0.0603141306523731	-64.05391356822501
0.0571202557040608	-61.90011067927351
0.03401550218743778	-46.056039593115415
0.035555687354007125	-58.04308314963745
0.03087585282705529	-26.58585052470527
0.03476678667410503	-52.112265323306985
0.03226479110138853	-35.83433667548243
0.03135729323784381	-28.237021471026935
0.03619376696986616	-55.70356961943116
0.03515700989477267	-56.43005253086776
0.08867627094237225	-66.26278671554084
0.031394875177552635	-34.1822071266679
0.03528922336488389	-53.17674356807158
0.05852923015950252	-63.74243167155321
0.03433566654141	-39.5598919656954
0.031942326693610135	-36.766790666672506
0.030306238075247034	-8.071746251065106
0.05635459716127321	-63.61177369523567
0.033230129892403475	-39.06655957847955
0.035739630843703095	-59.63143075137294
0.08643101102726827	-58.43434280275547
0.03662535908922123	-40.181395975202086
0.03373841159548177	-43.72985153745656
0.03529390825178586	-56.630722758307016
0.035192530485359065	-57.04710274550186
0.0330717503406861	-43.46802279292534
0.03145979078073839	-25.913198743479626
0.03128904449029164	-33.80947571027772
0.030827679611418884	-28.305598728752013
0.03488374791571243	-55.331504604704755
0.030809651282690247	-26.07642317009294
0.033102175663587315	-44.07714241843532
0.034063220337503426	-50.80218272196578
0.03528922336488391	-56.30833717618564
0.033237005168658504	-40.4259768376228
0.035756549381905735	-56.70601215512555
0.08781765396955725	-64.07049949649722
0.031947986713399705	-33.267733458266804
0.042789074696094685	-49.641738590839644
0.035454009763903734	-58.68292324891798
0.03179684347207359	-34.210421691746895
0.03336324596106696	-43.6396602447358
0.03165582097163828	-34.42067309588023
0.03593833222730818	-45.140750887209315
0.03285352037782054	-43.65854601119993
0.03545712923628492	-58.48793269822544
0.06032597619047736	-64.02826064848966
0.032036459061015786	-34.9832347756171
0.035885838581104244	-43.069665040200015
0.03025852571452991	-16.729292932503316
0.03373974322195545	-46.92570207560086
0.03701300318380773	-58.2816747435175
0.03234405943999978	-36.88933651128407
0.03057228165818888	-10.817497125434224
0.032370089573249855	-39.060182742190435
0.03516828858556401	-56.579918757087896
0.030540840353608437	-11.01069316785663
0.03195300764433305	-37.695393126094444
0.03187720106155811	-32.695859688488774
0.03311188251246291	-44.10498680363917
0.03127129043000017	-33.83194759528668
0.03594039515172899	-59.34537305963633
0.0405223687682301	-55.947266729771954
0.03581753112640028	-45.1213466655404
0.03597142744128593	-59.32143878503035
0.03498720231565695	-12.808192791539275
0.031379094781940155	-16.35560044702696
0.035096706636291344	-56.07007450139308
0.05610898600336359	-62.44048232412317
0.0314173489763206	-34.46873269956467
0.03128884508040594	-33.809691302618184
0.03595597484353027	-60.68954202187382
0.08075032871095553	-61.833431013028914
0.03498332109802003	-55.51792555152231
0.03272431475280654	-40.868451326081676
0.03502420164691577	-53.821964559164314
0.032181817454644115	-39.84956103948578
0.03401031705695553	-47.268312101270325
0.030589167523711536	-24.003187545569133
0.03496390434741945	-55.75989124902861
0.0314173489763206	-34.459999420399654
0.043807561915340305	-59.81168354698533
0.038347518686364136	-60.70443747147535
0.036196880642239034	-56.39030207610961
0.08882600970135335	-67.2852800594239
0.0310794154003715	-19.470540522926417
0.035143480073522554	-38.05538137995687
0.05691422441005911	-62.124947005304215
0.033590286639302594	-46.306374457404864
0.03500437542039926	-53.27729493271291
0.03082417630571843	-28.291591519112664
0.03326186725961974	-46.64742457367492
0.03358830144450397	-47.11135847440892
0.03391621321744321	-49.50642523357304
0.03193931660326906	-36.770257289023725
0.03545102837294337	-58.70816393997933
0.044062086693237905	-61.47526078444474
0.03832822663236835	-61.19853610798254
0.08732224985327282	-62.209400477075434
0.035545502187406354	-59.144523892692796
0.06114140461197763	-60.27964119567738
0.03484916479667319	-55.22473313539251
0.03332807704836359	-30.66247983958247
0.03506834173781225	-55.51159547118145
0.05854770021836931	-63.72228221849898
0.038347518686364136	-60.82117315998414
0.035739630843703095	-58.759050758604374
0.03542478449796496	-55.74290890590788
0.03263620112554825	-31.03491059800063
0.03611190896295812	-60.52861588808417
0.031044597243543158	-31.594970582166244
0.044702761670835534	-60.42996679704957
0.035939356845387536	-54.41365437524865
0.031947988071651605	-37.61030495656959
0.03548323990784061	-56.622094428641745
0.030523149777354056	-16.94679629895946
0.03231545244985556	-39.39658209522863
0.03327775119826022	-44.45762656026643
0.036627803283415236	-57.110396940454024
0.032937822800855755	-34.87397429302037
0.03148795113233093	-34.79687650993607
0.034967977329336604	-54.28101706782395
0.03052182626519479	-16.90855919910815
0.03322014843000374	-33.86598924143191
0.07496285203191795	-62.9972568433057
0.031942569979492075	-36.70729835468364
0.033466060475173844	-47.16337795892258
0.035451379093705195	-58.668681190152135
0.06034832708567604	-59.86042386704274
0.03363572240265102	-33.35157980731569
0.046643015884443834	-21.383179798158153
0.08790031406357549	-63.18514934940631
0.03832820498962476	-59.52757303451403
0.035526852843278826	-58.026238748836924
0.03424855131211269	-51.79171665875133
0.036684785713072	-60.781127756156764
0.048719545749851455	-61.8297131103101
0.03153928144760773	-34.708064271666906
0.03520947845017526	-55.77030277036666
0.030846657679766402	-28.513856296286225
0.05712378091904739	-55.48246035587707
0.0344448241847367	-52.077983110863904
0.03260552826160797	-41.292621906082815
0.033512063795441166	-45.9392915840111
0.03509457534096768	-56.07363977776605
0.03434421696906048	-26.933957512508158
0.047747227693237415	-58.95028476778899
0.03191555512707024	-35.19575326572502
0.03649652089199033	-49.45312400770073
0.057758541516039166	-62.96086076144877
0.03555218845171457	-8.381287518246461
0.06044727044376496	-65.20800538844207
0.031032493574488975	-30.197210856048777
0.031651155356793366	-34.45235988549439
0.03139487517755263	-34.29130983100162
0.06524107268730497	-59.17071939888957
0.0412535918179707	-17.059901700474107
0.034006527995463	-39.09379108424485
0.030827679611418884	-28.305598728752013
0.04898011955666449	-47.689816235959064
0.03153889920161923	-31.16718037868266
0.0350582541141041	-55.35777150425361
0.030846657679766402	-28.513856296286225
0.08866163316025219	-66.79243112039147
0.03148496103414483	-34.79238117863601
0.05509202533682291	-64.39067365970814
0.03200076627672103	-38.85463513875817
0.03604193452623065	-59.663699428232476
0.08323783438540483	-45.87330817935241
0.05949678726216091	-63.194056328535545
0.030577378687871637	-7.487198534800879
0.035178862531301015	-57.265356563807664
0.03500852460648659	-55.62672922376516
0.034523302998519925	-53.838178013159016
0.035704743827737924	-59.268389046127574
0.08883005786849296	-65.88478869606834
0.03528551497755058	-54.39818186479022
0.0330855064746615	-44.99147306018091
0.03518034387329985	-57.23977915952991
0.03454316287001341	-52.63873835291927
0.05623199694427013	-63.125482603851644
0.03343962091370675	-47.09310122514472
0.031374191760125354	-34.5787988364893
0.03595301500507668	-60.66262037059416
0.03526642083455628	-50.020125924873106
0.03422821059302199	-41.87452795661849
0.03083376732065611	-28.300005851199014
0.0351604009731946	-57.17313549510171
0.03303334423514043	-43.520111433679716
0.04088164895779174	-57.109898607694426
0.08566923271616378	-63.16662326582932
0.03170448803157582	-8.555372152140022
0.03723098634721041	-17.70938494811947
0.0351604009731946	-56.94649507333011
0.03064080614337343	-26.26892925891909
0.03595597484353027	-60.68954202187382
0.05918271157297715	-64.6390040184268
0.03522957088974409	-55.71784824113375
0.03136829448918119	-32.664180761828334
0.035374148038695576	-57.452886259723066
0.03576557025107822	-59.417061639339835
0.03279331949112301	-40.9289850325076
0.0319479880716516	-37.24122406667756
0.03075100682200326	-26.9773631695288
0.038089803843366736	-60.2940238132515
0.03893341322873751	-42.91724846346341
0.031109758487489845	-18.251688259910395
0.03389244332233198	-47.92135769030923
0.03130141294701467	-33.44759230946094
0.0348491647966732	-55.40919212900276
0.08866601367929075	-65.9743549000205
0.0329908205027903	-44.619242420965236
0.03282441693329925	-43.25040787333436
0.03674519897805813	-56.12579598682149
0.040826645544009874	-41.35579275164169
0.056325093052631316	-64.24912956831425
0.03260552826160797	-40.904322995543964
0.030855101962538677	-29.223004636643072
0.05318210623191648	-30.191870987528134
0.031083617442113114	-32.014132340333326
0.060760193376507336	-60.18855242721603
0.03350465122137965	-46.77152435182844
0.03205582534467171	-38.12268038696964
0.035739630843703095	-59.63143075137294
0.08748329265993512	-62.56101463675363
0.0473481943395805	-61.845621786453684
0.031104875553086792	-27.30190307014403
0.035492557666676715	-57.36204516505895
0.05649234484524366	-55.122376921281734
0.030327931353510185	-8.281708184507915
0.03631104565524165	-40.25558140074513
0.036062590204931515	-59.527775680469155
0.03356016883427945	-40.26128540058007
0.03059868065472022	-24.815810767113646
0.05901522847365078	-62.78663979055967
0.03596878793588576	-60.761512077505806
0.08866601367929074	-64.71763607957557
0.0448111750765008	-62.382596753034974
0.036707445688175064	-60.81946069399317
0.03268386341781391	-43.439396902690525
0.03336360237054216	-44.66400401421162
0.03265061926092013	-41.584059491679525
0.035946201744428884	-60.594931317217785
0.03530714016507789	-55.87919886534345
0.03152608775558178	-35.48267358176235
0.03873057751259513	-61.492917944928784
0.03032774849434931	-17.489009117133097
0.033385205090021526	-46.85245872624415
0.03079222602155157	-23.844679393043975
0.0358207181853635	-57.72057626702525
0.08579911190622712	-53.135708009020064
0.03030849663572351	-8.071144734440509
0.030581807063695128	-24.008970423322257
0.030648775290472725	-16.955426492708046
0.05248488395205535	-61.81708901694197
0.030850578784502272	-28.83667966900218
0.060324066248262254	-65.14155540435101
0.03165649418552419	-25.19343296037361
0.03405950589552764	-16.08527793446874
0.08920479675064616	-66.8345888802603
0.05448347869960613	-62.64770397036117
0.03092877778400841	-27.27910367861896
0.03427034110020571	-51.38119571324897
0.034523302998519925	-53.838178013159016
0.0335650993366558	-46.91697691068591
0.0344448241847367	-51.0155070459765
0.08882600970135335	-67.04890544922435
0.03346592830299348	-47.16355735697382
0.031374318850444165	-34.57856166803354
0.039195124062165146	-53.669225188904214
0.03184629722354237	-16.600085468910454
0.03577030395048381	-60.174556893960336
0.08585647066599886	-57.801390310713515
0.03502634114271956	-51.59502365842565
0.03594945238418235	-60.642725979339566
0.032448679571357865	-41.44186469383836
0.04597927163670106	-30.04837161230959
0.034611578138018746	-52.12319508773332
0.033042160834655256	-44.75009376233016
0.03595575159240918	-60.68991901444631
0.031083960883692856	-32.01377848643272
0.031164327690637674	-31.533066335604175
0.03174481382354516	-26.78874298064535
0.04402933617160782	-61.43418632432124
0.03497077657242062	-55.93891082479793
0.03423920551677735	-51.804099712747295
0.035424888817526035	-55.175784505124376
0.032667144117082936	-43.51840956996453
0.031583557364267385	-30.651022459098588
0.030571958825447425	-16.92327672727719
0.044690316669272055	-62.344491005946075
0.11059766021942785	-11.640067684185022
0.06233821081403966	-30.143160843141562
0.031374191760125354	-34.57703138675444
0.0886571111983335	-66.67483074931843
0.03590915470813435	-57.28028127442762
0.08341935035330039	-33.25525669232558
0.031083617442113114	-32.014132340333326
0.030166057425679384	-14.585248019333982
0.03326694592716917	-46.91050729643928
0.03947671749658059	-29.14913669477925
0.03155598105433813	-30.212168809103773
0.03661744259620316	-57.40073529463258
0.03341709838139302	-47.23584215302918
0.03025797245443648	-16.68634377679952
0.06336810383528198	-15.056163055138342
0.14293066085629078	-22.33015668981483
0.035178862531301	-57.2654917269227
0.0348491647966732	-55.431344449548845
0.03536660584361673	-57.57173973969558
0.03368534452683297	-41.93874739472697
0.0351604009731946	-57.17512642364954
0.03514701812922446	-56.713600301637854
0.033017897758124165	-44.57472325420531
0.032013391092610706	-39.124444738031386
0.03350996152946976	-46.5865427082545
0.03122292753940936	-33.47846847184626
0.03353525859015404	-45.17158777299908
0.030802815711858667	-25.078199934410183
0.030388837217396616	-9.043718334395644
0.03343962091370675	-47.09310122514472
0.03537528280171521	-50.717698649200045
0.0335469633083111	-42.027541342540175
0.03268386341781391	-43.595144189040695
0.03642785845744921	-54.41945085826781
0.08701648241615621	-67.06962650018154
0.04935833463962874	-62.068889345180985
0.03194070594563244	-37.53736104538779
0.03082654386599598	-25.056266271775083
0.035739630843703095	-59.63143075137294
0.03025852571452991	-16.729292932503316
0.03336727771923207	-40.06905849193082
0.03191864185602702	-37.15498678639781
0.03760383669390734	-33.42310717838615
0.08866704786943876	-66.78968507579688
0.03554503955871859	-59.14529381502228
0.03388502042369536	-49.82570864318936
0.03297270313724873	-42.97959464861886
0.03832749430610323	-61.19970615395744
0.03082417630571843	-28.582183435307194
0.03840887506521458	-50.384272159494195
0.05093251578484604	-30.591458074859066
0.03352767816909756	-45.35719645955306
0.03193168147928043	-38.24254671430797
0.030846380581218146	-29.667910656889717
0.03285807056011366	-42.086066674536966
0.09456362971340787	-67.55005582135539
0.03294548706038895	-43.7449587987455
0.062256666808221665	-12.232668710241972
0.08163496918456176	-56.22947696556713
0.032947332535056384	-44.540542432324386
0.03532263805133111	-56.68396146398614
0.03771648386733186	-57.58857543009614
0.08871990953874473	-44.76872400629461
0.034617920060543705	-50.91042661884118
0.034649758516993014	-54.005425272766324
0.03576601345045911	-60.16967785836532
0.034925679811779665	-55.88009136680588
0.05655220024809045	-64.20940346639986
0.07397990456618057	-18.814365439815873
0.032853937284041165	-42.77006260046574
0.03148754169492365	-34.797329452979696
0.035152130304657365	-57.188582776645354
0.032457368765603845	-41.43076231484904
0.091789411832251	-64.18097696994784
0.08970128510580382	-66.52982899331548
0.05636060271177307	-64.30509288452005
0.033042160834655256	-44.75009376233016
0.034966907476594235	-56.43968228494715
0.0329908205027903	-44.26618243883646
0.03556600870178236	-59.33649043168817
0.033496436371981304	-47.233469862244526
0.03510273596114045	-52.022312968961046
0.03145002040730851	-28.08633029439784
0.032947332535056384	-44.540542432324386
0.03058180706369513	-24.022596924609807
0.03872956864990118	-61.49452094698
0.03087801541952444	-26.533500868799738
0.04935469482315453	-62.06741398068946
0.03349659059551236	-47.238193455334034
0.03480089970207208	-55.17228647540552
0.036014393456819414	-60.843798916020155
0.033042160834655235	-45.007947005980924
0.03832822663236835	-60.9654363413589
0.041246539244164875	-17.781325474798557
0.08914973966279376	-14.551190363372093
0.03349643733175788	-47.36982418782399
0.03311305494045516	-45.14439396368113
0.053889944460699925	-63.33955695430241
0.08920698814563831	-64.00773655960076
0.03137515099995977	-34.58297556644789
0.03299225013922348	-44.61385620980911
0.03345262034843058	-47.552535521437264
0.031085021526202662	-31.557892312831424
0.03515202942966328	-57.18874693842354
0.03774003951158577	-23.655310101165362
0.034523302998519925	-54.11515345768276
0.03025797245443648	-16.6392868708075
0.08786223599036837	-65.93909221592503
0.031059955215241013	-32.14767970777658
0.035739630843703095	-59.63143075137294
0.039168712491466376	-61.26039729083218
0.03516605086104432	-56.949131942627
0.034913318744502646	-56.000775669800475
0.03193240331403832	-35.80722597481074
0.0307488761373754	-26.98348203884335
0.03294793396559119	-44.33409591615056
0.031500049810525683	-32.23244128196374
0.08146279401211154	-66.62241270159404
0.08701648241615621	-67.06962650018154
0.03422764057986799	-30.009802925185245
0.033309912771929434	-45.50851572045152
0.035135772014868956	-57.210517268334385
0.030364403485213413	-16.837024736089333
0.0946180794527112	-68.536848862399
0.03557565894680868	-59.25432204362514
0.03510962503089493	-56.62288779872583
0.03134531958773167	-33.8863675492134
0.0448111750765008	-62.382596753034974
0.044062165877729216	-61.388352736681874
0.031370163194628126	-33.04293677469354
0.03058916752371154	-24.21185041235492
0.03564283304569083	-59.000266904205034
0.08832158399108887	-57.389469948474996
0.0576096946294051	-12.30413915806268
0.056487540085350466	-63.140309444295866
0.06058334837644091	-65.17195667413186
0.03438421115935588	-49.206671519863335
0.031130565507321184	-27.196278140184756
0.03524360811798215	-56.15802514557119
0.08714809576761758	-67.37092970613905
0.03437803142802294	-51.95193146979394
0.03305483653062323	-42.69363236306536
0.030846380581218146	-29.643958261545233
0.09038199958429309	-67.39176180427586
0.030632776983598918	-26.384680524129166
0.03596878793588576	-60.761512077505806
0.035737148474188206	-59.63557379094245
0.034923544416021746	-55.77976913944607
0.05626422080096767	-64.49081935954054
0.033707757601117855	-47.777681481725594
0.0335437978130082	-32.882259449390844
0.033042160834655256	-44.75009376233016
0.034465558636557724	-52.256345995436256
0.038073647215411226	-42.24209537466872
0.031122379673074574	-17.67992109075325
0.0328362135377344	-43.177550652951375
0.032987518046526554	-42.0574334555908
0.03573926472045837	-60.48934709478974
0.03341792729292419	-47.23467011606975
0.032667144117082936	-43.8888362897477
0.03307828253157981	-44.621548319418196
0.0337485523306096	-47.80911052695237
0.031066014861541636	-32.071598843590415
0.0360629753519358	-61.26147075197706
0.0944109545973241	-67.9098809962713
0.0513107213807056	-53.52205933826532
0.03429303977333351	-50.71010290781502
0.036011178971272234	-59.498162122366544
0.035137323813235845	-57.21116687533858
0.03596878793588576	-60.761512077505806
0.03671191754217636	-58.36970157397369
0.030301451793597525	-15.049621788465824
0.03791338562110555	-47.20859704734764
0.034517267637834505	-47.33339985013209
0.03168671809464874	-30.761249308218865
0.031931803213412636	-38.242400811254406
0.08680699221986062	-66.60548912325008
0.03392748893819765	-45.688209877706456
0.030749059141027164	-26.98958790126052
0.033206193389923006	-45.76592802695183
0.0313644137089462	-33.83308358348653
0.03585672801708257	-56.802546346387686
0.047256894241572006	-47.50149364517118
0.04210945065998101	-35.569014308517765
0.03063228568423136	-25.53564553707017
0.03518193244709551	-57.44344331582967
0.06055313788854903	-64.96377298659418
0.03596592529819367	-60.727531179654086
0.053338952756379905	-62.27741744503573
0.033707757601117855	-47.777681481725594
0.031602441471751695	-34.877555824023425
0.0868741105061581	-67.13589723869602
0.033770473682062124	-46.84419708146376
0.03790553312932053	-13.760810616459425
0.032117432712925824	-38.614880572569994
0.03712483035025972	-42.887909914035696
0.03125547805506453	-32.65544528763899
0.035816358996488905	-59.79612455208491
0.04151895053969916	-25.239030944351263
0.08639748421856114	-66.87506869994077
0.03315938625010163	-45.32603656025997
0.036408578544832995	-58.220961962989534
0.08377239783227501	-55.01019610885161
0.031876946695550745	-38.25687998910943
0.030783377695271577	-25.20638005907241
0.03809410328172912	-61.73755572266755
0.034569048139155734	-49.04018174925868
0.0342378792092074	-51.80020242117516
0.03496187198394016	-55.247706478105506
0.036103613725276776	-60.53448070097944
0.03873513496891506	-61.518306764289704
0.05570915863849015	-64.14732555705011
0.08150846916825498	-65.8137721281098
0.03212402278903218	-34.50720882632219
0.05083344809114307	-62.97154157975635
0.08929903313383697	-66.03645336895687
0.033121683782261865	-43.37291711412438
0.031219614498946658	-33.48202297811275
0.03300935712747926	-42.026783883997474
0.09520861076665914	-66.11716891994548
0.09045053631508908	-67.39563840986122
0.034846901553625076	-55.434945878341
0.03438421115935588	-49.206671519863335
0.03193251017291508	-33.97727004614023
0.030846380581218146	-29.665154671488672
0.035995858517423596	-59.58624489585298
0.031222361220790376	-24.474075052757676
0.03216093682321379	-39.87545452588441
0.031488116509839896	-34.7966935630668
0.033811777919657664	-43.95135309869404
0.030941192002651455	-30.79209721495254
0.040409203465707186	-61.57542146137562
0.03596878793588576	-60.761512077505806
0.03200076627672102	-39.094851626951595
0.031037024159407185	-31.606979709113606
0.03571064179441783	-60.25534673066807
0.04179267915071829	-45.23916619752439
0.03595301500507668	-60.66262037059416
0.03594039515172899	-60.65241375734532
0.08714809576761758	-67.37092970613905
0.033452620348430585	-47.104987558005455
0.031932403314038335	-39.038193109264675
0.08877126294187049	-61.58764388063422
0.06119717357987512	-65.72398352329499
0.03591548002315184	-57.447026756622485
0.03445901672616384	-52.32383983411417
0.03253354033351916	-40.856271259669356
0.033244685492942364	-42.88666454734166
0.050282546749595904	-62.44115119050788
0.03294741138280194	-44.54010822194119
0.03448742835209141	-53.48666280779141
0.03298809688834055	-44.622928438574675
0.03149027208153314	-34.803046253944814
0.04478494898546422	-62.477852003223845
0.05509849699383968	-64.38309488942835
0.03307978903323796	-42.62570387014007
0.0348491647966732	-55.413967312579125
0.08215953814758628	-67.33397238207824
0.03346072587725613	-45.99204070766643
0.03623418547614981	-59.16000739069171
0.05706777899823031	-29.09406394791216
0.03311305494045516	-45.22869581703973
0.030166057425679394	-14.61959409377393
0.03503815765063297	-23.769434976991754
0.031018911762411044	-18.75431689438107
0.0359291263083242	-60.589268821546895
0.03058180706369513	-24.022596924609807
0.031858133513203886	-35.13501090964389
0.03462219444417501	-45.13756874416044
0.0956148631993243	-68.41773810000016
0.04663906306502885	-52.55581480858745
0.033141849304019186	-45.297478912984964
0.03344053795059522	-47.20272187181902
0.031374191760125354	-34.5787988364893
0.03615081927074435	-59.50923154391691
0.03127129043000017	-33.09406194029705
0.03146520197443197	-30.444134645253268
0.03599660295566775	-58.826195292881515
0.03351811085003625	-45.628083320044006
0.08732890457284016	-67.7934905595775
0.03390805267712829	-46.956371244820595
0.03344651489780952	-44.242009445602825
0.0345631876305607	-51.54288345894552
0.03955047392061544	-53.35253541514622
0.031897810509190314	-15.333386589680208
0.03143870322193597	-35.27178923129158
0.05998028240352253	-63.599444847560655
0.04456305176990785	-62.45024886232677
0.03370281818838761	-47.206855710639736
0.03619340026604304	-59.42364421804343
0.08252852984758781	-66.02876182972942
0.03301753222555315	-44.62445392744013
0.033123667438724066	-31.39980195067042
0.036654012333572655	-58.34400822261183
0.03176920186829309	-33.93869692218542
0.0341427179109342	-51.39130171267375
0.030728663613009206	-26.5411180990934
0.03337935314010302	-47.66292248441543
0.03144300430843109	-34.49876667241029
0.035028146543307166	-55.27118741217257
0.03085910069555951	-28.59989068282123
0.03594849637630123	-60.71155773796417
0.031253388627952516	-33.42061126417529
0.030740491722005506	-28.451912497458924
0.031524337126410985	-35.4631002467482
0.035451024006015276	-59.139006247606915
0.03326699619859203	-46.55127895253643
0.09046088077788744	-67.97289918918108
0.03602015320344289	-57.80622285042523
0.06065165707906812	-64.83671747159057
0.035716307752944654	-60.37547112707164
0.0337485523306096	-47.81327808208336
0.033217164482938995	-45.89646130582162
0.05628445570951978	-63.81710921019461
0.03510979203033155	-56.62261839483419
0.03569816239272827	-59.298703664518506
0.031902414297633935	-24.136118905102087
0.05143721937160657	-63.0779122547771
0.03228324542808511	-41.22141444980654
0.03541221371823095	-58.69624246693695
0.03132951088694167	-33.87545016047356
0.09193006644128507	-59.84926320362118
0.056096935655266855	-64.52840854022598
0.031059955215241016	-32.148677581421566
0.09010502217747757	-66.59271524639014
0.03486017760635844	-55.67068666016433
0.031970230968012506	-38.835565008893525
0.03448742835209141	-53.48666280779141
0.0354201842872827	-48.388209527182966
0.03193240331403832	-39.03926965631109
0.04069621746515531	-50.23183706011251
0.031065893928878204	-32.066759052536106
0.03085159788761058	-29.679599698520374
0.03577463047935057	-54.647211825819106
0.03142183668069745	-29.75926922540853
0.03490963432305208	-56.437327657583154
0.03394306015423528	-44.17380118451119
0.03099585629266663	-29.906412729446423
0.03452966377253546	-51.60454996354036
0.057687911199307045	-64.48946457212152
0.03597300327028783	-58.91791973371221
0.033964638802552224	-50.306288745415934
0.03341709838139302	-47.23584215302918
0.0351042292773966	-56.15909917085687
0.03063228568423136	-25.65338363911628
0.03058916752371154	-24.45008143346192
0.09045053631508915	-67.41712354637463
0.06034322983643326	-65.19672024856942
0.03689655299769044	-61.26096332358545
0.0318758985358793	-37.8113556027519
0.03265061926092013	-41.584343414049606
0.03129673343790601	-31.196661928424508
0.030715127737207134	-25.191477934976326
0.039851813985275784	-62.47480152812738
0.03283419930352452	-43.13227539383332
0.031964281462607116	-35.20050961668898
0.0358267315319014	-59.963492201797834
0.032563811149253254	-41.527455160816004
0.031647633318941944	-17.189859500512565
0.03405999052466266	-50.838063305683704
0.04514690881227596	-61.07904069026145
0.09013296335762287	-67.97790230903063
0.06675054693168697	-64.75493165526169
0.03465731838570043	-52.73047454286479
0.03386354067936601	-47.036313807787806
0.04680662417825583	-53.960135478425435
0.033043172182682615	-43.37909449441261
0.03098197823940937	-31.429793291719456
0.03200285234857783	-39.11733864403295
0.036195150092925836	-27.213727070763277
0.048965411193292445	-61.09839834432318
0.03225639891074085	-40.03742230399884
0.035545499921039565	-59.14529731468572
0.03176546344253983	-32.74700693224299
0.09390653117168608	-63.59459054226414
0.03602581889013082	-61.236530175923015
0.09463259089791741	-67.85379260500756
0.10038157064960015	-42.64205890053567
0.0585123076957313	-16.935199955977662
0.03510166245725653	-57.05028935271555
0.08151514212776483	-66.76628431280439
0.035966564200132695	-60.429361823160846
0.049243685855711865	-54.45808365151634
0.034390194668528405	-52.07326379782952
0.03342068545167242	-40.4694482114376
0.03358083364676847	-47.9034006966578
0.030740491722005506	-28.451912497458924
0.03082880802388408	-26.93477176968177
0.03253052518393844	-33.868830048588414
0.03813398830500392	-61.966060878987406
0.05121934643357091	-63.12109947456507
0.03480670696170593	-55.344593541183855
0.03709944712058196	-46.16500032518716
0.03092924630405883	-26.60511212314503
0.0359204874154138	-60.58032198708282
0.03299713898673156	-42.05126017551767
0.0392541032205692	-61.93847726111866
0.03124547676885407	-33.59855154194346
0.03220840695753434	-40.13101508495774
0.0345138792440419	-52.642757467081296
0.05600693253350739	-64.38702913450591
0.03555629214049102	-57.92577550416959
0.033884738708274145	-50.552345798526225
0.04845651479455947	-63.66892161249016
0.03800074013909419	-61.583791937973395
0.035271038326943366	-57.9831405881928
0.03141273898143363	-33.77984743672372
0.035847665268790706	-60.30385141525256
0.08407530072745005	-38.818522827508545
0.033960691802963384	-51.42475133191932
0.031428832228851164	-30.71501731857385
0.03556600870178236	-59.33966716107279
0.03568831969312412	-60.211940131756634
0.04054301481684804	-43.74542576191426
0.03136953957381918	-33.99227160600231
0.0360629753519358	-61.26147075197706
0.032118592878292114	-38.510749352894024
0.05740422279825892	-65.10800788068548
0.03380021021004967	-42.0131593792189
0.06029332194737273	-63.8178456344828
0.03119613779059916	-33.601830732568
0.03985224612838464	-62.49787054720123
0.030165922101264588	-14.61965968185823
0.032947332535056384	-44.540542432324386
0.032563811149253254	-41.55046176675909
0.035135772014868956	-57.21846578702368
0.035077651850647915	-56.53266109297673
0.035895671090062906	-60.67029137523449
0.0896657505337539	-67.47276990612309
0.031076367220283327	-17.962150573045047
0.03304343568462193	-45.00974874087475
0.030940188505166246	-30.798480314284543
0.030884346303977187	-29.226358093319373
0.03314506392735514	-45.64254465080715
0.03535392867735176	-56.84002746831058
0.031129247119138805	-30.624182407339894
0.03089664498837345	-26.859652903809156
0.030979688013571816	-31.087678791845867
0.0814627940121115	-62.369416285030645
0.03452343343407514	-53.946143003152486
0.03448729689051987	-53.71932792131717
0.033965787081503857	-50.3045870229866
0.03137452677885024	-34.583663946105666
0.031524337126410985	-35.517393785375
0.03381076593587441	-49.74870462238116
0.033332186849792056	-47.320418403953845
0.08132012278524327	-66.09139965590343
0.03187926551036066	-37.956756505407185
0.05506094803748346	-56.68168153988754
0.035543904527349617	-58.887260713527375
0.03491079078820111	-54.09847383888661
0.035929126308324205	-59.32403325845249
0.032563811149253254	-41.527455160816004
0.0541779887756669	-63.5448518077126
0.030844215654000355	-28.32422681685035
0.052503056428431324	-63.001153973224255
0.030742156084279208	-26.46605061940835
0.030651566302314387	-21.201448616519563
0.0308450080992592	-28.797244301331958
0.031542025679307584	-35.79379654900035
0.0313157359953906	-33.450251988513386
# $END DATA$




