# x	y
3.954363733896234384e-02 -1.127104031429552222e+01
4.593365207168860487e-02 -1.965146036300873789e+01
8.656990740915830596e-02 -3.684380479243770168e+01
1.937923011889709501e-01 -4.794460657486018795e-01
1.092892935824527068e-01 -1.905363957518905238e+01
1.296104896360149028e-01 -1.639116116836252246e+00
5.212837595645256755e-02 -1.673673197235558163e+01
7.819145013774005115e-02 -2.528578175447022858e+01
3.309328985369773268e-01 -7.806792133717490589e-01
6.733297128468540560e-02 -3.136149584641360288e+00
4.202744952498570219e-02 -2.508591112299531023e+00
6.851476160597190501e-02 -1.820117146487090887e+00
4.475705644664496052e-02 -6.589703375831734711e+00
3.945516678147704959e-02 -1.208377308523777005e+00
1.993110173549249298e-01 -1.781325164858837962e+00
1.024226810826573686e-01 -8.189576501508039286e+00
7.333686740322793718e-02 -8.602273369458151464e+00
3.424701740781357223e-02 -2.219840974739311079e+00
4.954549818359459817e-02 -4.980243068940406914e+00
6.440949587068073301e-02 -1.156966675328671279e+01
0.000000000000000000e+00 -1.133630838062018364e+00
2.888474902976998493e-01 -1.818753210548410104e+00
8.644267393244289832e-02 -1.092331364407140448e+01
9.996964237776638507e-02 -4.318300570458140086e+00
8.750292929063653580e-02 -3.028606962208429110e+01
9.137228484580037224e-02 -2.233148672641118182e+01
7.194861688442830139e-02 -8.664179238120716775e+00
3.277733446107985449e-01 -1.102380518832416811e+01
5.828712524919801852e-02 -1.261528969241226150e+01
8.817686369167332394e-02 -7.099959734624287755e+00
0.000000000000000000e+00 -3.520478946478804883e+00
3.096018438531252803e-01 -6.954163807809310427e+00
7.018832691175025396e-02 -9.588411562133329014e+00
3.309731161376516240e-01 -4.796496352061867252e-02
5.073195026843851235e-02 -2.181938128772413066e+01
4.084425039604920316e-01 -7.756472387680207747e-01
6.357412395518967363e-02 -4.339336201283339278e+01
0.000000000000000000e+00 -2.605950343195754471e+00
9.686580567293595623e-02 -4.686996324660061219e+00
2.321299036451573983e-01 -1.544439485685199287e+00
3.434629968657845200e-01 -2.051566642070386803e-01
4.303948276245256332e-02 -6.116570010580628214e+00
1.177132417038855294e-01 -1.326566970906542053e+01
9.945588472544315828e-02 -2.727777144751748040e+01
1.044482578021174168e-01 -1.587932915329638650e+00
9.253350169096952182e-02 -2.346804424138142409e+01
1.681202897231268423e-01 -1.564544418235119139e+01
7.278794821054070108e-02 -6.989418144486100992e+00
1.223438356001406296e-01 -3.884266191608492846e+00
5.776910701817337263e-02 -4.944819823399115855e+00
1.073613707465346512e-01 -8.093571403270556353e-01
3.423472829785709215e-02 -1.620575066562569777e+00
7.817131580961354798e-02 -9.301328105406724944e+00
8.193969207965527690e-02 -1.103076255965238772e+01
9.046169429148628871e-02 -1.315490729443731333e+01
9.062386210331715986e-02 -3.142854846722458628e+00
1.312733232051179477e-01 -7.653355361268373791e+00
2.462041191960062658e-01 -5.991648274068308133e+00
4.485549413132984553e-02 -3.930914997079901951e+01
4.434376201949997987e-02 -6.972011566720354381e+00
7.530738331728735468e-02 -2.952379084681122645e-01
5.326422446038294595e-02 -2.884864094894210496e+01
5.616036015336012266e-02 -2.592552519471464478e+00
2.003556420325309506e-01 -3.912247269554038454e+00
9.382834224162030223e-02 -2.763448720619530263e+01
8.751926608432879229e-02 -2.961705268610291952e+01
5.316545354242838833e-02 -5.721796785104823480e-01
6.071708356247013105e-02 -1.317522745637847414e+01
5.412818915448292661e-02 -7.254976776557374052e+00
4.463163221058495944e-01 -3.285130963764391898e-02
3.662986372212425484e-02 -1.217390080284633136e+00
0.000000000000000000e+00 -7.957905616479632460e-02
0.000000000000000000e+00 -6.914700335745650461e-01
4.237236608045508168e-02 -6.497060015163808266e+00
8.418744297712604796e-02 -3.130812846831909013e+01
6.629565158684974646e-02 -5.727501542865623740e+00
7.572618907488530560e-02 -1.793769197147969052e+01
1.175805948141782770e-01 -2.793989918323524613e+00
1.015409815270537919e-01 -1.022365176161276068e+01
6.448222186387560229e-02 -6.143712586564527456e+00
0.000000000000000000e+00 -1.434070171819719164e+01
5.332581106873757887e-02 -2.713889181377080906e+00
3.865101515933676984e-02 -1.593796550879443252e+01
9.980649560948379184e-02 -1.990183975714607589e+00
4.235267347548461736e-02 -2.427948177029257337e+01
0.000000000000000000e+00 -9.731019772232786871e-03
9.946324372834014493e-02 -1.748922649277057095e+00
6.955891208889897204e-02 -2.441859247145223577e+01
3.768115104303342289e-01 -1.573372870974360516e-01
2.708348265914597985e-01 -1.359261806475103285e+01
1.078322552327171113e-01 -1.058819692984508620e+00
8.515851922163168719e-02 -3.369873822143385667e+01
3.492989596040732558e-02 -6.357091149678643305e+00
7.999835157759278836e-02 -1.522607846668057086e+01
6.961663920548750994e-02 -3.207730822115165692e-01
1.214257965929348010e-01 -8.591690553478043668e+00
4.233832130525923276e-02 -1.071914523878172432e+01
3.256955733854019486e-02 -2.062116833137735306e+00
1.958407541416222752e-01 -1.179744980847182045e+00
9.535572655343760307e-02 -3.696686715710252713e+01
7.090921667481632495e-02 -1.649997279455840626e+01
5.373896225114043607e-02 -8.210682856845766153e+00
9.690132024631452345e-02 -3.419271143103408406e+01
3.248003084479252761e-02 -1.626928598642569890e+00
0.000000000000000000e+00 -8.330809553071974349e+00
4.220447948325981719e-02 -1.878976207719252001e+00
3.463550343449796343e-02 -6.157797642395885340e+00
6.038205380359006058e-02 -1.325587438016574993e+01
4.835577025353739178e-02 -2.885289902537036255e+01
8.834383944370514941e-02 -5.467820686316241741e+00
3.358058955754848057e-02 -2.684471051075747638e+01
6.731403622167982104e-02 -3.759802481918613992e+00
2.627248469354576121e-01 -1.786694677127324216e+00
7.109431817060798964e-02 -2.384048452988411881e+01
1.070371564330993980e-01 -1.229369818630064692e+01
2.368891912990818693e-01 -4.173740677288771295e+00
5.073195026843851235e-02 -2.181938128772413066e+01
8.418744297712604796e-02 -3.130812846831909013e+01
6.256039015946159021e-02 -2.617504770497301081e+01
3.987888495831401481e-02 -4.576519680042233640e-01
3.287584051995021128e-02 -2.894412112821812499e+01
8.644267393244288444e-02 -1.878375118059827598e+00
6.281564316768552259e-02 -9.698282799460679726e+00
1.175061167156755959e-01 -1.315910728323260592e+01
5.749854256937168839e-02 -2.083605941333944500e+01
1.922521941557633063e-01 -7.627854712022272832e-01
1.223438356001406158e-01 -3.989604238716677909e+00
9.686580567293595623e-02 -4.686996324660061219e+00
3.954464224509621900e-02 -4.065330159468393489e+00
3.504003766092134847e-02 -5.868244481954772773e+00
7.520814760414717970e-02 -6.706841822542443765e+00
1.017291774982646696e-01 -4.417159536407474718e+00
4.236896012156358970e-02 -6.497677185547819256e+00
8.528667471549511436e-02 -8.496306272684879701e+00
7.819145013774003727e-02 -2.649078875487284535e+01
0.000000000000000000e+00 -2.903383725878253330e+00
1.085412401794426246e-01 -1.918522090131138924e+01
3.865101515933676984e-02 -1.593796550879443252e+01
9.202740717775394208e-02 -2.359724610183230453e+01
7.213699546343375901e-02 -9.393609792266827796e+00
5.889649048886146793e-02 -3.775403490427188480e+00
6.784086554325650942e-02 -2.005408316087242238e+00
1.004503139132522510e-01 -8.641322873219827727e+00
1.997103451933427143e-01 -3.812733666919362996e+00
1.015409815270537919e-01 -1.019720425544624831e+01
8.817686369167332394e-02 -7.109330008404350032e+00
9.994383505882951935e-02 -3.357082014547220439e+01
1.906418273708474220e-01 -6.953643585588441534e-01
4.245568118740993685e-02 -2.125602022494188148e+01
7.994914387180614146e-02 -4.849961796224376620e+00
6.945992645488777151e-02 -2.479810452182952929e+01
7.805931966728016369e-02 -2.556480828658253301e+01
1.015409815270537919e-01 -1.177603820567797221e+01
4.101669866243055212e-02 -2.409593690449835535e+01
4.426954530605851229e-02 -2.440923597177529558e+01
5.077073755751033285e-02 -2.087280277978474174e+01
9.207853535785702481e-02 -2.915343804360697888e+01
7.877158888757038180e-02 -4.192700578264209099e+01
1.214986914337740781e-01 -1.740072056680655166e+01
7.582555433015579494e-02 -1.097469733824389060e+01
8.024611800449255039e-02 -1.317120464368434085e+01
7.327344438871451204e-02 -2.677097124003976347e+01
9.731057169088654091e-02 -5.808748818219415355e+00
3.412354390994838393e-01 -1.014774576188629673e+01
8.814271539053311622e-02 -3.033942010465882788e+01
4.260611668302889676e-02 -7.144954777887592812e+00
9.162057651268654124e-02 -2.193918424275396362e+01
4.898187702820495232e-02 -3.923810978181427345e+01
7.872922852298445962e-02 -5.744626582269434678e+00
1.158565959472287049e-01 -2.284484960094070516e+01
1.025288861983073979e-01 -1.979022629924245891e+01
8.656832572767853007e-02 -3.691684926045834914e+01
9.605544304622179452e-02 -3.862083536017826901e+01
4.693685870986742670e-02 -1.242590215446347379e+01
8.602304554761409927e-02 -2.091045796785277133e+01
3.082579656528600665e-01 -1.003996921765971706e+01
4.082041856053321149e-01 -5.252996288117012247e-01
9.892844994753391408e-02 -4.313905498261617844e+00
6.752276538074364343e-02 -7.649989843466579842e+00
1.520666263974969623e-01 -1.672979360155979833e+01
8.529519696933156314e-02 -1.108584825769077042e+01
1.056030219408014836e-01 -2.878554822529686064e+01
1.221216117318734140e-01 -1.497669038862524449e+00
6.135480729125052102e-02 -1.292916760844336643e+01
8.104008926164041338e-02 -1.805185596046733565e+01
9.307050779157398368e-02 -4.967284191616342071e+01
2.858379662232818919e-01 -1.544072257118887848e+00
6.071708356247013799e-02 -1.328214161996342035e+01
9.686580567293592847e-02 -4.695069218368972841e+00
8.806840525677957221e-02 -7.454188718106962597e+00
7.404724523893065069e-02 -7.787702985533668354e+00
4.268841249441961139e-02 -6.147591999892782155e+00
3.770645582951340224e-02 -1.234914420131722812e+00
8.553686355669623542e-02 -3.518468078628058748e+01
4.769064725769830287e-02 -1.974891255053975669e+01
5.270901130220613517e-02 -1.670347696509071866e+01
5.332308516559607081e-02 -8.312612732427830053e+00
3.309328985369773268e-01 -7.806792133717490589e-01
8.817686369167332394e-02 -7.099959734624287755e+00
3.235171667153473318e-02 -3.997586582668945177e+00
5.776910701817338650e-02 -2.046845462735838783e+00
9.203919470062561781e-02 -3.060671192253828110e+01
6.275764663795771470e-02 -4.332426987147215414e+01
4.618594157480794549e-02 -2.453557778404302780e+01
8.662734645489819640e-02 -3.485355202400576502e+01
8.553686355669623542e-02 -3.518468078628058748e+01
5.213605047269448400e-02 -1.355209621810516296e+01
4.261759657393811296e-02 -2.430203122340389754e+01
6.374162856145226819e-02 -4.592007923450177032e+01
3.502630918309588420e-02 -5.863876535072225948e+00
3.699444577956651631e-02 -2.224724503906823969e+01
5.387225917563216032e-02 -5.743620712917649307e+00
8.656832572767853007e-02 -3.691684926045834914e+01
9.307050779157398368e-02 -4.967284191616342071e+01
8.837885126588862494e-02 -2.958981952339727428e+01
4.373739149316862446e-02 -2.441981184542836658e+01
5.412858234282399289e-02 -7.188863582612238012e+00
3.250695950080908364e-02 -1.631996666746463820e+00
4.050941717188843993e-02 -5.168743186850496052e+00
5.073965688428606902e-02 -2.422197283365031240e+01
5.019359654618304328e-02 -1.278686705493908704e+01
5.350578762656995474e-02 -1.040636458644714146e+01
1.022449523527558524e-01 -9.977105710489826862e+00
4.385662491599900958e-02 -1.686813166829997712e+01
3.704430444736910716e-02 -1.603923678892230598e+01
3.770645582951340224e-02 -1.151430994737039359e+00
4.876836180064503257e-02 -2.856470106212207938e+01
3.287263322367293267e-02 -2.894694709274842381e+01
4.771682099030823132e-02 -1.377529370421370558e+01
8.498221354883070400e-02 -1.120013215565739451e+01
6.681165116586525177e-02 -2.102974887604418086e+01
9.307050779157398368e-02 -3.170321394112157876e+01
4.525645480095925877e-02 -6.782424302564803220e+00
9.385745885469159999e-02 -2.811898211233596001e+01
3.524283717648695607e-02 -2.413636139313103168e+00
4.479761664361610329e-02 -3.354763602673769185e+01
1.028243246543809747e-01 -2.648150013072137199e+01
7.520139918900053955e-02 -1.677888327250970946e+01
5.569405404533097487e-02 -5.559900369735839121e+00
5.695400949104075655e-02 -1.951541043743143966e+00
5.412818915448292661e-02 -6.996848880701469930e+00
3.359210232421726283e-02 -2.653223802069659243e+01
4.450561045308195490e-02 -3.697689571055835245e+01
3.504003766092134847e-02 -5.868244481954772773e+00
3.456090695059530621e-02 -6.766452134579971300e+00
4.246124168383918346e-02 -2.159450084617401622e+00
9.202740717775394208e-02 -2.300490594772476527e+01
3.662986372212425484e-02 -1.217390080284633136e+00
8.773646669025446376e-02 -4.320641885885356004e+01
3.433633797628071749e-02 -2.843671987986893512e+01
7.787559791123767339e-02 -1.795004467979434581e+00
0.000000000000000000e+00 -1.804230299523918291e+01
9.535871309953070085e-02 -3.697369156211142638e+01
9.605205108199495190e-02 -3.861253199725059915e+01
6.071708356247015187e-02 -1.329459596066565297e+01
8.751926608432877841e-02 -2.959805486427584142e+01
3.348999682856405175e-02 -1.090942833508148979e+01
7.809993751888798241e-02 -2.452152472897073210e+01
9.070195999116691110e-02 -5.364401034209622310e+01
3.616198974057902721e-02 -1.641142463481522640e+01
1.004151956295845638e-01 -3.816047383135537530e+01
1.054412243960913681e-01 -1.938826531901688810e+01
3.799000667263320585e-02 -2.396231704459335976e+00
3.213681025041442707e-02 -1.872544899597881729e+00
3.275557330880052298e-02 -2.846849609906175260e+01
6.847423972181784779e-02 -1.179467666477142451e+01
8.073780916625147852e-02 -2.629085911389369556e+01
4.461660975722777506e-02 -1.665530869315493234e+01
3.778114648559945110e-02 -1.232046629754750766e+00
4.829223356914829485e-02 -1.658313874373390462e+01
9.591566693735616156e-02 -2.846228933851453746e+01
4.815884438737307038e-02 -9.956700937165960497e+00
8.041716455981814948e-02 -1.296188463459436946e+01
8.750292929063653580e-02 -3.093586174719039050e+01
8.692240675225929025e-02 -3.696959953277363553e+01
3.286004424607366636e-02 -1.603995463482500661e+00
4.611788837072083175e-02 -1.697055249019838730e+00
5.809650126582457941e-02 -2.224583586869012564e+01
5.015066914873466536e-02 -4.966570528376637483e+00
4.266405200495115152e-02 -2.377645352861373240e+01
5.429483744168808051e-02 -2.367065556008626714e+01
7.844233465530796312e-02 -2.154855976382889438e+01
5.160946399237614085e-02 -1.564330536211585532e+01
5.502474593123228563e-02 -2.352380524504732051e+01
8.515851922163165943e-02 -3.369386765289795704e+01
7.524661699403877024e-02 -1.572578065665264546e+01
3.697306933551319091e-02 -1.436076399118781310e+01
3.418327131710207495e-02 -2.573156999826526814e+01
4.461438110996313738e-02 -4.139195102676973193e+01
3.508595839770434210e-02 -5.572710944317496917e+00
5.374885485868888257e-02 -1.785563389652233113e+01
1.029142289470144217e-01 -1.035478836765499011e+01
4.958503456886155514e-02 -5.014389220947069958e+00
3.680629499591641512e-02 -2.168680839578171060e+01
3.732771627225266176e-02 -1.240367756846606495e+00
6.472925769416716657e-02 -2.934724144192927753e+01
3.806654512066105778e-02 -9.598780768251905515e-01
1.056030219408015114e-01 -2.800387069229289949e+01
1.002702556218761920e-01 -3.359761668724723194e+01
8.594589694896392906e-02 -3.687024708679310692e+01
7.855077794246345668e-02 -4.771885052907791902e+01
5.952242704719584721e-02 -2.430532605432691895e+01
4.568933863459938988e-02 -3.942759374888680668e+01
3.259965937355870785e-02 -1.660404066926979505e+00
7.327344438871452592e-02 -2.633235408860201332e+01
8.515851922163167331e-02 -3.392876220718295599e+01
6.275764663795771470e-02 -4.577905360396699308e+01
6.275764663795771470e-02 -4.332426987147215414e+01
5.902488521010126193e-02 -2.888550014478527928e+01
9.046538988127596215e-02 -3.014257872397713811e+01
3.617686817753278800e-02 -2.628894156687734807e+01
6.902743727172462596e-02 -2.030333715155217789e+01
8.552010076529067972e-02 -3.810693089538877132e+01
9.054641981004071805e-02 -3.689959263280645274e+01
4.326772395933643767e-02 -4.938815575372952793e+01
9.168323752799935333e-02 -3.978214120268106768e+01
8.831677492059766821e-02 -3.814268954490290042e+01
4.348597322495574569e-02 -2.431278102230218252e+01
3.744240982702135012e-02 -6.687287334860122279e+00
4.765510331025759466e-02 -3.909032697652281030e+01
3.332203118511308654e-02 -3.662533842595163946e+01
8.779134643688392414e-02 -2.200831964127550933e+01
4.998517115853887832e-02 -5.141747235887581269e+01
1.541934573703762079e-01 -1.321602931215792642e+00
4.913904126808280037e-02 -4.766763590708985276e+01
3.613726068464182678e-02 -2.451525778087278340e+01
3.517612992108064968e-02 -4.251190066467578532e+01
7.326516926378030814e-02 -3.114213859448148725e+01
1.185810580364263928e-01 -2.781286694074698573e+01
9.453513961686654810e-02 -4.207841719216759202e+01
1.005280133800106612e-01 -3.425723436773534303e+01
5.278269708190393844e-02 -2.182122346005457558e+01
5.069958395845049898e-02 -5.146687478949071703e+01
1.547834201110323549e-01 -9.655901888341211770e-01
3.865101515933676984e-02 -1.593796550879443252e+01
9.307050779157398368e-02 -4.967284191616342071e+01
9.697789222167110812e-02 -3.347806549607933135e+01
4.252805459628474644e-02 -2.918739079090586941e+01
5.108159971746674410e-02 -2.759710429332198700e+01
3.493996736851286145e-02 -8.182004493400917511e+00
7.588656490947626176e-02 -2.049581112447710396e+01
4.659534918404350384e-02 -3.136558662288944177e+01
4.782691753201537277e-02 -1.450537826996467672e+01
9.654618017292071475e-02 -3.977244133700374107e+01
9.307050779157398368e-02 -2.594638483525282169e+01
8.698489613921982222e-02 -3.646921011443344440e+01
9.215923619654502186e-02 -4.791048056934120325e+01
3.365074702791502614e-02 -3.858742777928262058e+01
3.537101380055740485e-02 -1.256903444890384414e+01
9.133005094680893277e-02 -3.727321314268872499e+01
3.433084981857819490e-02 -2.841154902789758196e+01
3.373172505497356449e-02 -2.706981415802530044e+00
4.908956627654174898e-02 -2.614269154939091067e+01
3.504835820070453800e-02 -2.878899990649956564e+01
3.358412909738710261e-02 -2.856447405614236601e+01
3.502630918309588420e-02 -5.786624489416375638e+00
8.656832572767854395e-02 -3.791769081170103561e+01
4.112403650209214834e-02 -9.364701398209353655e+00
7.915564733625474192e-02 -2.280614674000145214e+01
4.386601178773438803e-02 -3.849607711332323845e+01
8.819109726961289752e-02 -3.390992172248418512e+01
3.244480063801576802e-02 -1.978388274157283178e+01
4.178968870400339569e-02 -1.354954810943094889e+00
5.506583419231876608e-02 -2.374522715241517901e+01
3.704430444736910716e-02 -1.485531789474151232e+01
3.634567875302048556e-02 -5.739701196278528705e+00
9.316630742903951601e-02 -3.175445287618076051e+01
4.945274309030632531e-02 -3.994608995990292044e+01
3.299363212367112386e-02 -2.661457066655484383e+01
5.435295872897061287e-02 -3.659723275840304524e+01
7.535919116153223796e-02 -2.952115949552217344e+01
8.750292929063653580e-02 -3.028606962208429110e+01
9.005539280659331791e-02 -3.037034817113208618e+01
3.428321209004860093e-02 -2.101065439299337978e+00
8.745249692843133638e-02 -8.518499341837893368e+00
6.175679921729389232e-02 -3.474779081773974099e+01
7.071532883091254107e-02 -3.211179708379435738e+01
4.275336533432518710e-02 -3.939434546414207006e+01
3.327104392895117307e-02 -2.728732282620080696e+01
3.998395389767527702e-02 -2.358588509151658386e+01
6.949584144586311296e-02 -2.321117740504194771e+01
7.659599683409328008e-02 -3.111334522687448256e+01
7.886215038078506212e-02 -3.048605526019672496e+01
8.750292929063653580e-02 -3.093586174719039050e+01
9.203919470062561781e-02 -3.060671192253828110e+01
5.248948858182749672e-02 -3.856915067733727653e+01
8.552074499189663004e-02 -2.243901853732928942e+01
9.761197841562942179e-02 -3.733379201126774660e+01
3.350869736146280115e-02 -2.653777425560003067e+01
4.245568118740993685e-02 -1.888449615955315508e+01
3.550586872712530040e-02 -5.927486043123246340e+00
8.516439321079061209e-02 -3.317771745487541324e+01
6.495424410479039290e-02 -3.032912828641052272e+01
5.785073774800216645e-02 -4.738248338468380894e+01
1.028842293615141873e-01 -3.536208042156895459e+01
3.252718989352719470e-02 -1.826491572456538393e+01
4.301053244835777167e-02 -2.488727278772716289e+01
9.605205108199495190e-02 -3.902984893675719746e+01
4.649029417490289223e-02 -3.896204571339996647e+01
3.304485415156825645e-02 -7.022662885779415554e+00
5.733900583815194213e-02 -3.420871865242639842e+01
3.270816050216405341e-02 -1.711826580443487567e+00
3.606009898861313456e-02 -2.207370552503678951e+01
5.996718317486587901e-02 -4.501008236975044952e+01
3.487883856258165716e-02 -2.787880037424426405e+01
3.267034694110441950e-02 -2.855356168427916685e+01
8.695955346131689634e-02 -3.858331749746448480e+01
3.288640065414781544e-02 -2.047992357010449016e+00
3.661385139012485190e-02 -1.281316115850550297e+01
4.998517115853886444e-02 -4.954093126077054166e+01
3.299363212367112386e-02 -2.661457066655484383e+01
5.103060476576934401e-02 -5.109043926454950224e+01
3.740834276786427631e-02 -2.915129015523249834e+01
3.407720547474359096e-02 -3.846128763755216795e+01
5.785073774800215257e-02 -3.110305502098646357e+01
8.404636390137364133e-02 -4.068380697984581218e+01
3.506276345688561641e-02 -2.609271697829081660e+01
9.453513961686654810e-02 -4.207841719216759202e+01
3.418327131710207495e-02 -2.573156999826526814e+01
3.733560002996180738e-02 -2.907239749313002442e+00
3.309109998849572160e-02 -1.817768691907913237e+01
5.469046098358198299e-02 -3.840253060955263464e+01
1.049389986465678604e-01 -1.893195719659694376e+01
9.094429559999106516e-02 -5.544956163500665980e+01
4.806778044289226892e-02 -4.440919456824028089e+01
5.555752800324048613e-02 -2.655759251946972910e+01
3.477499707345607649e-02 -1.467559565627374329e+00
1.076392456083178212e-01 -3.707924688393129742e+01
9.692028462433549540e-02 -3.060759572514771065e+01
3.521764273729563466e-02 -2.510845280782078248e+00
4.796781282516163203e-02 -1.897334236961495790e+01
7.268080012037929361e-02 -3.119219731181581423e+01
6.387668214756410390e-02 -3.400955224161249646e+01
4.169855153741502257e-02 -4.742402346143104808e+01
3.569777719674070704e-02 -3.008739130831471797e+01
8.500914296758056710e-02 -3.446067918327401713e+01
4.295967941486580899e-02 -3.012580727228625577e+01
7.614837015746454829e-02 -3.873646450598190683e+01
7.253473929150572319e-02 -1.811446061589056411e+00
3.290117106124151175e-02 -3.561309209121166219e+01
4.309773657967188448e-02 -2.657101284494343929e+01
6.183822383483060514e-02 -4.227632456188734267e+01
3.356154042911690255e-02 -2.177999523405217275e+01
3.617686817753278106e-02 -2.481679565054825432e+01
6.275764663795770082e-02 -4.409877201151302728e+01
8.114828880605118311e-02 -4.842900309922107738e+01
3.214743126924405475e-02 -1.570541417224169178e+00
3.333718919423515198e-02 -3.710656342999327961e+01
3.791061114028237977e-02 -2.906207663258663842e+01
5.103260077876914380e-02 -5.052384407511063102e+01
3.717441242765993220e-02 -3.804114028448702101e+01
6.093031105703567568e-02 -2.990883674128722092e+01
4.564347444756847172e-02 -4.646312906603279202e+01
3.959548877594679106e-02 -3.253324938360876928e+01
7.502091768978813580e-02 -2.389797474034194291e+00
3.275493609126838707e-02 -1.650864452746351407e+00
9.061803193170851756e-02 -5.074396960903839471e+01
3.537101380055741179e-02 -1.366362552486081938e+01
3.472169802649210935e-02 -1.668072376388032652e+01
6.015486931853546854e-02 -5.556426364239388960e+01
4.977436289017773963e-02 -2.571953599084166697e+01
5.762845915551118026e-02 -4.538423133138814336e+01
3.487916655517676184e-02 -6.199118121791405756e+00
4.093977733332423291e-02 -1.416604884198677539e+01
4.128955874241113655e-02 -1.997174919043383667e+01
3.315382119076327322e-02 -1.811753233599297630e+01
3.343234065736456345e-02 -2.019380865476404097e+01
3.515245873356773881e-02 -4.763107646019831520e+01
4.382592980689947737e-02 -2.821686989909185428e+01
3.350869736146280115e-02 -4.713939758500113442e+01
7.877158888757038180e-02 -2.361580563724203685e+01
9.384803305670028073e-02 -5.171277480377197122e+01
5.289651287002913871e-02 -3.110795165469487600e+01
3.446063531691496290e-02 -3.420987624693141527e+01
9.463842937207482542e-02 -3.630367047186943807e+01
3.438042077595757778e-02 -2.873160766691069057e+01
7.855077794246345668e-02 -4.736104031783585100e+01
6.662496210496134108e-02 -5.319666855074322598e+01
2.138631755422049086e-01 -2.063004192046061647e+01
3.523487926729934605e-02 -1.860211488970916260e+00
3.634573406111858002e-02 -2.854796067655971825e+01
3.416435439901879811e-02 -5.426190010088905780e+01
9.232275726492134016e-02 -3.045809065220376866e+01
4.998517115853887832e-02 -5.141747235887581269e+01
6.275764663795771470e-02 -4.332426987147215414e+01
3.640656228900419206e-02 -2.469117372716719672e+01
4.683749910716594050e-02 -2.707275365278190904e+01
3.332203118511308654e-02 -3.662533842595163946e+01
3.695784342903189745e-02 -6.062929642811111464e+00
8.831677492059766821e-02 -3.814268954490290042e+01
7.878540822661335430e-02 -4.020525672039906340e+01
8.727900063352980742e-02 -3.864900695899158478e+01
9.391411951287975679e-02 -3.858198812933062527e+01
4.052055142626694723e-02 -2.492903886072205921e+01
3.731702145763301365e-02 -4.804661986569175980e+01
3.257467402717507954e-02 -1.856757588927571234e+01
3.295551885814264337e-02 -2.657074376303041063e+01
3.432308452123117304e-02 -3.299710631188457910e+01
4.137486334099842872e-02 -3.000697364635925979e+01
9.170465057039990653e-02 -4.878524925517255184e+01
4.252805459628474644e-02 -2.918739079090586941e+01
4.440621216437236340e-02 -4.486263453111760668e+01
4.023353046039106207e-02 -2.536561264888214140e+01
4.765510331025759466e-02 -3.909032697652281030e+01
6.487984367320337453e-02 -3.898827967789407722e+01
5.760793596853709675e-02 -5.066037661569868789e+01
4.576126625641727119e-02 -4.386906265904769242e+01
3.293904477195355729e-02 -2.825693297362345291e+01
5.763806415062047023e-02 -4.545240534185867176e+01
3.302738921999541499e-02 -3.196538514266222109e+01
4.625741469538657835e-02 -5.227908365382756983e+01
3.256955733854019486e-02 -1.260423385520455852e+01
4.416815696777817019e-02 -6.909667037434927828e+00
4.558377521417873723e-02 -3.880955983224652783e+01
3.532798644436963703e-02 -4.638297456378397499e+01
4.389375082045891135e-02 -5.173111791586003250e+01
3.365202093059507099e-02 -3.548496174119190982e+01
3.361662079719401203e-02 -4.835759513452382663e+01
6.248510435940970997e-02 -3.626916713949067628e+01
3.372007705868861754e-02 -1.898811823617684524e+01
4.955250568232912045e-02 -4.898326737928798735e+01
3.588298101776786486e-02 -2.871091761359618388e+01
3.212335302235812956e-02 -4.026157909274602709e+00
3.350754931459582614e-02 -2.718473336469637403e+01
3.402236741467375841e-02 -2.589879915028145518e+01
4.169855153741502257e-02 -4.742402346143104808e+01
3.356154042911690255e-02 -2.177999523405217275e+01
5.359485511250719481e-02 -4.011212857385064723e+01
3.634573406111858002e-02 -2.864940106198850245e+01
3.402107772232008942e-02 -4.776807252556089622e+01
3.268092289176640491e-02 -2.818888802687699524e+01
3.385403589937628632e-02 -5.873290391353260986e+01
5.039542632217691026e-02 -3.012907632208142417e+01
4.450561045308196184e-02 -3.856216367823058278e+01
3.418327131710207495e-02 -2.526008257690896031e+01
3.479044125258536069e-02 -2.792035481522685458e+01
8.067941072113583856e-02 -4.581047087640703097e+01
6.933825149212648198e-02 -5.279464541966977009e+01
3.421827979502076872e-02 -4.745559238203725272e+01
3.537407664148788100e-02 -2.511150009017578100e+01
3.706410652196418659e-02 -5.576516315407025814e+01
3.290680983859790160e-02 -1.826919910834632121e+00
3.270816050216405341e-02 -1.716863322714004880e+00
8.947308167134930545e-02 -5.358551192298047283e+01
3.244848989407179973e-02 -1.978162336123710219e+01
3.274493064836381945e-02 -1.640904889989059035e+00
3.504835820070452412e-02 -2.853827729751168363e+01
4.469866476705248309e-02 -4.135459526050063772e+01
3.358412909738710955e-02 -2.852388973657901161e+01
3.299363212367112386e-02 -2.661457066655484383e+01
3.418327131710207495e-02 -2.573156999826526814e+01
3.333497053738919413e-02 -3.325266077208078741e+01
3.432612872373568685e-02 -2.740887760821914654e+01
7.767310724234315067e-02 -4.836724987836448264e+01
3.499501446581650826e-02 -3.556664812393480446e+01
9.217825854042911715e-02 -5.316025756778759614e+01
9.094429559999106516e-02 -5.544956163500665980e+01
9.363650009383135686e-02 -4.633143322364520600e+01
5.471133295502368654e-02 -4.675827456515340685e+01
1.137318474712726846e-01 -3.452464082357032993e+01
9.231809821678861605e-02 -5.397210459713934227e+01
3.453502502276822178e-02 -2.185469411021860431e+00
3.914905985092630852e-02 -1.213427774939702708e+01
3.713790475468593810e-02 -2.037394695464383787e+01
3.598130535996409141e-02 -4.586829021626314074e+01
3.617686817753277412e-02 -2.552548185035281136e+01
5.261912627997990949e-02 -4.796192381450052267e+01
5.654048778250100188e-02 -3.728588267654945554e+01
4.166531381880216045e-02 -4.683322524401988574e+01
8.250113362245868609e-02 -4.964325186029418546e+01
4.189082930908751001e-02 -3.828048173701596824e+01
3.616381609172922978e-02 -4.064609931787646246e+01
3.351641603479661030e-02 -1.750634900914928593e+01
3.295922729529060513e-02 -1.716690605828148364e+01
4.425150270143074493e-02 -1.505073925528899359e+01
4.945274309030633225e-02 -4.674710604296139138e+01
3.407720547474359790e-02 -3.557120273259855026e+01
3.487883856258165716e-02 -2.693412843626796871e+01
7.855077794246345668e-02 -4.771885052907791902e+01
4.487893390280100342e-02 -4.913584660443240892e+01
3.731136127407229386e-02 -3.855161855348455191e+01
4.451128702599879694e-02 -5.835864160359125918e+01
3.439562550495955245e-02 -2.320688707231904147e+01
3.359210232421726283e-02 -2.747580394986871255e+01
3.264191713841321091e-02 -1.786128303238252224e+00
4.898187702820496620e-02 -3.931481075284110460e+01
6.625065218263435918e-02 -5.316649302976672686e+01
3.524231264650368872e-02 -4.761004598381372688e+01
3.290117106124151175e-02 -3.585226181418966007e+01
3.171707880214645614e-02 -1.705331722731933564e+00
5.303363507998030968e-02 -4.835208149797215782e+01
3.243208217949914568e-02 -1.555040862262609203e+01
3.317277205330576573e-02 -3.593448635937538160e+00
3.579161031356254546e-02 -5.526163037767568653e+01
9.060011635414128017e-02 -5.057555302257322438e+01
4.344469803012881298e-02 -5.113054985758611082e+01
3.277108852826816909e-02 -2.091752788761427340e+01
6.662976038170367876e-02 -5.308223502494474388e+01
3.276594934005469528e-02 -2.436330212707031873e+00
3.649345023666197840e-02 -4.664546254804669445e+01
3.504835820070453800e-02 -2.878899990649956564e+01
3.283415869595659314e-02 -3.367018691153582211e+01
3.320965037081598237e-02 -2.660783178508616231e+01
4.380500417519655326e-02 -1.776779197523937981e+01
6.806644965106210809e-02 -1.646677991724133960e+01
3.303763756458756584e-02 -4.425747476038613826e+01
6.018669634283912301e-02 -4.067211675669948079e+01
3.518933683677826635e-02 -8.393261120250899765e+00
3.818503371042054201e-02 -5.090155250497549133e+00
3.356707351566849684e-02 -3.361449939247629715e+01
3.298449488466620450e-02 -3.068293623729265462e+01
3.562663738688456871e-02 -3.140564871875780284e+01
9.084956454622139521e-02 -4.940905060379793667e+01
3.277736754425844556e-02 -4.188909483057020822e+01
5.108492804147729549e-02 -4.631625827940930407e+01
4.270446407000105110e-02 -5.337666255548082717e+01
3.337467594179682057e-02 -2.760216197212981015e+01
5.805083095650850206e-02 -6.340666820402019255e+01
3.725587644235694995e-02 -1.648028279837260079e+00
3.358675455312614549e-02 -2.856322853950878127e+01
3.296528200092755517e-02 -2.221853998493057869e+00
4.997530866078491590e-02 -4.816152744871513391e+01
3.416993216092900632e-02 -4.748170372494453062e+01
4.047192262836293852e-02 -4.827597937404208039e+01
3.347314721478934080e-02 -4.718954124029415453e+01
3.471363802301608709e-02 -3.934446362870056646e+01
3.373223999642345483e-02 -2.130198217569901331e+01
3.171707880214643532e-02 -1.700247428935962146e+00
4.314303884567457364e-02 -3.000588579658879951e+01
3.416028669511782939e-02 -5.422676659437916413e+01
3.290117106124149787e-02 -2.970782372418004158e+01
5.594930940975843120e-02 -5.087240110832585316e+01
6.471688403424259717e-02 -3.829174218902221583e+01
3.287263322367294655e-02 -3.153434402203881604e+01
3.532798644436962315e-02 -4.257238466960749435e+01
3.417138913739617423e-02 -3.244605344403832703e+01
3.433084981857819490e-02 -2.841154902789758196e+01
3.282540075750500774e-02 -3.536620694882731186e+01
3.267304025549024743e-02 -2.856247510949762614e+01
4.389375082045891135e-02 -5.188562480426515577e+01
3.366431982870819045e-02 -1.853715466196234374e+01
3.342934501349658499e-02 -2.859192760680533496e+01
3.244348713625436198e-02 -1.554486908820549829e+01
3.481868314386515895e-02 -3.332187638790788498e+01
8.659133103087916783e-02 -2.869681255176820045e+01
9.094429559999106516e-02 -5.588703861512454552e+01
5.216266153042472403e-02 -4.926954585643497353e+01
3.712898669458528089e-02 -5.588633897999466171e+01
4.393789089528263997e-02 -2.930606841382018146e+01
9.177272996919223769e-02 -5.428532054031488485e+01
4.045599220508293986e-02 -5.645890575284671087e+01
6.846605163659381932e-02 -5.334267108207086494e+01
3.533850137441082312e-02 -3.535796374682873022e+01
4.217414095305708349e-02 -2.702261687738274176e+01
3.293904477195356423e-02 -2.705291511667162041e+01
3.544841179156917738e-02 -3.618284575687689397e+01
3.347956179544923916e-02 -3.499627004359275162e+01
3.261922405474284442e-02 -1.262186376931219378e+01
4.463571962822338729e-02 -4.909250038752319512e+01
3.307178809849332241e-02 -2.182703308534499698e+01
3.507715926094365222e-02 -7.067711555012961888e+00
3.451818777330187271e-02 -4.127008499844320255e+01
3.214743126924405475e-02 -1.570541417224169178e+00
3.711946679142100886e-02 -3.632498829152017095e+01
3.478074500799614027e-02 -1.462724481424191048e+01
3.820111312395400166e-02 -5.035844487841033867e+01
3.358751773476156832e-02 -2.563104553292978594e+01
4.484472706505342882e-02 -4.721645342373990673e+01
5.910431173598564708e-02 -2.004956610275409190e+01
5.895394604182725012e-02 -5.270205704810746994e+01
3.405962837731773413e-02 -1.767519484263149110e+01
3.342580178940046665e-02 -4.858488303905265582e+01
3.327064713311249367e-02 -3.742367066323846814e+01
3.370505010798948570e-02 -4.562115577934416422e+01
3.384367503126214927e-02 -5.379951299781059504e+01
4.137028418535469015e-02 -4.722445363710709643e+01
3.447372935598991273e-02 -3.373116792279214593e+01
3.974399352476803982e-02 -4.834115873641294314e+01
4.779113015442305878e-02 -3.988397183746727848e+01
3.326095838532713150e-02 -3.745471314474630020e+01
4.955152890346241346e-02 -4.791410712205269107e+01
4.534591127938903538e-02 -5.278392543735722597e+01
9.231821341570101147e-02 -5.397203396306712619e+01
3.341423412794934655e-02 -1.824294936812066892e+00
9.061081554819817863e-02 -5.113935160656618706e+01
4.068300177130708406e-02 -3.619617596462084208e+01
3.285394740053360768e-02 -3.033932355475971931e+01
3.247980066195873400e-02 -1.627007181023307991e+00
3.620631660993825496e-02 -4.792773360165296737e+01
3.517612992108064274e-02 -4.014502749191826325e+01
3.176489969044721251e-02 -1.922799541156777314e+00
3.791362838206079056e-02 -4.001722071103517209e+01
3.826245742261032839e-02 -3.152971384143535616e+01
3.610514372287897122e-02 -5.549587342431738790e+01
3.235171667153473318e-02 -3.997586582668945177e+00
3.406943545949028818e-02 -4.854530523657003727e+01
3.272524666351190464e-02 -3.075788555286742110e+01
3.365202093059507099e-02 -3.548496174119190982e+01
3.364337781500027075e-02 -3.445386777942696455e+01
5.791912713591999828e-02 -5.266957016726578900e+01
3.403400463158055833e-02 -1.751113795382882143e+00
3.287584051995021128e-02 -2.894412112821812499e+01
3.250040490011685268e-02 -2.743022058046184242e+01
3.270414556156674146e-02 -3.549751352669796489e+01
4.211468413243870529e-02 -3.141581769333402718e+01
3.812496275572309357e-02 -4.609380807777679934e+01
3.322774707666081850e-02 -4.735332066242045101e+01
3.174464265677739983e-02 -1.984277207599633996e+00
3.209581223773042002e-02 -1.680078101678198932e+00
6.480189118474317944e-02 -5.358238147388798467e+01
3.332229645981368837e-02 -4.808321332782450952e+01
3.657007084677661723e-02 -4.467012950021761242e+01
3.810700384457959417e-02 -5.472121370714257438e+01
3.374873725767325860e-02 -4.921105822699904309e+01
3.383879707783916252e-02 -3.241801294934091260e+01
3.507989634917815791e-02 -4.729532224757303283e+01
3.244752586595091998e-02 -1.989274864765897988e+01
4.677506972394439300e-02 -5.297138871033127572e+01
1.051345626904344049e-01 -5.368781053564809014e+01
9.190487620452555961e-02 -5.423285091863220231e+01
6.412729093822173987e-02 -5.236419852232508987e+01
3.304459860276596356e-02 -4.953754065552612218e+01
8.881475510165875997e-02 -3.679200231762003881e+01
9.141926550003463825e-02 -5.269266785391924657e+01
9.244524068933486494e-02 -5.668454679797382312e+01
6.912064440460796710e-02 -4.553989974431403454e+01
7.341360014263838274e-02 -5.274686773119917405e+01
3.392896480555050720e-02 -5.827183696917194311e+01
3.356463194170581504e-02 -4.785433130963749448e+01
3.330319853302735056e-02 -4.718079220316521116e+01
3.430342309596756678e-02 -4.740040985711031141e+01
3.257585299265927659e-02 -2.124433741000109777e+01
3.350043836111363943e-02 -3.741925051693503690e+01
3.297467361600151664e-02 -1.552857200606792887e+01
3.334300773707400689e-02 -2.862234954505685280e+01
3.243208217949914568e-02 -1.592029049288248110e+01
3.257957519737202795e-02 -1.621995286472995845e+00
3.727046293065212901e-02 -5.582880229718360710e+01
3.715189903741807076e-02 -4.797421214922072608e+01
3.504074786931777458e-02 -5.565823223090715999e+01
5.765024491097695686e-02 -4.101576606740200504e+01
4.040575410038708265e-02 -5.638123055951935214e+01
3.297732232701484217e-02 -3.553070532957573135e+01
3.244480063801576802e-02 -1.978388274157283178e+01
3.244848989407179973e-02 -1.978162336123710219e+01
4.467523370791063458e-02 -4.819495017065240461e+01
3.281845400373896438e-02 -2.188119154721580983e+01
3.415793740598784684e-02 -5.386518532736291576e+01
4.443151576207682307e-02 -5.061343667543944491e+01
3.431493542643382355e-02 -1.868765122096285980e+00
4.441463494490675845e-02 -4.920877402230446762e+01
3.417757823354999197e-02 -3.786372514344473927e+01
3.275557330880052298e-02 -2.846849609906175260e+01
3.443692887425253008e-02 -3.116258746543877578e+00
3.483868879820352371e-02 -3.796512440932151833e+01
4.344469803012881298e-02 -5.103089361047041450e+01
3.610514372287897122e-02 -5.554166967700738411e+01
3.347314721478934774e-02 -4.655137734458995880e+01
3.363740729248674427e-02 -4.558984592962357141e+01
3.294137298853816453e-02 -2.976863380814611304e+01
3.204752451983913786e-02 -1.744036751846442002e+01
3.257467402717507954e-02 -1.856757588927571234e+01
3.270643569876438561e-02 -3.953921885240800460e+00
8.940168668834808097e-02 -5.028439985473601581e+01
3.261679976229853173e-02 -1.556953307233435702e+01
3.316826632188173835e-02 -3.344510573418575206e+01
3.192643409709511326e-02 -3.256566430100054532e+00
3.666705272326131054e-02 -3.396502618412149843e+01
3.825660836109336799e-02 -3.212781647535858554e+01
7.108792032324615096e-02 -5.348024107034937202e+01
3.532290493895187677e-02 -5.355895626413663990e+01
3.397441619802294560e-02 -2.247216031335427910e+00
3.524827215893673593e-02 -3.901451774348982582e+01
3.155269905500116684e-02 -1.705665106058479541e+00
3.287317559277458390e-02 -3.372296350104760876e+01
3.256955733854018792e-02 -4.268356624335090999e+00
3.290117106124150481e-02 -2.868826131378548538e+01
3.479726061883481325e-02 -5.513238668220522953e+01
3.471583420984775126e-02 -5.914827683250614854e+01
3.693231526274703969e-02 -5.496058336177215153e+01
6.011119168511524363e-02 -5.538379609775181933e+01
3.370505010798947876e-02 -4.693246761094386699e+01
3.277246409807364064e-02 -2.999163121713658953e+01
4.180780099065032479e-02 -4.920502659122959699e+01
3.247980066195873400e-02 -1.627007181023307991e+00
3.371797930930838655e-02 -4.868243546447773440e+01
9.079016028635075730e-02 -2.932060990263164690e+00
4.390807129240343470e-02 -6.616151931679794984e+01
4.495300699932937294e-02 -3.725334078888197098e+01
3.384367503126214927e-02 -5.379951299781059504e+01
3.282540075750501468e-02 -3.609868125959323493e+01
3.744272922288988809e-02 -1.619014672385549858e+00
3.514291799452407689e-02 -4.687505207237325067e+01
3.707685568395916592e-02 -2.827979697764831002e+01
5.349367224377131469e-02 -5.249028084895615365e+01
3.635178083128565163e-02 -5.266048106802680451e+01
7.741114775032252593e-02 -6.391148472975807238e+01
4.397501028650646626e-02 -5.722624426090487049e+01
3.330323298499877904e-02 -4.717994135217991669e+01
3.450112467893030194e-02 -4.983514452874751299e+01
3.433281050964494957e-02 -1.899660654032597051e+01
3.119015657490976923e-02 -1.532256856081946950e+01
3.243208217949914568e-02 -1.525590621614046327e+01
4.881597847918816430e-02 -4.787254844683305066e+01
7.243289730157242978e-02 -3.934492594237967467e+01
3.238967593215715673e-02 -1.836351106437154357e+01
3.261292779552150967e-02 -2.137074178342865949e+01
3.168590973918097159e-02 -1.693565373691339637e+00
3.811810729723325020e-02 -4.592182029019753031e+01
4.451128702599879000e-02 -6.544457581005266888e+01
3.304459860276596356e-02 -4.409428720222803832e+01
3.342865263735306930e-02 -5.542203471233964507e+01
3.354071020877662929e-02 -3.090547866602593530e+01
3.395014180106557811e-02 -4.862041242316163192e+01
3.728766454638672567e-02 -4.647169342766414246e+01
3.282141857189770084e-02 -3.620349927800617706e+01
3.281404605611764475e-02 -3.363417591082350100e+01
3.248261873394819171e-02 -1.986969773878840329e+01
3.209581223773042002e-02 -2.242338882745506190e+00
9.119408625179037386e-02 -5.631398334906825198e+01
3.304129420540369289e-02 -3.574490863643143967e+01
3.240205753248357606e-02 -1.749713970340400948e+01
3.285318892276727770e-02 -2.141620625775892606e+01
3.312609553370653853e-02 -3.738014559264539116e+01
3.310682249030483248e-02 -1.558821355059378533e+01
3.438305459929407587e-02 -1.786302599289933291e+00
3.725112830057196456e-02 -4.213025302057416610e+01
3.271015304509900662e-02 -5.780983171669158871e+00
3.205209934081266338e-02 -1.377568712341633139e+00
4.460598237689496204e-02 -5.286424761095612723e+01
3.431025721539995160e-02 -3.211849627313894473e+01
3.213679004732687694e-02 -2.040874318664963827e+00
3.702892819246018236e-02 -5.549445443137103240e+01
3.392896480555050720e-02 -5.827183696917194311e+01
3.357091368186559954e-02 -2.562076251327500032e+01
3.252491322145131813e-02 -2.010589793193786079e+01
3.285394740053360768e-02 -3.033932355475971931e+01
6.936058932606442573e-02 -3.387100250598236073e+01
3.245619154687985619e-02 -1.635500644243749946e+01
3.288983513747505139e-02 -3.580717465513605902e+01
3.284278006146396783e-02 -3.157567618447303204e+01
3.565398910101724717e-02 -4.992100579989028830e+01
4.533805988108357415e-02 -5.006012064605975809e+01
3.604044804940964575e-02 -9.089230325654588327e+00
9.352066327251154498e-02 -2.338918016469629180e+01
3.290117106124151175e-02 -3.561309209121166219e+01
3.282540075750501468e-02 -3.609868125959323493e+01
3.275557330880052298e-02 -2.910240377948353796e+01
3.214743126924406169e-02 -1.852915076406215222e+00
3.524364203712210264e-02 -4.629587364894705104e+01
3.708306547371642559e-02 -5.116988249659122090e+01
3.314988712343114319e-02 -4.936975972648183131e+01
3.438024198339642568e-02 -5.605224728521205435e+01
3.266638909037947874e-02 -4.074084370107041941e+00
3.300741433718028250e-02 -4.804653199854603685e+01
3.356445802272528534e-02 -2.016266086575904026e+01
3.282049055918001557e-02 -2.156222935233164506e+01
3.313687601935979415e-02 -1.842096984395476200e+00
3.127527593961451635e-02 -1.387152308669922895e+01
3.560760143164084374e-02 -5.614172054486194696e+01
3.995335438556056606e-02 -5.751324080906874059e+01
3.507066179748705159e-02 -4.803754298418971302e+01
4.080226451994313497e-02 -4.239315244730627796e+01
5.286262156311963278e-02 -6.635424052931539052e+01
4.316011382225231480e-02 -1.918605384660944324e+01
3.309639843675802467e-02 -3.033808877786704628e+01
3.336649371734743547e-02 -4.297009706920074024e+01
3.982036421228790646e-02 -3.945293045440178759e+01
3.210506748665184484e-02 -9.262167864582705690e+00
3.588933380847222215e-02 -9.052767661628070783e+00
3.392187721381326182e-02 -1.681179537953726921e+01
3.222177398628634643e-02 -1.546413211816742894e+01
3.537755045603348941e-02 -5.654086837479862027e+01
3.332319057075232294e-02 -4.755211288656491320e+01
6.158139743149686207e-02 -6.873435959151305497e+01
3.541721681281882056e-02 -5.154475150166806685e+01
9.188402829732146559e-02 -4.193033340165769829e+01
8.204278931978595257e-02 -4.755148752315653482e+00
3.297361232646266183e-02 -3.630620082257155445e+01
3.339080021832820100e-02 -2.806541321697415370e+01
3.257467402717507954e-02 -1.856757588927571234e+01
3.181687522356561881e-02 -1.706684217540918880e+01
3.305128146251407051e-02 -2.105678086694897999e+01
3.383822427412171152e-02 -4.103005525320201130e+00
4.389469896562255002e-02 -5.891778971627197592e+01
3.374873725767325860e-02 -4.921105822699904309e+01
9.304002783676662558e-02 -5.550810387518805555e+01
3.236787598562143597e-02 -1.833703412670919519e+01
4.003355412879434916e-02 -5.388691725965865231e+01
3.370033031936407047e-02 -4.751603012475114696e+01
3.476237421091569330e-02 -3.401384189979724226e+01
3.720049117569218522e-02 -5.182489552700059221e+01
3.243314009952426302e-02 -2.052797235450767488e+01
3.416376054864759398e-02 -4.160694795096988940e+01
3.147449638261351490e-02 -1.518449797010653235e+01
3.151479819083411599e-02 -1.449741759043862288e+01
3.759104708571806702e-02 -5.654815417861173898e+01
3.354827927823989669e-02 -1.976317849461808152e+01
3.268391452434013522e-02 -3.477068422402340531e+01
3.212335302235812956e-02 -4.026157909274602709e+00
3.315851382249889595e-02 -4.727774945121562666e+01
3.428809373263331378e-02 -5.197893824299812593e+01
3.181687522356562575e-02 -1.608630022374251922e+01
3.501762624470246971e-02 -1.876605664124888762e+01
3.218353057160552172e-02 -3.755845617303219086e+01
7.686893563349081471e-02 -3.371474650010345897e+01
4.388938523657164720e-02 -6.624093528403605546e+01
3.389534831816884419e-02 -5.847008951365367579e+01
3.946022397519667602e-02 -4.779182310476656426e+01
3.390266418333311854e-02 -2.766905032154749122e+01
3.303291875365900465e-02 -5.071940902034965859e+01
3.379984610242946913e-02 -1.783615215313817259e+01
3.530856494896753711e-02 -4.068186320795130939e+01
4.106083585512920742e-02 -4.479147780806850676e+01
3.494480238497831709e-02 -4.679823563860440316e+01
3.416381974833963830e-02 -3.655665298782430028e+01
3.288352452588923225e-02 -4.679077541893167336e+01
3.307663722600614337e-02 -3.386863783009032147e+01
4.116031835799625893e-02 -5.670295990113479689e+01
3.380909443138764570e-02 -4.751886879681405418e+01
3.384179388788342846e-02 -5.874484839208537323e+01
3.294833384499940704e-02 -4.435531266544463591e+01
3.844251183595488730e-02 -5.268125159569683547e+01
3.381387162396014279e-02 -5.385529290837465055e+01
3.722591293244131155e-02 -5.579072784872762014e+01
3.616524244839627866e-02 -5.626691133386341193e+01
3.244848989407179973e-02 -1.978162336123710219e+01
3.195278002868048167e-02 -3.314566396622008693e+00
3.416028669511782939e-02 -5.422676659437916413e+01
3.275557330880052298e-02 -2.910240377948353796e+01
3.262106650534552649e-02 -4.745857118878195280e+01
3.317482988823140105e-02 -4.003426297524387678e+01
3.655489933513294404e-02 -3.467387385145470802e+01
4.296354420154570308e-02 -5.620859947572314042e+01
3.788121623043016334e-02 -3.292250329271724496e+01
4.942296398629726639e-02 -6.050117524181991513e+01
3.196820160981140441e-02 -9.603286158495963676e+00
3.579856471123914197e-02 -1.500350898993260707e+01
3.261292779552150273e-02 -2.171592576007803288e+01
3.330319853302735056e-02 -4.670375311119845918e+01
3.364540346657697578e-02 -4.674063594050756620e+01
3.251512604621193542e-02 -4.432054018337252543e+00
3.539563304011673905e-02 -4.838882573141255250e+01
3.275704585722102186e-02 -2.910109454411228569e+01
3.471583420984775126e-02 -5.914827683250614854e+01
3.416028669511782939e-02 -5.422676659437916413e+01
3.553569204871685067e-02 -3.510542284911376498e+01
5.461066662825497103e-02 -4.020675539104374963e+01
3.390470718737533667e-02 -4.768588535446565402e+01
3.323639536032617359e-02 -4.600953958859895465e+01
3.315061280250755638e-02 -4.936867449732930169e+01
5.805226190053213581e-02 -6.331216376960646386e+01
3.495456001255452250e-02 -5.693387115417053934e+01
3.318918531595359961e-02 -2.993053799402930437e+01
3.449374158973524812e-02 -4.857789617559849660e+01
3.382264075507525336e-02 -5.550731739218446137e+01
7.660362365022006792e-02 -6.460508876870723327e+01
3.308728761850007749e-02 -4.055603945962221957e+01
3.318083680715191303e-02 -4.953371965838398694e+01
3.444462218950201937e-02 -1.928851425742546866e+00
3.522898495174187072e-02 -4.831112731633356816e+01
4.323967335771610604e-02 -5.169959224044347934e+01
3.441646608124168671e-02 -5.503602837933342329e+01
3.358983673676386311e-02 -3.526631362821122906e+01
3.294687855376148694e-02 -3.593461404461706366e+01
3.323680586508518525e-02 -4.745789337678427700e+01
3.366899110643348236e-02 -5.361825109956014046e+01
3.250395851251983159e-02 -1.998146542499296174e+01
3.421347370541576866e-02 -2.806808944006617423e+01
3.329120831572719014e-02 -2.644465761418687677e+01
3.442850527108486103e-02 -5.669763747390829423e+01
3.257467402717507954e-02 -1.849787965963830771e+01
3.819359725190606125e-02 -3.141176827381906289e+00
3.237258829474270322e-02 -1.759194933404038963e+01
4.451128702599878306e-02 -5.590281270937424551e+01
3.277736754425843863e-02 -4.025406107571286185e+01
3.805900603665898774e-02 -5.771221082905087485e+01
3.336869763988683374e-02 -4.859991681458780732e+01
3.482122079082897170e-02 -4.556043801467666299e+01
3.295688254286495422e-02 -2.892448068586569221e+01
3.218381218808914757e-02 -3.952573360858270046e+00
3.205665940467990888e-02 -1.768355301637284782e+01
3.208234007925300085e-02 -1.740284127985184526e+01
4.065144498363205960e-02 -5.610149571135670499e+01
3.415793740598783296e-02 -5.509146367345473294e+01
3.535361791286095040e-02 -5.234700195309719106e+01
3.304459860276596356e-02 -4.380219021819689829e+01
3.176489969044721251e-02 -1.922799541156777314e+00
3.206587895928949411e-02 -2.036458140287187746e+01
3.364269061582743359e-02 -3.731304170476550297e+01
3.471946327794488835e-02 -6.486098981780025952e+01
3.423207385556822219e-02 -5.107235011003963621e+01
3.335310221381770912e-02 -3.751573647727112615e+01
3.496374412457680519e-02 -5.562806141807021731e+01
3.397717474781649510e-02 -5.402441997776432459e+01
5.488448735233967396e-02 -5.900770407497581971e+01
3.289066083985998923e-02 -4.883325765513794892e+01
3.266754597319495440e-02 -1.965439410896046368e+01
4.449826082268949767e-02 -6.446394273106041339e+01
3.548269332599404691e-02 -5.974941812282337139e+01
5.520800901535103528e-02 -1.597718079542315195e+01
3.457438555378267164e-02 -5.999454891735330619e+01
3.263000646775642000e-02 -2.197467101471861284e+01
3.280234640491642290e-02 -3.011812708696777818e+01
3.293169813098038856e-02 -4.573014666757638480e+01
3.420951520966217241e-02 -5.688300011112571752e+01
3.267034694110441950e-02 -2.855356168427916685e+01
3.169324696518091566e-02 -3.330642263902281464e+00
3.243881208784955839e-02 -2.014513700580848621e+01
3.893589722288007260e-02 -1.673533751501559053e+01
3.211958319016443297e-02 -1.707338558643273174e+01
3.258711748326720281e-02 -1.982842631980872738e+01
5.806630622735259317e-02 -6.359020446184866415e+01
3.469363376043880370e-02 -5.897842544822310629e+01
4.059874846423594530e-02 -3.140182730841790448e+00
3.798678526462328370e-02 -6.041783507133314401e+01
3.716451012155742861e-02 -5.176034030526487584e+01
3.551961997587673586e-02 -3.668823405529212067e+01
3.277150342696664304e-02 -2.908361962310095095e+01
3.475316190250741372e-02 -1.576498718368135066e+01
3.316208722060314668e-02 -1.504264186275196735e+01
3.293889728520247445e-02 -3.437341109682730433e+01
3.332566959710386856e-02 -1.640918024828489052e+01
3.661431046291820784e-02 -4.651110108313331892e+01
3.330380530259597488e-02 -4.155929568523134066e+01
3.332844857798710619e-02 -3.722024772055896591e+01
3.382338561484673350e-02 -4.361744309777848372e+01
3.360179466035403961e-02 -2.623864860698417445e+01
5.804865615155376662e-02 -6.918324637823781131e+01
3.462402196102833812e-02 -2.680622218255710010e+01
4.384181721316518510e-02 -6.355681516724730074e+01
3.352165803978835595e-02 -4.752063980261110743e+01
3.271697549971806784e-02 -3.789766383384460369e+01
4.545859980871251593e-02 -3.259875744945478004e+01
4.476295861588762415e-02 -4.735750248170781873e+01
3.232593691966684224e-02 -1.996656270666312238e+01
3.222108003134697973e-02 -2.241092837020883799e+00
3.207064112363876285e-02 -1.741345812939077931e+01
3.282416496808456680e-02 -4.809311029209212762e+01
4.473513978493684484e-02 -1.794802951857365514e+01
3.258742778092248160e-02 -2.123979499417713512e+01
3.293095853034182924e-02 -3.597068636531425057e+01
3.122408516417363861e-02 -1.587957141347041201e+01
3.318370688558623660e-02 -4.521363902155079018e+01
3.230587294404755477e-02 -2.041307995888788795e+01
3.206008517872249025e-02 -1.489130144322341565e+01
3.389534831816884419e-02 -5.847008951365367579e+01
3.153846189880089856e-02 -1.377560990160379717e+01
3.250040490011684574e-02 -2.697648539523931177e+01
3.242710529376276185e-02 -1.583474790894937989e+01
3.267936342386883186e-02 -3.647351907592533848e+01
3.704326558011525328e-02 -1.602870687896318103e+01
3.147680299763605527e-02 -1.345789068457239601e+01
3.386304823369724187e-02 -5.397514717457220712e+01
3.483540250535224064e-02 -3.590743595352107320e+01
3.204782436862613909e-02 -9.457193340309659746e+00
3.268088567169334657e-02 -3.479953728322625750e+01
3.260043027840257152e-02 -2.170121107741061550e+01
3.458461180035314608e-02 -1.406272752506669299e+01
3.988634077049223875e-02 -3.546018738935409687e+01
3.306620911768722026e-02 -5.066785137030650077e+01
3.162922859182103197e-02 -1.630404319270761349e+01
3.414663792860512387e-02 -5.235661115591760506e+01
3.363448204440554895e-02 -3.519749292690546838e+01
5.585799849554525659e-02 -6.700192115725079134e+01
4.820789362529375593e-02 -4.469887874312652798e+01
3.169872141349010936e-02 -4.249467178404592538e+00
3.329162833041206249e-02 -6.198114682766570738e+00
3.911053130285772894e-02 -1.920819214972726030e+01
3.176234527636517119e-02 -1.567853616303745312e+01
3.155269905500115990e-02 -1.650037096489828770e+00
5.805226190053213581e-02 -6.324312214785200581e+01
3.297361232646266183e-02 -3.625959123974401166e+01
3.382264075507526724e-02 -5.551766307383260823e+01
3.634299423337861851e-02 -3.703491478103259738e+01
3.435181134248334323e-02 -1.477428444760518467e+01
3.147937168380751660e-02 -1.399417807674200454e+01
3.304311969485087402e-02 -4.581386015847623128e+01
6.158139743149686207e-02 -6.873435959151305497e+01
3.208234007925300085e-02 -1.740284127985184526e+01
3.323275637599769350e-02 -3.259305391729699153e+01
3.272524666351190464e-02 -2.824716406249576295e+01
4.609722804649563771e-02 -3.574385414033952912e+01
5.508000161224836655e-02 -3.821937710095097884e+01
8.340894549451688400e-02 -3.217140823419021700e+01
3.390599628077192729e-02 -2.054496877085070849e+01
3.567721093140390626e-02 -5.664324699860043921e+01
3.271049709514648601e-02 -3.780177594876949598e+01
3.471583420984775126e-02 -5.914827683250614854e+01
3.374873725767325860e-02 -4.921105822699904309e+01
3.200305043916209374e-02 -1.946831497778814679e+01
3.159505427769023628e-02 -1.880764699822544461e+00
3.308211079073324762e-02 -2.123454382268677421e+01
5.155654670390621280e-02 -6.591735705093363151e+01
3.233099386124832497e-02 -2.730368571080851936e+01
3.237143757345698619e-02 -1.966274940339433286e+01
3.210828429621899460e-02 -4.786031336312896656e+01
3.428377012013471281e-02 -2.629971755951714485e+01
3.266170134841334116e-02 -3.878997360555742802e+01
4.451128702599880388e-02 -4.776622459039708701e+01
3.207064112363875591e-02 -1.682752517757990773e+01
4.390807129240342083e-02 -6.474438279211717884e+01
3.471583420984775126e-02 -5.943054185485360108e+01
3.278107874289468149e-02 -4.693275489646956800e+01
4.262902981641224220e-02 -5.627357257673888569e+01
3.119015657490976923e-02 -1.532256856081946950e+01
3.416613179092245489e-02 -2.042337571099014326e+01
3.383085267127280971e-02 -5.378323066079769887e+01
3.260905919545430132e-02 -2.403471775993948611e+01
3.495899545163595745e-02 -3.749166226414916991e+01
3.603821551924215466e-02 -4.687906554001366288e+01
3.261292779552150273e-02 -2.171592576007803288e+01
3.255365791256616820e-02 -2.173259030531729152e+01
5.804865615155376662e-02 -6.918324637823781131e+01
3.264048626838877976e-02 -3.481701870272934229e+01
4.367172697332011994e-02 -6.654109604323338090e+01
3.477234819264894694e-02 -5.779416275278391169e+01
3.264180182683478620e-02 -4.774107030934059281e+01
3.292326957203676324e-02 -4.409307220590552845e+01
3.200762616660148691e-02 -2.038766770308882670e+01
3.146156922863020677e-02 -1.295384474219424042e+01
4.387610565837907900e-02 -5.891077228794731724e+01
4.938197506678685539e-02 -6.008567442269824710e+01
3.545534463222348165e-02 -4.493926503594200028e+01
3.304454125883127952e-02 -4.614863717139629529e+01
5.362639935346877329e-02 -5.549465558941108867e+01
6.314872705908931849e-02 -5.094474400763481015e+01
3.136723127473710349e-02 -3.706508698154102888e+01
3.304928558257620025e-02 -1.841830270113153034e+01
3.230942668218970970e-02 -2.635771214936731610e+01
3.289066083986001698e-02 -3.046635189872321803e+01
3.265125463316461557e-02 -3.309826811015426529e+01
3.244962295087461257e-02 -2.335788398788392328e+01
3.389534831816884419e-02 -5.847008951365367579e+01
3.261292779552150967e-02 -2.090366652419807281e+01
3.239448876521637544e-02 -2.479360178794903291e+01
3.175401294764886723e-02 -2.080363310943310751e+01
3.261022710877265612e-02 -2.195939561973589704e+01
3.290371538444888944e-02 -1.779739836981531909e+01
3.386304823369722800e-02 -5.039238450034104488e+01
3.471946327794490222e-02 -6.492257084655588528e+01
3.506754319805325398e-02 -3.462128060015454167e+01
3.405908747979562862e-02 -3.043629266217076434e+01
3.693303397328586563e-02 -2.565457488446211798e+01
3.139428287185001831e-02 -3.607763398040818004e+01
3.496396674677684085e-02 -6.350266908583729730e+01
8.127914755033754934e-02 -5.594442492526813737e+01
4.269911233372393478e-02 -5.863418302864496923e+01
4.086435085485384117e-02 -5.961529348588205579e+01
3.323142965249945013e-02 -2.782059699974668732e+01
5.548091623232108416e-02 -6.747024302644783234e+01
3.409451214076667652e-02 -5.743491756480081278e+01
3.344826209662016964e-02 -3.308566010961781245e+01
3.315408047019940962e-02 -3.750467836303397462e+01
7.660362365022006792e-02 -6.460508876870723327e+01
4.943134968693812387e-02 -6.056045438720882146e+01
3.167356092844612198e-02 -1.690970460999860592e+01
5.343985780041973083e-02 -6.658164994555697547e+01
3.256798890489762122e-02 -4.756145501089838490e+01
3.295337905236728204e-02 -5.103019672360446890e+01
3.322029959870360927e-02 -5.564295220356772376e+01
3.505342721896174268e-02 -2.071308557057296795e+01
6.158139743149686207e-02 -6.873435959151305497e+01
3.598357524323394369e-02 -5.025077904921771932e+01
3.299141898174481197e-02 -1.818971768888182439e+01
3.276679075340893643e-02 -4.708336168270906796e+01
4.241093022914226018e-02 -6.607655268971451790e+01
3.399105025192514923e-02 -5.816530538530675187e+01
5.806616344553589687e-02 -6.359036462022459801e+01
4.708259158246551335e-02 -5.941923040210952678e+01
5.765452018482711966e-02 -6.907049667215366640e+01
3.303291875365900465e-02 -5.091551817273885661e+01
3.234367848944306317e-02 -3.929591647502832785e+01
3.256259953266743556e-02 -2.766651680048539319e+01
3.470111542825448508e-02 -6.450776094172074693e+01
3.306620911768722026e-02 -4.606358983894294568e+01
3.198783660805121221e-02 -2.368160076369787603e+01
3.195723699475245400e-02 -1.975265605710387362e+01
4.793584139017492696e-02 -5.327739047956995933e+01
3.486428004156489485e-02 -5.905861183195089126e+01
5.861710385774116655e-02 -6.356468666637429266e+01
4.318042644180863227e-02 -5.864404336149936370e+01
3.260119142534460140e-02 -4.169806052422932652e+01
3.261222058474910757e-02 -1.896954829072555171e+01
3.404860477305906435e-02 -5.323084687306635487e+01
3.533729951559110016e-02 -6.096763325224806351e+01
4.277272265270666562e-02 -5.782396859664785893e+01
3.794548668707434236e-02 -1.818882252037592551e+01
3.360796774318329516e-02 -2.916864631693907484e+01
3.232039810789342354e-02 -1.851061050975139466e+01
4.451128702599879000e-02 -6.556124839603693033e+01
3.384367503126214927e-02 -5.379951299781059504e+01
3.411778331037172013e-02 -6.368254527287460576e+01
5.792451083617969343e-02 -5.943019610051956647e+01
4.445920732879769799e-02 -6.261351323067727748e+01
3.251177412337189626e-02 -2.900313265352432879e+01
3.471583420984775126e-02 -5.914827683250614854e+01
4.388938523657164720e-02 -6.624093528403605546e+01
3.391069242390280097e-02 -5.840190705553499129e+01
3.704718909490444662e-02 -4.551846448662977451e+01
3.471946327794490222e-02 -6.492257084655588528e+01
6.158139743149686207e-02 -6.873435959151305497e+01
4.389023053074865566e-02 -5.696042550322051312e+01
3.389621294590664663e-02 -5.846859681615189430e+01
3.399105025192514923e-02 -6.356915070055796946e+01
3.366899110643348236e-02 -5.158947890886307874e+01
3.277167547082431714e-02 -4.844378691604773479e+01
3.257069749903550998e-02 -4.747379171801883047e+01
4.283947629426777121e-02 -1.253826649437968754e+01
3.323093719892348391e-02 -2.826704229685154601e+01
3.467604991833922456e-02 -5.116214932282910866e+01
3.951982641475432906e-02 -6.074253657215588476e+01
3.360541138255118687e-02 -5.348412383653138136e+01
3.316133746007068200e-02 -4.835635724401063129e+01
3.387483987110428973e-02 -5.111521387347507783e+01
3.342865263735307624e-02 -5.316581956715585022e+01
3.274598007075710249e-02 -3.613590447517961479e+01
3.118106126110288534e-02 -1.327846913849228905e+01
4.337984355845657392e-02 -6.564880872503336207e+01
3.254360208946549538e-02 -3.715565527600271878e+01
5.789614476834151202e-02 -6.830856435269487292e+01
6.135979334475746838e-02 -6.952014681153457332e+01
3.387906808134813486e-02 -5.402743587766844513e+01
4.871559575059908331e-02 -6.600577515710291721e+01
3.451143403107432422e-02 -6.388853623898661027e+01
3.180749813303834772e-02 -4.168656952652931835e+01
3.121209572688199430e-02 -1.325661538191870292e+01
3.356717583556435153e-02 -5.388525067157321047e+01
3.239448876521637544e-02 -4.082442849638802329e+01
3.218353057160552172e-02 -2.259736116036692621e+01
3.253773108852549972e-02 -4.201688868374041874e+01
3.216519318111948217e-02 -4.175717181823650037e+01
3.392896480555050720e-02 -5.829476443371658689e+01
6.153610091375235486e-02 -6.775699991886121154e+01
3.408041523349279733e-02 -5.476717883913475760e+01
3.486428004156490179e-02 -5.271880199081490304e+01
5.546533076197276285e-02 -6.746703664826027591e+01
3.271176094207926821e-02 -1.374571401081753130e+01
3.247300869796525963e-02 -4.770085625127872220e+01
3.119015657490976923e-02 -1.567812142377209383e+01
4.450825101574779757e-02 -6.675517487960695462e+01
3.280855155877349799e-02 -3.483713260411517609e+01
5.110794538064546838e-02 -6.641452923089890703e+01
3.385751947790134608e-02 -5.555005499885737663e+01
3.386172720411795983e-02 -5.860446609747227598e+01
3.508597937455353033e-02 -6.361856231602286726e+01
3.283088781741447248e-02 -5.192116006616958401e+01
3.495462882711838914e-02 -6.259891975776263706e+01
3.274048443404296849e-02 -1.765971685233119004e+01
3.492785827174241242e-02 -4.593412217590595503e+01
4.726292578665175492e-02 -3.658135156772439700e+01
5.715982545888685651e-02 -6.683489940451866573e+01
3.435249721068143330e-02 -6.220735689922246792e+01
4.270145986238420982e-02 -5.345679578449711045e+01
3.392896480555050720e-02 -5.827183696917194311e+01
3.250040490011685268e-02 -2.743022058046184242e+01
3.254637209871186210e-02 -2.555139907314628900e+01
3.386735411013522268e-02 -5.557707868215177172e+01
5.090556247592525896e-02 -4.251596648603038631e+01
3.375349811325957516e-02 -3.018123708802726313e+01
4.338741799523392756e-02 -6.624460559198554677e+01
3.256798890489762122e-02 -4.470223905981288937e+01
3.493211674828642505e-02 -6.527106532059839594e+01
3.561035251073550734e-02 -5.507564143761556608e+01
3.144755734621365595e-02 -3.361377258613384100e+01
3.798797825172680470e-02 -2.673028778075227052e+01
3.468285534904609613e-02 -5.884564097154834172e+01
6.116267680562796627e-02 -6.322201446267872171e+01
3.210828429621899460e-02 -4.786031336312896656e+01
3.444237091605337892e-02 -1.182997428958694464e+01
3.381429722798100918e-02 -5.338688856392963800e+01
3.390126753291374667e-02 -4.158663842601905003e+01
3.303291875365900465e-02 -4.812829366661582497e+01
3.264048626838877976e-02 -3.481701870272934229e+01
5.786810074224722072e-02 -6.777060283738228463e+01
3.235342863080256648e-02 -2.477598356280745051e+01
3.147561229859999199e-02 -2.585716558043946733e+01
3.141108564791271485e-02 -1.879084851022861713e+01
3.172210987431116347e-02 -1.604386092969965816e+01
3.287765770982515462e-02 -3.920250399738126390e+01
3.551052140748989921e-02 -5.996306836222697711e+01
3.510909711629876112e-02 -1.993394574962393051e+01
3.259026085663665334e-02 -2.690204229610934661e+01
3.177773636244388827e-02 -2.078799771886413694e+01
3.429695358035454028e-02 -6.223617538701348195e+01
3.355490135120139938e-02 -4.758534773698708165e+01
3.321637859337395193e-02 -5.203430872236976512e+01
3.331949952330855169e-02 -4.953976465753669345e+01
3.307360936442271110e-02 -4.615316985005765105e+01
4.404719413787165638e-02 -6.573999073448307229e+01
5.804865615155376662e-02 -6.918324637823781131e+01
5.804865615155376662e-02 -6.918324637823781131e+01
4.387241258958674006e-02 -6.326398479926692175e+01
3.321637859337395193e-02 -5.203430872236976512e+01
3.676138711218431693e-02 -4.655940089855027253e+01
3.119015657490976923e-02 -1.532256856081946950e+01
3.447139055138344343e-02 -6.384685397384620842e+01
3.283283289097281565e-02 -4.962617094919528427e+01
4.527337779374863286e-02 -6.664532753173918422e+01
5.471103541252034241e-02 -6.471342004681308424e+01
4.344609914642530435e-02 -6.806834375979848062e+01
3.301436778945653072e-02 -4.546883993555251635e+01
3.471946327794490222e-02 -6.082112491857370173e+01
3.411778331037172013e-02 -6.339296890876589430e+01
3.561356762862151470e-02 -3.103370451224465043e+01
3.298622525403373945e-02 -5.007344564270906773e+01
3.156161684759778430e-02 -3.457366544466382408e+01
4.250323787138370057e-02 -6.614983158951804398e+01
4.976138634066805400e-02 -6.624835568961788113e+01
3.508613697420551181e-02 -6.343443572928052276e+01
3.161996561645424170e-02 -2.109733409512476854e+01
5.858459477569331886e-02 -5.374761428936665197e+01
5.756300040138562918e-02 -6.827598578304625221e+01
3.330643385677505702e-02 -5.477999846630633130e+01
3.270680735533054023e-02 -3.856776214452349194e+01
3.214508591698766321e-02 -3.812191481095975121e+01
3.435709234302773696e-02 -6.268582261295369307e+01
4.996115913910935402e-02 -5.574439188293203529e+01
3.387647987494836477e-02 -6.023448146530191138e+01
3.457539518872683459e-02 -4.886339701331498020e+01
3.278424787609434538e-02 -4.842516203612433401e+01
3.139261378215887216e-02 -3.607955601359810061e+01
6.216594047642806653e-02 -6.900093626276385805e+01
3.382049591994976817e-02 -5.845167193348676449e+01
5.286266463949707700e-02 -6.636657066868164634e+01
6.158139743149686207e-02 -6.873435959151305497e+01
3.471846379985721320e-02 -6.454928737364929248e+01
3.291437650982620422e-02 -5.026867354100333785e+01
3.415957473357894569e-02 -6.352754990562732473e+01
3.349510667814956100e-02 -5.543532519302271311e+01
3.389761972675231494e-02 -5.873978600768337799e+01
3.999274604477188327e-02 -2.563462982737236118e+01
3.390267224513589944e-02 -5.861396278039484287e+01
3.411778331037172013e-02 -6.363154806843876798e+01
3.304839598513269194e-02 -5.094827127325225291e+01
6.005297118180853017e-02 -6.972280827819322724e+01
3.217066122065272843e-02 -4.591513144473144337e+01
3.188050239259327540e-02 -3.242809308135688440e+01
3.303291875365899771e-02 -4.812611201843611752e+01
3.267105122305401926e-02 -4.940439375131222732e+01
3.448657045333421156e-02 -5.645914749179986813e+01
3.235485879304934170e-02 -4.684954234970395248e+01
3.120185209089064091e-02 -1.443774734065733156e+01
5.151346045807243812e-02 -6.667892725817623045e+01
3.495462882711837527e-02 -6.529601341994964514e+01
3.303051532799453766e-02 -4.878070141766274048e+01
3.401683850572399803e-02 -6.344808627781913657e+01
3.133830794181474699e-02 -2.602904841590903118e+01
6.134446746724024624e-02 -6.969727411803225436e+01
3.264658337834611818e-02 -4.730067952462610492e+01
5.582737119502808459e-02 -6.704961353579115269e+01
3.382548840397801848e-02 -5.149273583761816298e+01
3.151400787364777578e-02 -2.084886488216083933e+01
3.141296269696038784e-02 -3.269089115677023472e+01
3.769592534683367802e-02 -2.525665135555559360e+01
3.177865937106480465e-02 -3.192466048696893566e+01
3.356717583556435153e-02 -5.388525067157321047e+01
3.152927598153885264e-02 -1.883690427336803452e+01
3.418392156261230996e-02 -6.161432979833207924e+01
3.195388672040123251e-02 -4.183608169651594721e+01
3.465992118037509312e-02 -4.160606240970889047e+01
3.474834978689770454e-02 -4.094568411908477401e+01
5.535431351974065550e-02 -6.895099229588917922e+01
5.541696290543304121e-02 -6.529943883638900104e+01
3.373164047226002993e-02 -6.006384837583601666e+01
3.251509259822450010e-02 -3.935974773887527789e+01
4.354553915194468716e-02 -4.219951164764214724e+01
5.489936885134155675e-02 -3.886012170001853150e+01
4.163821657997967413e-02 -3.558769566346719415e+01
3.567903716861463292e-02 -6.327998268496304490e+01
3.422812220026443669e-02 -6.204625270361476908e+01
3.132035355251486936e-02 -1.531063976031960294e+01
4.514279731543702906e-02 -6.666784310440581862e+01
5.344500918161518982e-02 -6.369735973407993868e+01
4.390807129240342083e-02 -6.474438279211717884e+01
3.294714803464363073e-02 -4.810399023954867204e+01
3.388955953592774628e-02 -3.010327383401299883e+01
5.882671673616568508e-02 -2.955885145644196399e+01
3.565218308391152752e-02 -6.518830045011769414e+01
7.400173284690238218e-02 -6.200472534957946635e+01
3.119400141463685508e-02 -3.403406039297490082e+01
3.145615202957623840e-02 -1.490480958316069859e+01
3.382264075507526724e-02 -5.551766307383260823e+01
3.330922032492796003e-02 -5.438319368112924934e+01
5.908828283190547398e-02 -6.579860836161508075e+01
3.393363340207754264e-02 -4.931389056387985903e+01
3.262873158714595795e-02 -4.437331517161261729e+01
3.261726637120111044e-02 -4.063352780081040549e+01
3.254272933242024352e-02 -2.749357679308847224e+01
3.492101987427872339e-02 -4.337318543055133091e+01
3.172137132339408749e-02 -3.810884236330252861e+01
3.939580121323007361e-02 -6.408607603559671873e+01
3.427826393752226447e-02 -6.228048200151047809e+01
4.291346456960350164e-02 -5.829716634282215182e+01
3.119015657490976923e-02 -1.567812142377209383e+01
3.118106126110288534e-02 -1.281171554093317866e+01
4.338991214308948047e-02 -6.778293209382765383e+01
4.450825101574779757e-02 -6.494657652438284856e+01
3.241363764730743890e-02 -4.726843748420334634e+01
3.376811589292023214e-02 -5.613484789641879757e+01
3.891301706003246624e-02 -6.518178362136910664e+01
4.687288474226521812e-02 -3.595407696221796101e+01
3.470069153692281749e-02 -6.467463935424919441e+01
5.582825972887349442e-02 -6.704845460000738910e+01
3.411778331037171319e-02 -6.272937296832358101e+01
3.265011723282183753e-02 -4.760629206107537215e+01
3.239608216502893462e-02 -4.703163993295252254e+01
5.802509648275420984e-02 -6.943703292896191215e+01
3.177006944633591068e-02 -4.019946476082935050e+01
5.758008402392367220e-02 -6.730066493329967159e+01
3.969509852246430603e-02 -6.805200170298617479e+01
4.660685277445737046e-02 -6.479054511144821049e+01
4.338138885919954474e-02 -6.867515287619114872e+01
3.401469071782504267e-02 -5.248462988164852305e+01
6.005280079331647841e-02 -6.972301390592606651e+01
5.795801982725781731e-02 -6.954274335477416003e+01
3.471946327794488835e-02 -6.505570813589501711e+01
3.472147753627888300e-02 -6.493955539109171582e+01
3.366157384179112311e-02 -5.653834422648247227e+01
3.262042537800265846e-02 -4.632784663245089263e+01
3.429515288914714716e-02 -6.366274955336371733e+01
3.225641361848228389e-02 -4.088381465502584433e+01
3.470111542825447815e-02 -6.508229345110598274e+01
3.387095753935794040e-02 -5.800786250054350290e+01
3.775729538306327876e-02 -1.480777287406002429e+01
3.402810656079449658e-02 -5.817980062111610096e+01
3.365067462180089397e-02 -4.955472946956421509e+01
3.252630723558087855e-02 -5.095175993689051097e+01
5.151454015939769399e-02 -6.157145905782533646e+01
5.809134355721130155e-02 -6.909658395614093251e+01
3.273198094025243921e-02 -4.787078956350113401e+01
3.398373021490148221e-02 -6.341554905740307646e+01
3.330383249199962703e-02 -5.444286523409714107e+01
3.210828429621898766e-02 -4.781667654300918002e+01
3.202485699918849321e-02 -2.059232862251731078e+01
4.065913194483643939e-02 -4.132819339964363081e+01
4.514279731543702906e-02 -6.864970354324741209e+01
3.471846379985721320e-02 -6.280581150064478635e+01
4.635508077471375832e-02 -6.890025330053659047e+01
4.393250318123944481e-02 -6.564750044025518605e+01
3.384813042928615928e-02 -6.410428864729625786e+01
3.476163712602470257e-02 -5.939855204971828329e+01
6.273997318529232758e-02 -6.403050813988144796e+01
3.234988701846683995e-02 -4.516898852365143568e+01
4.323390578751984403e-02 -6.910196141172778539e+01
3.233414213776591301e-02 -3.624281745390754850e+01
3.322029959870360927e-02 -5.560154995865594429e+01
3.471946327794488141e-02 -6.435926670647030789e+01
3.243987933035967497e-02 -3.782565044205863103e+01
3.146662081318683107e-02 -1.510685357544685914e+01
5.789614476834151202e-02 -6.871506134512549124e+01
3.118106126110288534e-02 -1.327846913849228905e+01
3.279910013097871169e-02 -5.023882847534229512e+01
3.259654460539403165e-02 -4.159938838399367711e+01
3.565218308391152752e-02 -6.195064789875868883e+01
3.139428287185001831e-02 -3.607763398040818004e+01
3.573282696794286006e-02 -4.639866247272832567e+01
3.119015657490976923e-02 -1.462558625599912254e+01
3.480663668061374089e-02 -6.494882404927139419e+01
6.391276023060077360e-02 -7.123008243692301278e+01
3.214508591698766321e-02 -3.745970234475192484e+01
3.119400141463685508e-02 -3.403406039297490082e+01
3.548938750893382288e-02 -5.254981011395581447e+01
3.577329590795433334e-02 -5.670132036312070767e+01
3.417138336910257451e-02 -6.108204870167542566e+01
3.292221479530414718e-02 -5.236531107520419681e+01
3.322029959870360233e-02 -5.766137047305083030e+01
3.297787552315718795e-02 -4.847619672567191174e+01
3.489525970373297259e-02 -6.521959059898733813e+01
5.720431250523214800e-02 -6.804558443418794411e+01
4.876059114367124747e-02 -4.009726537075353292e+01
3.488875561322131447e-02 -6.141487453331418322e+01
3.253773108852549972e-02 -4.066844694256979409e+01
3.122408516417363861e-02 -1.552806762013918629e+01
3.122226139410795576e-02 -2.004257196610537406e+01
3.312993969313245135e-02 -4.044689689738748939e+01
3.373483850889920366e-02 -5.031469897238128652e+01
3.320647485075212818e-02 -4.873481430483965227e+01
3.172137132339408749e-02 -3.810884236330252861e+01
3.125540751935812489e-02 -1.556235633843821375e+01
5.683913841279283202e-02 -6.908263543805244922e+01
3.420020221103124702e-02 -6.341099431165564226e+01
3.216519318111948217e-02 -4.591982836411574453e+01
3.321637859337395887e-02 -4.889430792671657144e+01
3.271121804911827219e-02 -4.946482853551860615e+01
3.482436583357926413e-02 -6.407816227794536701e+01
3.118106126110288534e-02 -1.327846913849228905e+01
4.450825101574776288e-02 -6.451138076508181030e+01
5.763954491522576412e-02 -6.870397587816495388e+01
3.136693602608537496e-02 -3.650259008479627454e+01
3.916719510822980199e-02 -3.761754449611223095e+01
5.852273324488620199e-02 -6.882343478199145181e+01
5.804865615155376662e-02 -6.918324637823781131e+01
3.217066122065272843e-02 -4.591513144473144337e+01
3.213224803976820476e-02 -4.453096463718701159e+01
3.414148819440623872e-02 -6.391152580661115934e+01
3.389761972675231494e-02 -5.891349712594154653e+01
3.240869186443531835e-02 -5.059679926354301216e+01
3.150478081806847713e-02 -1.300871442020444135e+01
3.547978147762362311e-02 -6.437841182729809475e+01
3.897604218651368885e-02 -4.422115836781788545e+01
3.263062706042992728e-02 -4.933395396039795600e+01
4.340316994968532183e-02 -6.561008037686876548e+01
3.139378866546509855e-02 -3.607820306153438139e+01
4.377753627791444030e-02 -6.750417805923747494e+01
5.426587674341294687e-02 -5.294919522768785214e+01
3.272065960941706458e-02 -4.995440401829026911e+01
6.594956832033863070e-02 -7.181531276182678880e+01
5.683913841279283202e-02 -6.908263543805244922e+01
3.118106126110288534e-02 -1.327846913849228905e+01
3.383713007629851610e-02 -6.260228460687635987e+01
6.009837027346722621e-02 -5.253424330174176049e+01
3.305442200016179416e-02 -5.093889234112577213e+01
3.353576382840194742e-02 -4.829178649556648395e+01
3.119400141463685508e-02 -3.403406039297490082e+01
3.620079931230253678e-02 -4.576374869191524652e+01
4.654047403526059140e-02 -5.052374634731067715e+01
5.382224307669435798e-02 -6.562862515045311795e+01
3.623037340740326712e-02 -6.478436410355696751e+01
3.679915028166207830e-02 -6.642740664702324693e+01
5.340915785424402845e-02 -6.656312963437777341e+01
3.118106126110288534e-02 -1.281171554093317866e+01
3.319745630093132172e-02 -5.747948121445882919e+01
3.969509852246429216e-02 -6.807273291480282751e+01
3.693242609216426664e-02 -3.868484279383447699e+01
3.164078284751965092e-02 -1.547688427963645275e+01
3.787777574506853012e-02 -6.540555819834787599e+01
3.301202312064394767e-02 -5.584169333419372094e+01
4.275280711641130105e-02 -2.913047328626247179e+01
3.509038041319501727e-02 -3.259347935146612230e+01
3.385123191530557685e-02 -5.874503740516135508e+01
3.490870334286190479e-02 -6.358765667621168660e+01
3.407626386677773539e-02 -5.958262329677567948e+01
4.059909303325569957e-02 -6.547683833499201000e+01
5.683913841279283202e-02 -6.919983199999565215e+01
5.955503681453969134e-02 -6.012807549359072823e+01
3.327820767621413739e-02 -5.426836104130059368e+01
3.302548306674132905e-02 -5.411789619425465503e+01
4.093003891519494258e-02 -5.626416346153168746e+01
5.324069786736436438e-02 -6.489090799204690541e+01
3.688559658732862290e-02 -4.798843271169789659e+01
3.408102068888549385e-02 -5.790033006075727684e+01
3.969509852246430603e-02 -6.805200170298617479e+01
3.342902048126857734e-02 -5.102686952241566587e+01
3.317370338861225232e-02 -4.295197161587293522e+01
3.225254844189830855e-02 -4.454552046707420487e+01
5.786830281971797052e-02 -6.876828094133381342e+01
5.510906773097728334e-02 -6.889402342668712720e+01
5.801994067751160139e-02 -6.944340310508192715e+01
3.123338773868337970e-02 -1.319995895417625320e+01
4.016776752730184807e-02 -6.052907592842229434e+01
3.135093991332955909e-02 -1.451209471710332544e+01
3.512614489560820369e-02 -6.276258668591232492e+01
3.472820526308525307e-02 -1.616463465017304202e+01
3.152475509688325295e-02 -1.427117506227939181e+01
4.483265674484113866e-02 -6.413838090754106247e+01
5.683913841279283202e-02 -6.910239316928473841e+01
3.259508938358458147e-02 -4.791075343473669790e+01
3.251827124890675075e-02 -4.763432797220310988e+01
3.122407992871291046e-02 -1.326011109222300277e+01
3.309543656578010223e-02 -5.017676808047313131e+01
3.149964090118895915e-02 -3.634505486254863627e+01
3.457313622852237894e-02 -4.679212409881974821e+01
3.638982815833749496e-02 -3.903521106473767333e+01
4.359491741550381577e-02 -6.214615399426282494e+01
3.383497635657670144e-02 -6.166091519795872955e+01
5.072599826182988547e-02 -6.849064653008994696e+01
3.615167832593670777e-02 -6.569359468271291291e+01
3.209142072654708883e-02 -1.767894857983023016e+01
3.146232522422640759e-02 -2.745802347381055952e+01
3.197788868181993677e-02 -4.592875212466963575e+01
3.299182342798510914e-02 -5.022211006382904230e+01
3.410871702322712529e-02 -6.361365249586532400e+01
3.216519318111948217e-02 -4.175717181823650037e+01
3.198883286078891414e-02 -1.638672259009965160e+01
3.455628159607486427e-02 -5.682236829888109497e+01
3.210501157253481397e-02 -4.671019509011783555e+01
3.971240347568295165e-02 -6.459192211507655657e+01
3.126061992955578295e-02 -2.587700364328084035e+01
4.323204518453196282e-02 -6.915673341939081809e+01
3.241038823541961961e-02 -5.157466943204633480e+01
5.775244898265247118e-02 -6.380832183533733115e+01
4.107997492256870720e-02 -6.739873519591075990e+01
3.381697444680515502e-02 -5.862191592213669367e+01
3.235485879304934170e-02 -4.491776117591594186e+01
3.409041332024582288e-02 -5.220044701352225047e+01
3.276118629564918339e-02 -5.173204486552165804e+01
3.340682811669221791e-02 -5.266949032740478742e+01
3.713034263241633132e-02 -6.744372443516289195e+01
3.787248030202605698e-02 -6.581902989177123686e+01
3.276130372756617948e-02 -5.173185924358421062e+01
3.589374403420388104e-02 -1.446798818811020304e+01
3.382662038987437059e-02 -6.065109906550523533e+01
3.261715738702644640e-02 -1.792597921333229749e+01
3.397258224105562108e-02 -1.292158055129294070e+01
3.502539170626229464e-02 -5.945035155914458613e+01
6.439398633001092165e-02 -7.150393358975901492e+01
3.494004204738433012e-02 -6.454249903931504662e+01
3.172741797221360904e-02 -2.252419100909227367e+01
5.682703597922416500e-02 -6.864506629514553993e+01
3.470050002586627658e-02 -6.508345317205247227e+01
5.808315102871224045e-02 -6.938805750797484961e+01
4.279105362768684251e-02 -1.756065754662129308e+01
4.216981936138351067e-02 -4.629145341799352309e+01
6.004340284993767152e-02 -6.987901330471743222e+01
5.803238973754656915e-02 -6.928294937581787849e+01
3.387647987494836477e-02 -6.023448146530191138e+01
3.328863942018933653e-02 -5.754256212077332577e+01
5.807806581084057340e-02 -5.066457259120839041e+01
3.428700325484611983e-02 -6.469013155185361086e+01
3.509893326389637580e-02 -6.156119278203961898e+01
6.134444985222882452e-02 -6.969834076201075845e+01
3.383906404023123704e-02 -5.878898888485770158e+01
3.274010498610224751e-02 -4.749697086151969927e+01
3.129039989028951224e-02 -1.824485192284020840e+01
3.243967171546521810e-02 -3.769517106735435874e+01
3.220764077461534675e-02 -4.775898121705522215e+01
3.122292368191981887e-02 -1.529192928042070498e+01
3.493211674828642505e-02 -6.578058711445430617e+01
3.285617088153607729e-02 -5.054059445118591753e+01
5.751491095165058021e-02 -6.937575345484003719e+01
3.202931831684550923e-02 -2.880884314151614944e+01
4.326077403888416162e-02 -6.308718294129219117e+01
4.104970466262281015e-02 -6.614350717648250111e+01
3.787777574506852318e-02 -6.537325372592609085e+01
4.640620967941026104e-02 -6.885527091643115227e+01
3.976882335206518432e-02 -6.800678871208599219e+01
3.868841685842865780e-02 -6.666815595425798335e+01
3.130421431375076530e-02 -1.814525901615738235e+01
3.277681996909425494e-02 -4.305230610781492118e+01
3.210764626040354952e-02 -4.719054576297823189e+01
3.151752428642148884e-02 -3.375964515661512877e+01
3.725812407176719993e-02 -6.379627403212722214e+01
3.204590205652777662e-02 -4.679150297489844235e+01
3.119015657490976229e-02 -1.594082007211872032e+01
5.683913841279283202e-02 -6.734188267032739361e+01
3.295675184156746790e-02 -5.569515383503784278e+01
3.118106126110288534e-02 -1.327846913849228905e+01
5.304020583769628039e-02 -6.827670096866525284e+01
6.007213878328745982e-02 -6.880188457304909377e+01
3.240797187828572956e-02 -5.159029836310483574e+01
3.342399539996311619e-02 -5.078487816722456927e+01
3.402568820640219233e-02 -6.612010895111977504e+01
6.389721249228846878e-02 -7.025482551848141100e+01
3.285547329535124655e-02 -5.255169977871563702e+01
3.197788868181993677e-02 -4.583017307776604099e+01
3.139870472149874220e-02 -2.974569734733697146e+01
3.208257973580200956e-02 -4.199399112088835295e+01
3.459702187063930234e-02 -6.258039206560166434e+01
3.470111542825447121e-02 -6.433595036211255547e+01
3.119037763717279199e-02 -1.623764068187287890e+01
4.963633209962521609e-02 -6.520842523949137615e+01
3.286259547651524532e-02 -5.117136084080824077e+01
3.399100391559417567e-02 -4.781038701865337970e+01
3.119383705083972336e-02 -1.612860738344623357e+01
3.242616644855622621e-02 -5.086453217104273961e+01
3.629030816071186771e-02 -6.654505113535752514e+01
4.717545051129791445e-02 -6.007324655055566609e+01
3.119074203670930273e-02 -2.511623311161119432e+01
3.383841526826273510e-02 -3.537460213639572260e+01
3.915285616542512476e-02 -6.659943122742616595e+01
5.041958348539780227e-02 -4.715467583976015931e+01
3.487356386983593570e-02 -6.521097850802442508e+01
3.119111455541610789e-02 -1.532494491733329056e+01
3.248815386694973301e-02 -5.142926395638775716e+01
3.620607664135480630e-02 -3.375271511021898618e+01
3.493211674828641811e-02 -6.529992197657769282e+01
3.322029959870360927e-02 -5.564295220356772376e+01
3.896877448874284944e-02 -6.337999916542135992e+01
3.183097943765250681e-02 -4.426876243191853888e+01
5.801966723436750850e-02 -6.867479718420619861e+01
4.058505920324066013e-02 -6.539292171921083252e+01
3.205166284794869896e-02 -1.556980849092916941e+01
3.327771464208157531e-02 -3.204388656932173518e+01
3.297617301814397689e-02 -4.986114226074570155e+01
4.323390578751984403e-02 -6.396848073692515868e+01
3.915531480384298185e-02 -6.703677028327156506e+01
3.628391165705525251e-02 -5.267037027893175605e+01
3.392287391503315958e-02 -3.248363802008078949e+01
3.180528760273303862e-02 -3.614155268569221846e+01
3.366179154511355492e-02 -5.672044486346488412e+01
3.217103113217677918e-02 -4.601503122324113804e+01
3.384179388788342846e-02 -6.369479330808992756e+01
3.119400141463685508e-02 -3.137112620784337480e+01
3.394432639371762483e-02 -6.337097612602120478e+01
3.130949262615505269e-02 -1.548975506728796248e+01
4.045157853684500787e-02 -6.787688572240179496e+01
3.195376119861655095e-02 -4.183598859512508739e+01
3.772817783091509530e-02 -4.935782069991576293e+01
3.160488767011897238e-02 -1.585798525121200520e+01
3.416558032482819307e-02 -2.637261507207088229e+01
3.597535235477956894e-02 -3.995116615060194931e+01
4.458561332378343373e-02 -6.984580726304412224e+01
5.739697352344736575e-02 -7.062211036606684900e+01
3.969509852246429216e-02 -6.807273291480282751e+01
3.403240694597675642e-02 -6.387412745485828225e+01
3.969361918115413279e-02 -6.896883543591508214e+01
3.381303195730758770e-02 -6.261555500254259243e+01
3.342051712581869255e-02 -5.766617298510885803e+01
3.256956083028196558e-02 -4.713708158282265259e+01
5.245215083704436732e-02 -7.130101767216496000e+01
3.910456784145367043e-02 -3.414050893235289408e+01
3.495745758692859334e-02 -3.554667734790805156e+01
3.247048746343444287e-02 -4.733660052955861630e+01
3.311592267713300841e-02 -5.567344275519361929e+01
3.500900310379972263e-02 -6.526993851485445930e+01
3.868841685842865780e-02 -6.868748903698974573e+01
3.328863942018933653e-02 -5.584577128182713324e+01
3.563922629904859446e-02 -4.941093983316775962e+01
3.425290832005809666e-02 -4.207056344466674602e+01
3.118510200928936368e-02 -1.335570496050195644e+01
3.297813006218682647e-02 -5.203248829709793455e+01
3.346907596067875967e-02 -5.924831559188024954e+01
3.350635247542155942e-02 -5.159631676802560207e+01
3.276604457131531561e-02 -5.351653360168941731e+01
3.220563133826395003e-02 -4.676929019590335912e+01
3.382281577174501425e-02 -6.373059578394592961e+01
3.308412669802388711e-02 -1.518580974386950011e+01
3.281537191249168928e-02 -5.295434427019343104e+01
3.381162547484930364e-02 -6.150936044834195826e+01
3.732623433307923067e-02 -1.767243869910857512e+01
3.383829245038003086e-02 -4.457060329070646532e+01
3.133289595229587360e-02 -1.674649930567325384e+01
3.362954917654826376e-02 -6.236754938094502165e+01
3.390188722321633291e-02 -1.673302716373238397e+01
3.119212242369137633e-02 -3.047618315968123781e+01
3.861837816866668660e-02 -6.639406782495812820e+01
3.118106126110288534e-02 -1.360336265070160700e+01
3.477762600840423463e-02 -6.614855188646403406e+01
3.628693522035072311e-02 -6.650749065906290980e+01
3.109473232651354530e-02 -1.314308104494009299e+01
3.283891770826991019e-02 -1.525296962595771255e+01
3.396303805376749835e-02 -6.308720558788717625e+01
5.673851100468982334e-02 -6.731766328325346649e+01
3.267409434078012015e-02 -5.230369236573339009e+01
3.771278543395820138e-02 -6.465146096141334908e+01
3.339310395567211126e-02 -6.072916348808188758e+01
3.444213406218085693e-02 -4.943209684306172136e+01
3.139121521831764183e-02 -3.747522362743582391e+01
4.760477287259797657e-02 -6.957432805158151723e+01
3.183799984217736828e-02 -4.425895233712350318e+01
5.801302727098546497e-02 -6.945194567562778332e+01
3.380725266072618501e-02 -5.880056771111311065e+01
6.397537986208094718e-02 -7.111330015578182895e+01
3.119125114274497873e-02 -1.596108898595226400e+01
3.297059576234037670e-02 -4.771218861473793282e+01
3.991948840186141517e-02 -6.766060270376219421e+01
3.436691170183089200e-02 -1.318500846054969955e+01
3.274678003517163261e-02 -5.430135414374679215e+01
3.485602333657814023e-02 -6.465572790780554158e+01
3.322029959870360233e-02 -5.597405270750389406e+01
3.240958310551441540e-02 -4.891697101377589973e+01
3.416376295590847767e-02 -6.310464833747534641e+01
6.388823909290815284e-02 -4.419418483919163521e+01
6.240569887165876156e-02 -7.142250914167769338e+01
5.712183687054070425e-02 -6.908528603805815749e+01
3.285718537341447004e-02 -5.439540202921418910e+01
3.135745147432847379e-02 -3.385592850745157278e+01
3.324554258294994818e-02 -5.560055243850106166e+01
4.665700065348424297e-02 -6.767866243944165205e+01
3.386290321488255595e-02 -6.284883328917469925e+01
3.279670784373019815e-02 -5.017732139167417671e+01
3.183658939013039174e-02 -4.625783757292641241e+01
3.709529841204168427e-02 -6.029454678755323727e+01
3.305015092058343623e-02 -5.799376843539565130e+01
5.711754987645015907e-02 -6.866782290187308035e+01
3.283088781741447248e-02 -4.947059220230205057e+01
3.118106126110288534e-02 -1.327846913849228905e+01
3.969509852246429216e-02 -6.807273291480282751e+01
3.629030816071188159e-02 -6.575191164433722690e+01
3.306702696073390152e-02 -5.805336930511320759e+01
3.399068290595853858e-02 -6.327992415805336179e+01
4.570297360206262982e-02 -6.302787509749833816e+01
5.550916686997899030e-02 -5.504788083956317024e+01
3.162773368398229951e-02 -4.005774638467232052e+01
3.123722592493534747e-02 -1.537443951275737497e+01
3.874552410376538858e-02 -4.942853202334700313e+01
5.438825711643508615e-02 -6.508156071645295526e+01
3.508236264631126727e-02 -1.445969474235136332e+01
4.215455524246920771e-02 -5.666244773781849631e+01
4.578279006918493238e-02 -6.992351522027405508e+01
4.704758733325790920e-02 -6.637928457855576880e+01
4.410946144912638450e-02 -5.811909919034375349e+01
3.834353437314406282e-02 -5.701914691102094679e+01
3.394112779790097595e-02 -6.238149345844037441e+01
4.635508077471376526e-02 -6.810062389767837487e+01
3.492672862963062952e-02 -6.531020766938860334e+01
3.209507229200918993e-02 -4.347359070109402523e+01
3.241257670764248477e-02 -5.096230325201962330e+01
3.149964090118894527e-02 -3.614562935855346382e+01
3.559663640152101877e-02 -5.773420710391593502e+01
3.219851312601149790e-02 -4.521373158721650753e+01
3.119037763717279199e-02 -2.738404565377178557e+01
3.383713007629851610e-02 -3.359466326209226139e+01
6.227228768613572024e-02 -7.166113753036091794e+01
3.173049444605881286e-02 -4.405914454482323350e+01
3.675155612776467851e-02 -6.641588532701381098e+01
3.633289341027470809e-02 -6.695494365759121536e+01
3.611209365103210805e-02 -6.798477296272945125e+01
6.926387313446286109e-02 -6.969460115832045233e+01
3.629844564051431383e-02 -6.078755823189536045e+01
3.362954917654826376e-02 -6.236754938094502165e+01
3.629030816071186771e-02 -6.375524043085161452e+01
3.118527012743042490e-02 -1.518106687608482908e+01
4.122986272117928203e-02 -6.879831133746033345e+01
3.141230062665827799e-02 -3.822620018306183454e+01
4.071792588614456948e-02 -6.116985073982647236e+01
5.166739102006855794e-02 -6.881458084517871043e+01
3.184305503062468540e-02 -4.024334870238828188e+01
3.300758586488661273e-02 -5.583379771487422261e+01
3.267409434078012015e-02 -5.270234801372493649e+01
3.161209425078977120e-02 -3.982528126093525600e+01
3.348475947962561289e-02 -5.741668800967401154e+01
3.119123835369133624e-02 -1.596109555093195453e+01
5.245217878625439006e-02 -7.130097664752810260e+01
3.482564424438031048e-02 -5.940868091323814326e+01
3.341899593344793695e-02 -4.478218899663239227e+01
4.339066097701685387e-02 -6.929402912317165431e+01
3.493211674828641811e-02 -6.575746582765792425e+01
3.250702047590973975e-02 -4.966847299329861443e+01
3.348947093769835681e-02 -3.383967281314112086e+01
3.119365888322980090e-02 -3.508661720556000319e+01
3.319869085302609019e-02 -5.328098698377430509e+01
3.273174295218599789e-02 -5.432809357868591604e+01
3.177915748640770810e-02 -1.286595166269038160e+01
3.382281577174501425e-02 -6.373059578394592961e+01
3.134493424966895703e-02 -1.599397139285639824e+01
3.138918615236205995e-02 -3.628010555023718808e+01
3.223765927236900419e-02 -4.373773967932428519e+01
3.119120251697497445e-02 -1.596111394694927377e+01
3.118106126110288187e-02 -1.210435943239828660e+01
3.210828429621899460e-02 -4.786200984590993102e+01
4.323207240146006991e-02 -6.910265477973199211e+01
3.118106126110288881e-02 -1.492384686975064767e+01
3.183025527292547563e-02 -1.304057635218428146e+01
4.668645817509040757e-02 -6.924698237278207102e+01
4.537639618478037790e-02 -5.631949916658979305e+01
6.606207957553282550e-02 -7.236815222260720759e+01
3.118106126110288534e-02 -1.327846913849228905e+01
3.400430673991734071e-02 -3.104594362498308868e+01
3.322554839813091077e-02 -2.669875823257324754e+01
3.292955607246705191e-02 -5.598205034374039712e+01
4.569017239017636456e-02 -3.988343181842392937e+01
3.677902619067469070e-02 -3.983708754142344333e+01
3.119400141463685508e-02 -3.123477302855338777e+01
3.298990963840412599e-02 -5.544434538974329740e+01
6.308173554332238697e-02 -7.005572200259102544e+01
3.997897008905085953e-02 -6.818100985453578744e+01
3.276604457131531561e-02 -5.440621590788046547e+01
3.679997651176045853e-02 -3.578331085874853557e+01
3.398204219104881268e-02 -6.347904013448247440e+01
3.207162879729377053e-02 -4.811023103829305825e+01
3.123388087253899104e-02 -3.429176583297549286e+01
3.275637204283856491e-02 -5.262945681232599782e+01
3.119400141463685508e-02 -3.403406039297490082e+01
3.287754212698561218e-02 -4.716435307214101158e+01
3.317037438275267230e-02 -4.862898377477863221e+01
3.118758032498806024e-02 -2.830498708725252754e+01
4.683499144099925043e-02 -3.934617728495222622e+01
3.291878245039179390e-02 -3.160711261229372226e+01
3.147417323845772691e-02 -2.086454065068779329e+01
4.323390578751984403e-02 -6.910196141172778539e+01
3.119400141463685508e-02 -3.137112620784337480e+01
5.629135689301990181e-02 -6.949689311157536054e+01
3.215872375381934739e-02 -4.685438535639725188e+01
5.128397607444047657e-02 -5.289423870299402353e+01
3.557337183262766767e-02 -6.048692234878312490e+01
3.316768467607607990e-02 -5.623068359146911632e+01
3.487780492348763889e-02 -6.547192202846866849e+01
3.350670959526479142e-02 -6.514821781318350702e+01
5.111981415948721463e-02 -7.117324559602802481e+01
4.633311720605780282e-02 -4.168395805642079921e+01
3.177418383723140671e-02 -3.962580544688402995e+01
3.211036827126507315e-02 -4.672046356044189253e+01
3.197788868181993677e-02 -4.592875212466963575e+01
3.969361918115413279e-02 -6.895722617258249443e+01
3.328156033152070842e-02 -5.705728746163475762e+01
3.466771087212089375e-02 -5.974573867039995179e+01
3.136017148175935382e-02 -3.713186536497641299e+01
3.961242032912591637e-02 -6.023665682281140477e+01
3.210828429621898766e-02 -4.817802929396044931e+01
3.915537652027731297e-02 -6.888055265174504882e+01
3.384794167401409398e-02 -6.238660197578683864e+01
3.544235107654250538e-02 -2.310846920928659642e+01
4.279721314162836243e-02 -3.568575933893361452e+01
3.438501765113499697e-02 -4.270497386620250779e+01
4.925376042443430774e-02 -6.982631241032535740e+01
3.211222426556591819e-02 -4.880334652372745552e+01
3.276288789385804062e-02 -5.412437715324383447e+01
