# $NEW GRAPH$

# $NEW TRACE 2D$
# $LEGEND$: $$
# $LABEL X$: $Objective (or constraint)$
# $LABEL Y$: $Objective (or constraint)$
# $BEGIN DATA$
0.1086105335909703	-7.520906252925666
0.1042074208744828	-1.3868057473223976
0.05036544609827672	-3.1972561921500517
0.03384798017536581	-13.199818498344257
0.07945182312174319	-1.0025285753080244
0.13073135446433956	-0.3275451825605216
0.0	-0.04703525579503054
0.3457183309960914	-1.4738134675059646
0.20158477305172928	-4.778703383359237
0.08302544373096674	-1.161877063551777
0.22884526153805768	-3.1706700970574047
0.032006757964342845	-1.4241060885350048
0.054278120827680555	-14.265313732259491
0.03385569448319684	-3.0968641284001692
0.07312979609608272	-5.857511293112303
0.4093482490470258	-1.2347303295935783
0.12354268149790976	-10.782246261536672
0.3130917829206155	-2.1365588317595026
0.10100710808545522	-21.140888893732352
0.04416318474288632	-14.134634577452273
0.2895713645467284	-3.6464304870480726
0.0	-4.897283903565537
0.03928855393011434	-16.71749520973897
0.2784920660492646	-0.26280533124131167
0.16751958659908012	-0.263683800210278
0.3385272148845132	-1.9427232565047505
0.101618177987951	-2.9158487718955564
0.3037557773526493	-0.4517321355324348
0.2757117479750782	-1.7815983007315574
0.05910294751617125	-16.83791489075635
0.06560298757967013	-6.624932170025475
0.07751201068332017	-4.150163672134625
0.31596989420973254	-0.16935715830732734
0.05009243679100614	-23.352768173419264
0.03930205467420861	-4.067189918507291
0.03859966511731772	-23.717382708929343
0.07408154648700492	-0.3714219610359735
0.0	-5.811326073193702
0.0	-10.671248976522278
0.0	-0.1502548950849395
0.37781018273323685	-1.7332662602712283
0.04222797434881066	-31.133779823632903
0.05061826497697648	-4.716165572008653
0.05463650258676969	-28.75261792823371
0.049663128735188355	-14.683252483839606
0.0865106890653214	-2.465880593698774
0.08360466330338745	-4.754006521678169
0.05362677349959412	-5.666546185889324
0.0	-8.244208168217009
0.13839153253898434	-4.615481844861832
0.0	-1.2435268780878073
0.0	-6.362731428589636
0.049627541689012185	-10.205638243536296
0.1329333095545164	-2.750549673086862
0.06869611567382963	-19.807556511139794
0.23377457832490453	-5.29406766172095
0.07170234995637811	-22.340492242206903
0.0974049954373495	-28.536178856734672
0.11362474624141491	-1.8187349331964284
0.06476761911688954	-19.308424131333794
0.12500062647125115	-1.712523611039809
0.09664993725613796	-6.864593383912526
0.034259718457891004	-0.7295573725169038
0.17670264989939197	-7.248257389831859
0.06688707101746456	-13.792211861364171
0.09943767402205488	-1.7815658096153264
0.13948927981752138	-3.8269646956676264
0.13728654218819025	-2.3350785385920254
0.09051877553216156	-32.83288382955364
0.1639949836963007	-8.031236464833228
0.054624830498274664	-1.389929201662363
0.0	-0.1927397317048899
0.0	-3.0690383547271884
0.26598699834978173	-1.676063702905649
0.14555979914464642	-0.6278329596577047
0.22759718555083783	-0.703671463975535
0.3558073430945523	-0.3413290790298145
0.3065652740091851	-4.528987331703766
0.30572783631450084	-0.4431875851443539
0.33992800211890445	-1.2503502067815062
0.2656424387197045	-0.6763548597565044
0.07821650049688204	-15.88907125789238
0.44075474961558286	-6.639252601584928e-05
0.0	-4.266151374914551
0.0	-12.855169682745299
0.06128088837536519	-3.7887524017366063
0.06837403632323849	-23.33158759140887
0.1056746935158317	-18.16352611800935
0.07340795231488474	-12.458034345641556
0.09883956036715881	-1.208998516992781
0.0	-0.8395571718738446
0.10692069086034617	-7.9996032418723875
0.0	-0.6951455087083296
0.048405433323954764	-2.2614109327724936
0.17511241909338815	-7.537798870532192
0.0	-0.06188059071733888
0.09427503028929361	-6.700872749963358
0.07956707046194866	-4.397376464528527
0.324206087484087	-0.38158836484433134
0.0	-0.27412809778510644
0.039461353000499785	-4.242371598961245
0.05024494593518924	-11.039285986889123
0.05463650258676969	-28.75261792823371
0.06560298757967013	-6.624932170025475
0.06443306224186933	-6.405798715395201
0.09766779157055605	-14.238294907613584
0.08487212358628363	-5.9890658075320475
0.3372592815074659	-1.5223775981317533
0.0867309786043941	-2.5535683411043717
0.08116983296876816	-12.797603091398358
0.14136479624067164	-3.273488723739129
0.10094378179533044	-24.9042484572266
0.10053909054688569	-45.08910201090727
0.050366878236650314	-1.4958539016007775
0.1307668682617515	-13.5383269194488
0.0	-0.49226957048751446
0.0865106890653214	-2.5856669746860197
0.2656424387197045	-0.6615925351116693
0.05335130756788054	-19.83392469452042
0.12497137969421285	-5.734916321043084
0.28594487827411924	-12.48475259660669
0.12808711610995874	-3.0510094401981758
0.041735365203548064	-31.50125688337856
0.08220897387808465	-4.762071910349019
0.04222797434881066	-39.32771010953972
0.0496275416890122	-10.675301288041634
0.23088880331646744	-3.277801622986
0.06640089321146733	-22.349559653340986
0.07828907365947582	-18.392467683070496
0.04216022432286111	-24.85925162252143
0.27645847091168213	-7.300820291355308
0.06458388036827446	-3.6942002247916905
0.05855163647122415	-18.65507042478709
0.10698101373582923	-1.3896148659927365
0.09199477265897689	-49.36058199446273
0.13571484244058765	-0.39372320143532913
0.07429288615083435	-2.56090448008588
0.03901319167292032	-16.61185891100115
0.03498188447290656	-26.63993665242589
0.0	-0.2593140216251719
0.37620781491691996	-1.6824561755426248
0.07831683548484629	-4.181508840652347
0.0749745094180531	-12.695729659423373
0.0	-4.338723053640347
0.14555979914464642	-11.414556462277456
0.0	-0.10915371436537478
0.10943222354263178	-16.21994963415823
0.05137847978903982	-1.1875468601921981
0.08374006449350904	-1.1579414378300144
0.08926895879792615	-2.1611007523172954
0.06591150407762371	-21.432786699754303
0.06612591316977007	-3.499154789676817
0.031327498622714084	-6.408867241318243
0.10445341044108618	-0.8099427742492246
0.06560298757967013	-6.738777787020241
0.1639991254694964	-7.935113664995727
0.05060613963187125	-4.717466733607543
0.0647752151508468	-17.792833705343675
0.0	-6.470767938479054
0.23872193561253577	-3.4455893420790957
0.0417800668718616	-1.4886459785075454
0.053626773499594126	-5.714934876913775
0.038255789459604644	-2.8858773275429237
0.050022081859954985	-23.385948362071414
0.052798123712445744	-1.3897439115800347
0.30572783631450084	-0.4447540484701598
0.1351334378869564	-9.688855611063737
0.10310009788980393	-7.005218182435034
0.03930205467420862	-24.421657958732997
0.0	-1.0028965335766156
0.05910294751617125	-17.160258256213538
0.09051877553216156	-32.83288382955364
0.1086105335909703	-7.520906252925666
0.17690288673807011	-2.6831284151295285
0.043968952357497336	-15.491085851848265
0.3147165887968365	-4.03817091845901
0.08302544373096674	-1.150722449364097
0.07111447464619254	-22.430704589382923
0.04588228428518134	-10.535393483360314
0.08444026261225135	-4.721185189357032
0.13375597273067458	-14.007726689986576
0.04815132056961924	-1.3584587404420383
0.05256571914501853	-4.586121549237896
0.051109169383589906	-1.0634304265140186
0.05010814430730142	-27.50058801809898
0.04917810887300172	-18.099794353748926
0.10166389191692209	-2.932914074760825
0.03408933658244584	-3.0505774969107327
0.0397787770933044	-16.279916364872754
0.10626117166234947	-17.476590318371457
0.06851232778495565	-19.860853042686905
0.1086105335909703	-7.520906252925666
0.08639528286924808	-4.442560610467233
0.056342029948218755	-10.173253293986884
0.05638660238680259	-23.07879115236109
0.16403043482361968	-7.284614008805359
0.03832844049499749	-23.885855469629693
0.0738036233984989	-12.390574226163398
0.0	-0.13263634028223392
0.0947040892665759	-10.396914468913051
0.05010814430730142	-27.50058801809898
0.0947040892665759	-10.396914468913051
0.04426167217997446	-11.302549123435913
0.04785877524365132	-27.80543458080168
0.03597635093995466	-0.7170340421889541
0.054217667108916116	-28.728181556323566
0.03963482468923605	-16.217806572739434
0.04983402095051432	-23.166767032096864
0.09654707813938526	-43.40501838004466
0.05664450930737682	-43.17280085616882
0.07380811583383011	-3.1040132512315934
0.07810931530712513	-21.616133644038058
0.04173150093262853	-14.43643668010395
0.036060106453720896	-1.5570319662354801
0.04815132056961924	-0.5470300038604997
0.06571356509045015	-30.603158624758958
0.040256459703436845	-17.33859804100938
0.043289176151730585	-18.046615430409346
0.07177206014379527	-5.858740094159041
0.09124171090591908	-7.786931281405618
0.05008768705863069	-9.880277434293692
0.07547258793782928	-24.3470540422592
0.03603764339151553	-18.090774551259443
0.04146405458466152	-16.439536585282937
0.09049814375492275	-12.106414024571377
0.03928855393011434	-20.14682725066928
0.08055004367150087	-23.323800710668735
0.07397243113401233	-10.764082383544514
0.06654262471377213	-19.210441320483014
0.04218042647562028	-31.16887539397655
0.07463367697344064	-5.962738427773489
0.06932914406874799	-3.551902038904479
0.04962754168901219	-10.752528302285043
0.10649507902534373	-18.03012721183243
0.09026170540946622	-32.80297377525121
0.07340795231488471	-11.458228812198275
0.05024494593518924	-11.039285986889123
0.07459058504063147	-6.308876714259216
0.05902761857238076	-7.273405651784328
0.14513860778006865	-11.492616613873228
0.05868566099319487	-14.720372964969883
0.06836540438976944	-1.5627250754103614
0.04222797434881065	-32.149046018641826
0.05463650258676969	-27.84383275115608
0.10094378179533044	-24.940042767899
0.062203524420467775	-18.22972084990938
0.05931118501007991	-16.86792487494962
0.03127571621916447	-6.898970505224851
0.0520744426155073	-19.79934986799172
0.06351083294373923	-11.469306689641648
0.03387134384831206	-14.194478132552208
0.034259718457891004	-0.7295573725169038
0.043975264540915056	-41.239873522644004
0.05191751679036815	-7.781684275199587
0.044510352923694166	-9.911826192096083
0.07117795463173403	-22.432697143627486
0.05499061261168539	-25.183736280918456
0.038616127675330555	-13.188933356666332
0.045959539034062635	-20.771175949297863
0.07692086421388253	-3.143636156403809
0.07215013973292596	-5.9125404341158205
0.055082776907358195	-22.995092866984322
0.05598895635854618	-10.23742942991527
0.05302325921479628	-29.646320236795574
0.0421337756280448	-37.513031776313426
0.03650033556510372	-13.828465109691347
0.06060699248159009	-18.356759686319595
0.039214967035585614	-1.4997733757836882
0.061280888375365196	-3.0563406457255664
0.038598222781487036	-15.18174557671648
0.04803112064699292	-12.353491748852585
0.04719195846187568	-7.342656231710894
0.0890525418580534	-7.526888028972067
0.14425998594022002	-9.157573281391976
0.09205837273224575	-4.094432335005792
0.06866411134526297	-3.559777369952044
0.04973448729605706	-39.331789397899
0.07518988765479798	-8.243901551568495
0.09595968004421673	-20.58501428083733
0.04038008654845993	-2.734050591057564
0.03832844049499749	-23.885855469629693
0.05501099236979622	-29.721135479310547
0.050200317793053194	-15.695613078874805
0.04105505000188179	-10.934828410027668
0.05634151313258509	-4.365418003273202
0.18327167390184618	-2.0407117305218727
0.05622532620199453	-23.836873994880314
0.06353854314762762	-26.076254638120947
0.13273118524337904	-14.302310702011537
0.04183559372735659	-29.45644722429012
0.03896570321521633	-45.799432165184385
0.0483422311973983	-13.467891603547884
0.0454094113309886	-5.745413153249528
0.047386423502383326	-10.196604660348056
0.03864730959552119	-16.703033852493384
0.06690395231386766	-6.537043408419236
0.03901856823242198	-15.82902209152058
0.05185422184247046	-1.1055713617314205
0.03501245938522308	-12.966478905237361
0.038616127675330555	-13.188933356666332
0.034259718457891004	-0.7295573725169038
0.035976350939954646	-0.6001088985430647
0.09571734613814942	-27.294597426799896
0.19534859733785517	-14.635793667484647
0.049292388475426	-18.238261477435742
0.03467058588974125	-2.997367643855334
0.04053357818085245	-29.104154106693105
0.03832328568054141	-23.369528995312866
0.09769400896983525	-27.149708804425433
0.0707700753422548	-25.875131442039038
0.04125912166551228	-2.1934384869088834
0.055622140334533	-28.93730858663779
0.03659561063872334	-8.262973698514141
0.036229452537173544	-4.29747670153147
0.06617100970109342	-7.8381195191473765
0.09702397664088384	-8.882524044867926
0.038598222781487036	-15.18174557671648
0.05499061261168539	-25.183736280918456
0.04368360043799015	-19.497898245205512
0.0624852220996079	-23.344472562851596
0.041731500932628535	-14.422491015405122
0.09051877553216152	-32.60728043656527
0.03896570321521633	-45.799432165184385
0.03906649196840357	-16.663932439524814
0.13905736737328162	-10.872709784129116
0.07236867313912973	-5.354366186692361
0.06322081398274788	-24.957718930707326
0.05244439611331635	-32.274629587105
0.050906491296318086	-10.88367741731264
0.048797619947815396	-14.988007979886588
0.038255789459604644	-2.8858773275429237
0.05501099236979622	-29.721135479310547
0.03592826676716781	-18.119431977516044
0.049231118758090615	-8.34719042577527
0.06353854314762762	-25.87595574616876
0.0974049954373495	-28.710310802588634
0.03938730352829054	-29.091718107836957
0.04169263442197257	-9.578585982480263
0.03984393596832377	-13.984739578463463
0.03856791740090047	-20.952545984625555
0.03520802585624705	-11.414882727799018
0.03477717920299486	-15.78765910887913
0.03128611146009919	-11.985913913839173
0.09305862895204019	-22.35719609044202
0.03290576389862123	-25.532398677197417
0.05347454236477821	-18.941956246847557
0.0551646379019146	-33.575218418081725
0.041623957025553784	-25.890144889568134
0.050022081859954985	-23.385948362071414
0.09057236675360507	-50.01197829904344
0.04221923891886402	-38.141587080942536
0.03127923302377788	-5.814874328394617
0.04805116184645681	-4.933468732078804
0.09417777074665411	-0.5603932714446974
0.06834587101065781	-23.35779687880034
0.041036603116159594	-13.299110694601229
0.03065397488955659	-5.723722907259094
0.05071563722707992	-18.48629286412699
0.04528125677057843	-13.406739603213325
0.04890507341722865	-26.332284619231807
0.0918654868073637	-8.791797405453389
0.07985262358108251	-16.453456136113974
0.041328692237100395	-28.860698974809345
0.04969835903011479	-6.128740151708138
0.05456043224194921	-19.00422843242227
0.049426798270136074	-10.563304088407328
0.03634067355253547	-15.187229595848615
0.04941123465840495	-4.734970157410797
0.04201314225279478	-26.469075970952776
0.04215352956112464	-37.581290973349255
0.05141760685852782	-19.805257376507004
0.09071789370350675	-32.64560448210049
0.04192818226937123	-31.170627492953685
0.054692571546962825	-29.328021355640164
0.04216022432286109	-26.668798231087656
0.04057355075893588	-10.863582208443345
0.04682535231835548	-17.025030369604778
0.04714803941969561	-13.476954577963062
0.07184617325682141	-13.557003605605535
0.03443836145849273	-11.570774987767349
0.03977412004161884	-16.25621816870467
0.039589519066311064	-21.17280186916686
0.03459178966730446	-25.647039806583773
0.056656027837167354	-21.475807906841965
0.03506133651441871	-1.1809469058753985
0.09412645546398976	-26.84401656749633
0.04041659097680658	-4.1778880022885
0.044696104705219154	-7.429775583092331
0.07496781958604298	-29.716238093135033
0.03811297134872996	-22.66028404938214
0.044970991623366804	-16.530926162877815
0.04182184978450525	-24.964416000957073
0.03514012696989008	-17.67887078157023
0.04319217998866696	-11.482463717373129
0.0397787770933044	-16.80260857272961
0.04907840949529045	-23.08913995280852
0.04146405458466152	-16.439536585282937
0.0376741320052613	-28.363148856940416
0.06054773868806337	-36.58184181503437
0.0859136142180361	-30.04351143446482
0.0420282965687573	-26.45953190287457
0.038954530622901426	-46.99167913260094
0.032994639888241355	-26.8097949961899
0.08815552265800092	-30.890224588119715
0.03377321375293325	-3.2076418368215176
0.040407294275910256	-14.67639741311832
0.03896570321521633	-45.799432165184385
0.04201314225279478	-24.57481806209603
0.04320593914702686	-38.574781586559126
0.04810361791189932	-24.134881745012713
0.057584460212996506	-30.52785146104758
0.04079512432331619	-43.42252262170105
0.04155464306951188	-25.822252554814696
0.03522772588571035	-0.7549393498519599
0.06896522821528082	-28.674590396159417
0.038954794716889764	-13.902494247143368
0.08983580924424528	-32.86807439873968
0.03531211009103533	-13.32919712368799
0.06405518465677264	-22.366830636496076
0.04949953706653739	-26.88667721569625
0.07050614178164212	-35.969677280237235
0.05328156821701262	-45.39485497554222
0.042206837842954384	-26.97536288765404
0.0798475840175812	-39.448370182546725
0.04205151817511593	-32.36639976160093
0.03253565260382717	-25.9871177611975
0.038806478227580134	-17.91923605537847
0.032109821579972164	-5.504805135316894
0.036043618537231974	-47.673129832235226
0.03640551059410631	-11.65462203794118
0.03667613542337515	-43.06854717444835
0.04927470021985601	-15.888930397415454
0.05475590979024708	-42.74831626962243
0.03969842487130863	-20.885983758617407
0.04289516545417985	-44.30188079515395
0.03336851973357005	-21.26973658561474
0.03824867664278495	-22.64257938694588
0.05664450930737682	-43.17280085616882
0.04144663327548972	-43.360812398662425
0.04964712781289707	-17.592724123712237
0.05164202335527739	-43.84543022101829
0.0926590745612525	-16.01134100990458
0.03488336455301153	-24.302341566572295
0.05332967794499625	-29.54919488150431
0.04534234687409662	-21.29421675673205
0.04465586536025501	-25.806660543023447
0.0550109923697962	-29.675146514847402
0.09194210287626155	-36.230135249079716
0.040488425924009794	-39.164505328025555
0.04215352956112467	-37.48749465101341
0.03603351471042838	-6.161162992316544
0.09031068423181937	-3.966587913196182
0.03493057878324115	-18.815566366763477
0.043685631298809265	-37.26328587741306
0.05228765755951326	-32.38543199086064
0.0903475729113405	-50.13870243973422
0.04221754184389598	-35.84409180204564
0.036060106453720896	-1.5570319662354801
0.049517881343048194	-29.465958448861628
0.04331758635994745	-25.61113309102485
0.03924203093436641	-22.219096671956244
0.03844016799855838	-18.382653035453224
0.03832328568054141	-26.23741895056597
0.03379254449552045	-11.771898713921958
0.04216022432286109	-26.668798231087656
0.03363000410758134	-0.7643736620019833
0.04221818491388235	-35.860017742271474
0.037699831353145974	-21.86190094632868
0.038598222781487036	-14.732842577400758
0.050483658603385724	-26.299442385100235
0.03372315227751923	-22.87881554907111
0.0966143931976965	-44.88632229635088
0.06658725544008928	-31.834253385806562
0.04785877524365133	-27.6385225478885
0.04969770814379982	-0.720346114612467
0.043415207820872805	-14.227834173489239
0.03132639080023904	-4.742154787980711
0.03155886784406542	-18.50641008810525
0.04440646450522971	-35.86172494398066
0.03290576389862123	-25.532398677197417
0.03467058588974125	-2.997367643855334
0.031725204215423373	-24.012931778006504
0.042224418483929674	-40.6296757208742
0.07874063334653796	-38.0248843252832
0.058976779434398385	-23.396592781114222
0.0357674379192392	-17.6560270687461
0.036437820849341086	-18.277965613861017
0.03964891463091024	-16.63194960287502
0.03900046720277839	-15.87636873989607
0.04146405458466152	-16.439536585282937
0.05354035315497651	-29.35552220704212
0.039020887678995315	-16.959635799250407
0.038616127675330555	-12.979784196515856
0.03919018812286279	-40.919969765848236
0.06775202817841199	-26.03671899467204
0.03467247721155854	-17.088029090839356
0.0798475840175812	-39.448370182546725
0.04725106951530902	-44.49500736860479
0.03307075711035794	-26.902297560907744
0.036675706697193014	-18.073503802285853
0.038020312209391456	-20.570676376150274
0.04284333644692317	-16.602440537018065
0.0335608153903012	-21.14786430396929
0.03303382876908535	-24.780983724869806
0.03904266123147176	-40.53642100589473
0.04144663327548972	-45.862882895493236
0.060349829006780174	-25.232058041689175
0.04207316779547847	-18.39872141269442
0.031209322969972496	-9.042195456274642
0.033803738418480736	-27.78171260313983
0.03783929992265602	-22.187424073116652
0.09188841804479728	-15.12185757510538
0.04231840532171952	-3.8739617866568747
0.0416737081431368	-36.284674698109555
0.032023839062218326	-11.767127608811515
0.0400855660031284	-38.991744284022545
0.04159241126530758	-29.231975477220598
0.09481301054003353	-53.61889018011534
0.04377699290426249	-22.063089590436867
0.03377321375293325	-6.095578847884947
0.03379254449552045	-6.33230368498448
0.0319493875630013	-26.07041630763164
0.03144166665009189	-5.7848295128274305
0.04392843277157895	-41.250297268450865
0.03540958634108919	-15.594057325070704
0.03413016469386806	-11.364105065334872
0.038438089811959314	-27.94747633418244
0.03869270157033701	-21.380379045102902
0.032006757964342845	-1.357412519431537
0.03682897611682794	-15.726953252478458
0.03983865355036378	-20.17191409221457
0.03832328568054141	-26.23741895056597
0.03896570321521633	-45.799432165184385
0.041826387625175925	-29.46293066897863
0.041385460085662525	-32.24055537502485
0.03473184306070349	-5.4547279844341645
0.03856967922552292	-13.028921921693085
0.03670106766504368	-7.301942718394152
0.040878891338828056	-28.73837943902123
0.0404718860635789	-39.123698023317445
0.03311750368422131	-14.337688227423056
0.034654177012260236	-25.077032239651206
0.10253945521603423	-10.1963142339275
0.039233807616782516	-40.87447561586314
0.03387134384831206	-14.194478132552208
0.03182561018543744	-0.7898638973899949
0.047662025183032086	-16.182263932061527
0.07167318879140946	-8.42434433348711
0.21754872603408293	-20.65114623849866
0.045956192379500445	-45.393255684808466
0.04205151817511593	-32.36639976160093
0.08864351523059481	-17.594215102712496
0.03398623460471871	-24.063951024054365
0.03856225499708857	-43.85861933082494
0.03221807266218109	-4.833085983744545
0.0869476840922904	-9.200840222284377
0.039313471619030205	-11.426071129111932
0.04221923891886401	-37.63081017208655
0.03128611146009919	-11.985913913839173
0.04527567157721282	-1.5519539449388324
0.05709964335666322	-44.64534631720094
0.03531211009103533	-10.604959459232735
0.03127923302377787	-5.767555815129147
0.043976887356603586	-25.197555098422857
0.0344984345100392	-19.29251338417981
0.033842294063531654	-26.013837357778577
0.043981672081198527	-38.890833349621886
0.03290576389862122	-25.556721497119266
0.03805280577010871	-22.760526323159983
0.03438213343909204	-21.60923786646479
0.046090987072675546	-0.5115592262853809
0.03335086492872847	-0.7678034775049036
0.09042314243071503	-48.39680207192297
0.038647309595521206	-24.88197739994522
0.08089633158385123	-30.462519872195745
0.042334058738223775	-35.11168356922545
0.041729846301992515	-31.505423022397608
0.09576490494921448	-44.7324683067533
0.039066063867447647	-22.235935429919312
0.049821111513630695	-43.73657625866228
0.07792055493617897	-1.6733453206961857
0.03129539607098899	-24.222301147264968
0.04770523564136839	-4.131579350867851
0.032768532706865104	-24.778087344002937
0.04210539199680467	-32.55086951411
0.038087349290818924	-45.64001184627633
0.03505214662695436	-12.836587326900256
0.04213953435151231	-39.55132680699532
0.03954370520906736	-21.129270427971047
0.03667613542337515	-43.06854717444835
0.03674895741340065	-2.950594259977284
0.04545957251827617	-35.75479471660821
0.034828801904503215	-15.78454352996609
0.03493057878324115	-18.815566366763477
0.035347841403370515	-0.6594563157287204
0.032199696682581505	-4.759564315949804
0.09664121418885573	-43.56014015649625
0.041618661578686	-21.889155573063366
0.03153444451338672	-9.668246515833392
0.03553111364547235	-29.61583014182139
0.0953239701495779	-42.51367131581917
0.039967934569397665	-44.825556129858704
0.08520607773533888	-51.12902214014229
0.03945572221498446	-46.46435978974554
0.038487258303446126	-27.9610208494016
0.07469561740403645	-16.245223882169434
0.19043664936357665	-1.6901056007552548
0.04289516545417985	-42.878270117575894
0.04144663327548971	-43.97304991873046
0.036043618537231974	-47.67278933138665
0.03253565260382717	-25.987302851799438
0.03303382876908535	-25.144834571969124
0.042200228666175864	-39.3535671973313
0.038076569683320245	-50.00084014752152
0.10035413704383303	-41.749621312656544
0.060375344324210746	-41.87711211499365
0.07557490226348991	-36.110430968525364
0.046983747459946865	-44.70890151181268
0.03910806241936764	-45.6122400565393
0.038323285680541413	-26.391170213512137
0.09481301054003353	-47.401289824855134
0.03805280577010871	-20.788865426896642
0.04131775396752327	-44.891633884022696
0.03202383906221832	-14.848442393844039
0.0316886571210053	-12.589050778235453
0.05311500701456114	-50.088002415754715
0.03311750368422131	-14.337688227423056
0.038087349290818924	-45.64001184627633
0.036043618537231974	-47.673129832235226
0.08783501313430458	-48.1433231444826
0.03924472225256381	-25.930443668191536
0.09679100338879613	-43.6507743402079
0.03640716309075628	-43.3170887094107
0.09481301054003356	-53.627914473540855
0.03568770036177511	-43.387581125082725
0.032159878750400876	-25.81577588090415
0.03593563189012059	-45.313525074140145
0.046193598806118646	-41.453932910563104
0.07854007613409973	-5.340858112194845
0.09850599667374604	-51.776037756254205
0.08259364598728498	-25.461297908955352
0.03896570321521633	-45.799432165184385
0.03065397488955659	-5.723722907259094
0.04392843277157895	-35.9322684708123
0.09036202013068624	-49.92623611748939
0.03614183476621081	-43.10602121084416
0.09198247947772904	-51.72087240687052
0.032845384571405595	-26.720710760994365
0.036608017618029794	-4.982271079214391
0.043928432771578964	-41.16178646902014
0.0335608153903012	-21.14786430396929
0.03214848138008337	-6.033910046908461
0.030475233132555683	-4.536722854367852
0.03896570321521633	-45.799432165184385
0.031327498622714084	-6.408867241318243
0.08622998712816164	-50.89157532930268
0.03341253072050268	-0.7523433725559346
0.04605565439516953	-46.56934430628162
0.040556817046929726	-47.44363166887691
0.09813365408129679	-48.519179387401756
0.04382341791407474	-41.52484358830252
0.08747398285839958	-57.93409456654847
0.0525290293585608	-36.70482624198883
0.05611206886603226	-43.470953121398445
0.04136424130507841	-43.30615230562293
0.09344053044822916	-6.09458395645294
0.051046019733789756	-32.106354280919724
0.037905914738623134	-48.29793332132939
0.032991966411594374	-24.06862920786635
0.044479331247206495	-30.93715095504589
0.045988415399247674	-21.451044962833326
0.032289411922060605	-27.308771231838794
0.040394429446814456	-45.174314019894595
0.03915058343228996	-40.4246785840907
0.031209322969972496	-9.248922643902157
0.038038961826227596	-50.889292933462734
0.040680628295729694	-32.49321235936059
0.04259045200889705	-33.569939836517705
0.09412716916026685	-36.695126838231445
0.04692093505524484	-24.54015294697238
0.08257589516549753	-12.841868284383805
0.04138055432407994	-41.69811615575462
0.05577438491026765	-49.127411068957194
0.04358907607937126	-41.57164191485543
0.03827723584275641	-28.983851389275127
0.03438258867299576	-22.74193294032581
0.048880078328527546	-26.85737007818127
0.03832844049499749	-23.925168928295133
0.04735668876772946	-30.35101371702781
0.043707633335223775	-41.70690056728694
0.032747427866761915	-25.485105081588166
0.03331520382303729	-29.70951264040989
0.04109690874547324	-22.158101267114432
0.03255164940695748	-25.974307991223622
0.03264306183810405	-6.13134165339196
0.0325554825587248	-7.217872163936438
0.03574009446969461	-36.15895327197662
0.03242118862868177	-26.079311711857077
0.03860346048221866	-43.81172647583245
0.03513001151873305	-44.263967926986716
0.03332726729375048	-28.096807407513268
0.036751579071404736	-45.35370562398974
0.0384052231217467	-43.528292827428956
0.045956192379500445	-49.308256122832375
0.0366935931700153	-23.30830741675495
0.03241961599609322	-15.993844157463839
0.036045430477295366	-40.59151095808672
0.03709504493580874	-49.502504111164995
0.08807602827806284	-39.258157385442885
0.03172520421542336	-24.012977271581715
0.03128611146009921	-11.985891210580814
0.03640716309075628	-43.3170887094107
0.05311500701456114	-50.088002415754715
0.0310161781743027	-9.26228256686312
0.03318966773578004	-14.48676858153719
0.038087349290818924	-45.64001184627633
0.032006757964342845	-1.4642469536032845
0.08573607166395888	-52.25529377951891
0.035347102910035	-24.90481420448078
0.042474355650553235	-47.51049162257506
0.08226632073909154	-49.58701529336863
0.03698111811426051	-45.41237043965051
0.04591604446974055	-46.49890021661833
0.03799682737925378	-1.6175444297313708
0.03527913804706491	-13.411361494062515
0.03945572221498446	-46.46435978974554
0.038957571545849536	-45.809004842429104
0.03830065610186311	-41.810513498561356
0.09233170367717261	-36.957875553857846
0.04144717449895723	-49.30688585164636
0.03517417940954731	-42.177759126036364
0.03478166237921548	-23.764978195286194
0.0903475729113405	-50.13737469769477
0.03507155898964135	-47.639743363601234
0.03581841223745462	-42.38881388615973
0.0341181190029066	-26.69708499478396
0.04370128208935997	-26.15177941779194
0.03610544592429767	-42.701490354244186
0.031509740652586986	-26.8355872826207
0.03289088668141313	-26.98302128276775
0.039170166362837336	-39.84368396142405
0.04020168770566643	-52.109184287897016
0.033914743122210926	-23.214982610935643
0.03193551615699858	-31.685586918254913
0.036696864130166075	-25.49937056896173
0.03290576389862123	-25.929739999514386
0.03119300226628536	-8.739826366785149
0.038139604775595144	-47.26828852463655
0.04045734395036012	-35.584279426326276
0.04008318209090665	-51.01906652702432
0.08853446588920814	-45.77305092408641
0.03667613542337515	-43.06854717444835
0.03361050169240551	-5.396925827916448
0.08770539437312504	-51.17010254339576
0.0323321354947468	-6.214004769042675
0.06924735247551941	-46.235903104161785
0.054671343954777726	-1.526633047138064
0.037673289585695886	-44.4944344764734
0.035234352120675216	-44.44460808293867
0.035999733529683414	-42.526193810143
0.033707851448496064	-28.682958308347565
0.03153741534337956	-9.279344804662115
0.031213039822507962	-9.272791746753686
0.05901081996580606	-23.6097245150363
0.046389306742637915	-27.608353197029004
0.03896570321521633	-45.799432165184385
0.032994639888241355	-26.8097949961899
0.03587622706934081	-47.6176801067601
0.0325193455718835	-26.00847064024338
0.03244263709626776	-25.445429343124278
0.04041251308187934	-46.915337859754985
0.03920284911204664	-48.297870929781816
0.03678104256306579	-43.09230960876657
0.036043618537231974	-47.67312705358187
0.036043618537231974	-47.67279211004
0.039101426336504715	-45.59939006111883
0.03498989029160087	-26.64698390987585
0.052602711956264064	-9.371263650402483
0.0400363110789929	-6.543530137744079
0.03160727312304951	-8.914389521559357
0.08646265200924899	-49.04713806016095
0.03695603360762541	-46.817893581220474
0.032535652603827174	-24.931810987959057
0.05397861691436083	-52.91112958344743
0.0361889951143633	-47.28081370647954
0.0869076169403991	-50.62992783295074
0.03304725995972545	-8.587389394634602
0.03688206681185005	-45.42382511545072
0.03153444451338672	-9.668246515833392
0.03303215114021989	-28.686598187287917
0.03891579856679295	-43.74854185922504
0.04017566492731464	-46.851169860487055
0.09056742961464366	-41.845737475106006
0.04043832625787966	-32.82680384124472
0.03315205233527589	-16.77265507418783
0.1439322066551565	-10.537272374749449
0.07223271468930023	-16.504063962296563
0.035234352120675216	-44.44460808293867
0.03523435212067521	-45.58645546324633
0.03178754676110849	-11.392882719042843
0.032441791491361116	-14.530141505171208
0.036774724009713586	-52.68484519250163
0.03195539074645972	-11.285492522933666
0.08862509258590451	-57.180183050580936
0.09481143568023492	-53.61772700939885
0.03154246079988299	-31.37272694154412
0.08603875831774885	-50.02114605962893
0.034292889587948905	-27.673898050236165
0.03257898592107734	-33.10219610241911
0.045956192379500445	-49.308256122832375
0.03065397488955659	-5.723722907259094
0.06386622355785389	-6.744475855204014
0.07144689054395048	-44.65242745203423
0.03721091584263598	-54.37342942238748
0.0943642962393049	-51.27989392308061
0.03592512064000455	-46.57155639579472
0.0312160737894451	-9.022374252148303
0.04073124767031832	-23.550288958938605
0.03440847176677619	-8.52845680597458
0.031558867844065426	-21.471396227344552
0.04878435188918395	-14.792240513514894
0.08690761694039911	-50.85534513394037
0.054799205135324096	-57.75421525014477
0.04215374721391101	-39.74983445340646
0.07996484141774911	-16.702709907026815
0.032785770980824254	-25.65071449974567
0.09801404202340575	-53.25858014443898
0.03614183476621081	-43.10602121084416
0.039369302621797574	-8.95243827997533
0.05967889851503984	-38.43014284081957
0.06753454501651271	-12.728022032944683
0.032159878750400876	-24.44338216356094
0.031123530153897887	-12.174879396170027
0.03384259856586186	-26.075052541248407
0.03202383906221832	-14.848442393844039
0.035585054017318804	-50.6349273488587
0.033476402449431404	-26.871199302599308
0.03593563189012059	-45.313525074140145
0.03580015712555713	-25.408318346673962
0.036043618537231974	-46.393742973185546
0.03202383906221832	-14.848442393844039
0.04202885683706437	-48.80512388675314
0.04052505733448367	-51.19485243146553
0.0356757553645122	-45.94944588897542
0.08640660215095844	-51.18532137513206
0.03539974580177072	-47.83088006192756
0.04816456627087987	-44.6485420395609
0.05390247170957175	-52.90345319112299
0.03253085359502506	-25.970993859902695
0.04155354955509094	-45.0111938684037
0.08711096438641204	-50.511552201524424
0.035181554285835394	-44.206785514328466
0.09481301054003353	-53.61889018011534
0.12250905766195096	-6.527514627064389
0.06898630587122234	-46.12174835555463
0.06929358797036816	-28.245920274818936
0.06945852507327425	-11.940803538380719
0.07044807983950437	-7.1455424654516735
0.10481076677398961	-31.722116840296607
0.03320202899987053	-29.838166472816503
0.03538672823708169	-48.17501131169758
0.08800806357622362	-51.504655718038485
0.033206747934310034	-27.938485748111518
0.03582930622917942	-43.457648336120826
0.08195538719555073	-48.62671241198716
0.05557700582446071	-49.109618430778355
0.05313169352660513	-50.089625944173484
0.04003732104389641	-51.33267778110257
0.03485893438843354	-47.451275961227
0.044844458847576714	-48.4088437711154
0.03244112348634834	-16.52958579990065
0.04160069070468859	-27.132862345109498
0.031192233111057364	-8.113570931228393
0.05311500701456114	-52.158705821322116
0.05850341483776578	-11.18327175007922
0.042243822642079855	-19.437382889403516
0.06820020713203986	-9.631350666806368
0.03587622706934081	-47.62016720092991
0.0325193455718835	-23.76902771372142
0.03291098633956026	-26.557337668936302
0.031315850822899796	-11.91438825792305
0.03247169548457884	-8.427333650545151
0.030480918028773507	-9.329606130280927
0.05079330078172378	-32.72123954362604
0.056565296223484975	-23.477623126758818
0.18301922360386036	-3.381185206194137
0.06808190254101071	-31.238535904884788
0.03331659991572289	-23.216223704597414
0.0321080528173449	-12.013724683455722
0.08829747999211274	-57.908202725828055
0.08403903829199384	-42.99987215878511
0.039801398438345376	-52.388371906875356
0.035530019086350846	-42.377945027056114
0.03938896923466719	-45.480281125702405
0.04142883103189007	-28.19279140087699
0.031112835595229295	-12.58697220254531
0.03118378757573543	-8.962273134765578
0.037017238353564505	-43.008268335740084
0.03523435212067521	-44.436627764745495
0.09386161175356177	-55.77340440354064
0.03473003340094389	-26.660615937658786
0.03721091584263598	-54.37342942238748
0.03773481173053328	-48.31471139091832
0.09343107906449094	-51.374062245135434
0.043066123793747704	-10.695072534104751
0.053878944299708756	-50.66360887906281
0.06939343852264054	-9.00475327319303
0.031389928249386585	-11.80677880977407
0.031317447937925826	-12.020754968829056
0.03244263709626776	-25.465033725558943
0.03150974065258699	-26.907011912761867
0.03577209785348186	-42.35552145104653
0.03332726729375048	-28.096807407513268
0.08691974313000697	-54.028969563498286
0.042393937894804654	-24.704512913961494
0.03587486977245913	-42.32187681496892
0.03121757230375069	-11.134356754762132
0.03490033752372662	-43.998000714316554
0.031279203968373324	-24.281590726719323
0.09485504689514943	-53.64996494938797
0.03249065119205434	-25.445338440430415
0.03624507585790348	-47.13241557429382
0.031920804537259775	-26.434028330612758
0.09276130925860032	-64.85387265884533
0.05648535178957735	-42.17747001542156
0.03939055941596072	-30.84496219195492
0.03562865797693732	-44.318608312217755
0.03106504996360469	-10.052036117072992
0.031839765018326284	-27.333474958978233
0.08534394655143035	-51.02198946488172
0.03485945763443752	-47.472901656079934
0.03312825161863572	-29.869833027665692
0.035317100440216326	-40.18088584890043
0.042630371732600064	-5.7419145142089345
0.052951935267568084	-7.446842714581393
0.08166982474028474	-10.183809121187288
0.031354448354885135	-11.367830667487755
0.04152787869911298	-35.605164541386415
0.03339120066195941	-17.78665229217135
0.09200452884464665	-57.308316051981244
0.053051219491793714	-47.01304338458148
0.031287332280404145	-10.743463394404248
0.030657937981253377	-5.728809079683221
0.031658695722923756	-31.652755667719006
0.032055436962870956	-32.70381177452433
0.035181554285835394	-46.084417473532454
0.03168469038400434	-25.2188199295564
0.03154246079988299	-31.37272694154412
0.03365829048522895	-30.458474484240245
0.031935516156998585	-29.796381526089373
0.03789899564311282	-54.599620339078754
0.03628896041166266	-47.31064016562986
0.031315850822899796	-11.91438825792305
0.05049096546748213	-4.948730341084221
0.03906564864211222	-8.488808464651889
0.03280555536889625	-32.1395798610198
0.031213039822507962	-9.272791746753686
0.04017763016599855	-49.315113190532834
0.03188962638052127	-30.676578816571936
0.05212723045467186	-47.915564015444076
0.03495769380549048	-44.33662202194519
0.030956851671506094	-8.7179736474089
0.03597104542627981	-45.34518409500483
0.08324495874158842	-8.901749917914207
0.053938179057994605	-28.249679905489206
0.0947848471122093	-53.635090477034424
0.03398155227697059	-26.4465771536294
0.09201494007821068	-57.83088831758013
0.04068982613355467	-43.481740528320465
0.035630506656075304	-48.73890198946246
0.055893082837151914	-50.28368688484002
0.03582930622917942	-45.413626147615545
0.08771729631515632	-52.12908213376184
0.033624333860602706	-30.27355606155819
0.03129539607098898	-25.824366116870358
0.0321608595785614	-26.526433092783122
0.03347866683779315	-18.64004312191983
0.0931803236744422	-52.5040208794194
0.03217352693931837	-23.453602148336596
0.034384023290053675	-47.44477496719533
0.07997540588549067	-51.90582713148234
0.03090544209614305	-21.92868728815656
0.03439258736530483	-47.35078470901584
0.03308197802814339	-27.172235903985932
0.03202383906221832	-14.785131987132651
0.030431631805285284	-8.75243358876962
0.03178671034782605	-11.937941478064083
0.031012481747863686	-9.266810716761773
0.05397861691436083	-52.89315447213808
0.039172737548548026	-46.1694776799927
0.08513522925867875	-55.61255157110181
0.05311500701456114	-52.2374997572472
0.05397861691436083	-52.832204676070184
0.03745228096351762	-55.31412467390777
0.03763580627617454	-47.58276623250084
0.03599563904562934	-48.75397819608281
0.03065397488955658	-5.825749549989467
0.03484009090220418	-46.98994107035338
0.08515758152165695	-55.67158730110767
0.033669116697469935	-31.91193217944753
0.03213305694722947	-25.188886884831405
0.03503727215059579	-43.85509168567112
0.04034032392970687	-57.50480169624576
0.05424769847824708	-47.09873675389081
0.031986857149611116	-32.64867961492614
0.034653763726178274	-42.06175983238509
0.03246056207936015	-31.642973260260955
0.058806130911215	-14.612788764101438
0.12635220871849193	-16.805548915447005
0.030640202787754235	-10.182833269965354
0.03592863866660186	-28.683372124047974
0.04003732104389641	-51.33037421143545
0.031112835595229295	-12.574584531970528
0.03990920159042503	-52.49108180400469
0.031133686178039372	-9.210355905489402
0.031195316712825126	-24.088571507159223
0.05158067637515294	-51.42545086389622
0.03186838935923033	-35.659251684821754
0.03443364926673119	-43.52828193727182
0.033474951838255114	-30.32287962865822
0.033397216463220726	-29.664118507516324
0.03613443371488108	-26.22413855424451
0.03447627146793057	-17.83241750752256
0.03512235202583212	-28.282837164600394
0.06184670533603965	-35.43943575420554
0.07219814714442743	-10.53561696037588
0.13604017189603843	-10.075339062808762
0.03365829048522894	-31.08796293789765
0.03715078435932013	-54.1444497173323
0.031012481747863686	-10.12434862611541
0.05397861691436083	-48.43261351183414
0.03734574072015691	-53.69233565825611
0.03181520619694795	-28.469956345384254
0.03154246079988299	-31.37272694154412
0.031839159615366076	-26.5264499049263
0.03480772685464641	-48.40297715692348
0.035589439123455635	-48.242948531418484
0.03165083980661311	-31.59861438407687
0.08754066190348299	-58.0246534446151
0.03154246079988299	-31.37272694154412
0.03168469038400434	-25.213708903077748
0.031246049780455597	-12.055302409854827
0.055600446980883365	-48.79457600011161
0.03587622706934081	-47.61804136771836
0.03721091584263598	-54.36255200818666
0.07173564971581733	-13.12887430254509
0.14807387867429567	-25.210078210031227
0.033362764147892354	-28.393200787022945
0.030480918028773507	-9.329606130280927
0.07165561133897767	-13.788184948251562
0.16406389043300756	-32.11946575090541
0.03224650597464112	-28.12898170510793
0.03048164885393379	-9.337386650698987
0.08783328411461107	-60.22898022114683
0.041251400201384555	-50.546871355556846
0.03445910567882552	-19.781563433581923
0.03106504996360469	-10.052036117072992
0.03193551615699858	-31.685586918254913
0.08513522925867875	-55.61255157110181
0.17441726773750238	-13.618149861301916
0.07126737787084104	-13.699277623783695
0.034849917278619795	-45.60064089765464
0.03121757230375069	-11.134356754762132
0.08797580192347072	-56.260616882252535
0.04343239550043581	-46.40132546923057
0.0399047628763213	-51.30157188918108
0.03144399794539546	-21.90860007350592
0.03507155898964135	-48.986249028391896
0.09201494007821068	-56.21210156169795
0.03697846915876523	-48.66670432573431
0.03155886784406541	-21.933487377998723
0.06935986288365002	-56.38051137364628
0.0589122151308621	-13.568410501055688
0.09357983413933453	-66.0627919318491
0.0374402186012365	-51.47225156951672
0.03212181435353044	-24.571947010739855
0.0359275162878468	-50.075263307599336
0.04524543901813627	-5.615444021664169
0.0	-27.35054969681123
0.08898617570368346	-58.382836137844315
0.0426856912003935	-25.651879826307866
0.08620698162778505	-58.45036669290851
0.03312760172858571	-29.86588533768121
0.038326560767409694	-49.8009816805033
0.033293878350744176	-23.688570568813144
0.038119784799681214	-57.32597838188484
0.0321429321925161	-23.290096350013904
0.03439752561981428	-45.150072790349746
0.030475233132555683	-4.536722854367852
0.08757727547621123	-53.69828061625729
0.031573925605773205	-21.46114458705314
0.03850126804348303	-55.306270712574275
0.03171349730942263	-21.36656362523656
0.07389783445114663	-14.265000603123642
0.158988962459057	-17.553531954625704
0.030912674577118396	-8.033424509333836
0.03705245498518619	-49.941594042649214
0.0850274809559132	-55.61296640794688
0.039645921224519334	-58.734766619381475
0.08510965265249668	-58.1389523127367
0.09173866568489684	-56.4810364998968
0.0340583449409348	-47.33683636417025
0.031709633214555076	-22.052398226027314
0.0348109248103809	-47.410785227236325
0.03278369401291074	-32.51891581161252
0.083223860810164	-54.74792654853065
0.031769305558695525	-20.690907254713128
0.03269289669900636	-6.318486330372432
0.03704070214463704	-18.368406358520296
0.03297357788332604	-30.77690742338111
0.03587133445032699	-43.098643875579256
0.03614494440170315	-53.44545009210285
0.032930341304082934	-24.760983940887783
0.042872174185289755	-44.91862991813692
0.03324156435763364	-32.931693388572896
0.03581321302380347	-48.53471077810621
0.03419446493088274	-32.17030413252341
0.030251397626940957	-9.389896973445586
0.08587243802199122	-57.40238916380234
0.03195427734567075	-31.920155586857234
0.03439817193296391	-43.373215566482884
0.035529608864581494	-48.46797105878627
0.04270005740286107	-8.675609260667112
0.036774724009713586	-52.635442762629324
0.03181520619694796	-25.601360785602935
0.06393532209380409	-11.518892327684393
0.072775334514739	-29.69657210814329
0.08217785544562571	-55.12247934852466
0.032192115049647155	-31.14066552331246
0.031925090445785856	-35.53567042334602
0.032415271274972436	-31.528265009735502
0.035585054017318804	-51.59353879210706
0.03789899564311282	-52.78251846053758
0.0317905853586351	-28.245030965958986
0.03392095175703227	-11.776597419384208
0.03868839852182558	-12.865915143746316
0.0313898557291852	-13.007770754857335
0.08771592523560046	-65.68419782869987
0.09407131909219987	-58.48825105729542
0.03199257648037006	-31.376132407687233
0.037058135023389144	-53.6117235389566
0.031112835595229295	-12.58697220254531
0.038116155939402915	-57.32819048616311
0.03192127839660725	-32.51848822337103
0.1799092573601187	-5.364915265001456
0.0660571414288983	-45.50133876408251
0.03560467488313121	-48.60574685676744
0.05196918703621456	-35.77192560824873
0.0344017243347877	-10.830052807800627
0.04151690103541168	-41.498338048305655
0.035861430023158884	-42.069775607065836
0.07900515231047046	-30.224243461034074
0.07298138004804183	-7.0935301703185205
0.16736534445568166	-12.36720171543916
0.03654753666451294	-52.05484344401989
0.03284270577607441	-23.329653751289808
0.031667201296571044	-31.145599247508855
0.0310161781743027	-9.26228256686312
0.03949961751890612	-52.839362039611146
0.03663766053703397	-52.11201408274078
0.03182222071917566	-32.007385834091764
0.03507767473237101	-49.016136798472566
0.08675070299098411	-53.61390138096282
0.039909867988087974	-52.5892883423877
0.03664277005653351	-50.536063276485145
0.03280555536889625	-32.139468801612004
0.032220189866087996	-32.41177449856127
0.031195103167597514	-24.088736530257215
0.03591510345252167	-47.845337932632695
0.038150063665557406	-47.85618815670716
0.03106247505338951	-15.344615482188827
0.03171130404545473	-17.253267402217816
0.037452280963517624	-58.140796512086716
0.030475233132555683	-4.529769070591585
0.033250545705670674	-27.481559597083457
0.03562121271795963	-47.58142879719996
0.03691910947185899	-56.39716156029083
0.040123310013917626	-55.65112513794372
0.03641846017209224	-54.786856926724646
0.04829545458393568	-23.46284966317352
0.035592728129711905	-54.2512889771472
0.08206732459249093	-39.153759561379545
0.03592024976857895	-52.05401027698543
0.08402224433771861	-52.639621844954156
0.03125961168672159	-24.29681655565104
0.043582219886855	-9.448484231039888
0.056793597961274755	-14.719924659421856
0.16380765430199382	-16.839227935941828
0.036340867152870285	-24.272588868394237
0.031924368440822984	-30.074750257819172
0.030480918028773507	-9.704860513705164
0.04002712487272824	-23.567368507632672
0.048319696592732185	-48.658056657199026
0.08120694523664018	-34.802602211276344
0.031986857149611116	-32.64867961492614
0.049126629788393814	-9.722378589457197
0.14708832235520786	-5.367800774751048
0.07108765013062329	-46.88665112913651
0.032430161844932054	-30.463188217851105
0.03526202720609023	-48.28144988596441
0.037944049140103214	-54.17805650672377
0.0319382581348862	-35.51789520460125
0.035529608864581494	-48.46797105878627
0.031162346580015658	-9.00852669210722
0.03922783590637081	-50.578993933569926
0.034807761800188936	-46.58603651929917
0.037011825254576795	-56.089723389028705
0.03582614029688875	-49.62684413168799
0.06708568911102711	-16.370961163817846
0.05594354246291829	-34.08022563619696
0.05663490175925616	-61.94325083591748
0.037895818370106034	-51.48075710857736
0.03812116477734835	-55.364622183218955
0.039217026532709455	-49.870697112462416
0.03451991484545912	-45.0717293545064
0.032016661527396933	-23.74613595709376
0.036769333119175476	-54.172073215708096
0.030485643246813687	-9.724634417937935
0.032578985921077344	-33.47397291039364
0.031986857149611116	-31.585360494446743
0.03654753666451294	-52.123038401256736
0.03592024976857895	-52.05401027698543
0.03591215589816577	-52.065745785306255
0.030475233132555683	-4.536722854367852
0.05152179988149272	-8.54307545140991
0.04653995246206456	-12.359979906587796
0.03508297967177672	-48.9704200876344
0.03485167046678398	-47.75540927460512
0.031925090445785856	-35.53567042334602
0.04249737494847725	-8.371576031759197
0.03125961168672158	-29.31365965036945
0.03745228096351763	-45.83963094103646
0.03560527525376786	-48.604856836145274
0.036346422384612956	-54.692993187876056
0.031889626380521265	-30.579706598425403
0.031509740652587	-26.913485895723547
0.031676830133839234	-31.164500036442426
0.031112835595229295	-12.589981956414704
0.03609055369843432	-52.21561547313743
0.039332850878047915	-29.05303778965693
0.03879285290916969	-10.297493054898778
0.038046980453077923	-25.520865254110245
0.03573819925255655	-20.5812468921304
0.0310635964667639	-12.521329809112316
0.04179917188550722	-59.6765683749221
0.03592274701402407	-42.76601011457685
0.03065397488955658	-5.824799953462114
0.030480918028773507	-9.705451339864293
0.034797380103635686	-48.440656272166656
0.037212532386538766	-54.36018899660786
0.031509740652586986	-28.397830831044825
0.03620145084095268	-42.92268688378628
0.08459661111118219	-57.41823231547702
0.037318695927989136	-53.055996048430856
0.07368771252218734	-57.32767604569819
0.051129498144565806	-8.451563380731539
0.03588645097944211	-52.78586151891331
0.03305488320368911	-27.360029288967418
0.03767331476857242	-54.21203030996164
0.03877512526306443	-52.311748797657394
0.03618496985078147	-51.82357534896581
0.08985249506238453	-25.403759915573758
0.03502135087713931	-30.916344502063954
0.03810892816225524	-57.27209356354978
0.06348264515438973	-8.738975441261722
0.05588212348691058	-52.13652701916181
0.031488357244970046	-30.63240898733919
0.03754626300721828	-55.952183071988465
0.031925090445785856	-35.53567042334602
0.032366193019066944	-35.152276649020635
0.03605807334958975	-52.02949647984885
0.08747398285839957	-58.12786820561197
0.03507767473237101	-49.016136798472566
0.03507767473237101	-49.016136798472566
0.03174090194389114	-30.99638355009352
0.05407734144280689	-57.46409890424305
0.03165083980661311	-32.00832330678417
0.03136311161754594	-12.081677348593297
0.08285958780473959	-12.534340379269704
0.05060203719266066	-38.130554367006965
0.036234085254305146	-46.60336297004171
0.08200657044870836	-56.77708790583595
0.03182222071917566	-32.007385834091764
0.030640202787754235	-10.182833269965354
0.08352412032816313	-59.935028660967674
0.03572577210335934	-46.21196406465568
0.03257368652759203	-33.107592948866255
0.030891346377321237	-24.28708568983957
0.03201589991690351	-31.336870464020155
0.052131926922696664	-7.768131103459399
0.03557467876186813	-49.41451531921721
0.03780217635966314	-49.60772512555359
0.07423963941283468	-7.119929264944317
0.1625054700593327	-27.558805028055666
0.03218388050868481	-32.192073654696685
0.03591150265080946	-47.12683619893671
0.03710829704314469	-52.42743474229341
0.03507767473237101	-49.016136798472566
0.04148272947825805	-54.52049998007009
0.030763897768995834	-9.461358863460287
0.03161041220247552	-27.400654276209526
0.03770741479787388	-56.07213150267736
0.03154382185613782	-34.903007013183256
0.037423326408498984	-55.11242100769299
0.09275833212647852	-63.65058289926799
0.03193796508242824	-35.15171171515166
0.042338358716531146	-50.70461399557806
0.03125961168672158	-30.112298341674357
0.032352533451966446	-31.560640692689745
0.03193024310229704	-28.777706295543144
0.03570560806217475	-51.78068728628811
0.08303548449849774	-50.9005411991845
0.036447978546538605	-50.444674135114376
0.034497563008476	-47.671448518085064
0.03815600824499608	-57.33492070089407
0.09358803306479198	-66.01959796819675
0.03691795768422676	-56.29613721920065
0.03654789470298659	-54.667181081177084
0.03432564899375079	-47.580901796499916
0.031914028231720334	-33.64310146042921
0.030480918028773507	-9.704860513705164
0.07011354351902135	-10.286952538657893
0.0315769943503934	-31.772140051434143
0.034830712579590306	-47.27092040359099
0.0319382581348862	-34.758175068867146
0.03909683008070011	-46.30559654335631
0.03165083980661311	-31.59861438407687
0.030480918028773507	-9.704860513705164
0.04124676992531266	-54.39896571306302
0.03850661383074349	-57.6957222359726
0.052678031568861874	-58.4486274620271
0.08352412032816313	-59.935028660967674
0.03909460959599382	-56.55902771943343
0.035653734562470715	-47.394388045517296
0.036346422384612956	-54.692993187876056
0.04940875722623056	-28.290417134044052
0.07280436772711257	-10.779559428238555
0.1894193014914168	-29.47325752798786
0.038567235540065734	-58.996833556273494
0.03148802918540527	-30.64666779790403
0.03786705920300809	-58.183032329694385
0.03568987605756525	-49.15401498583263
0.0879009469097135	-11.490598736913993
0.2075908099439491	-22.666832298393814
0.053589374535016145	-44.8605002915011
0.03726538399620585	-55.2306436167842
0.03445167693576309	-44.89287483389442
0.03333000690304968	-35.55348706614195
0.03715078435932013	-54.1444497173323
0.031509740652586986	-28.417418441205967
0.03186838935923032	-33.40497280119204
0.03701182525457678	-55.15636363227756
0.0354904710512476	-36.785983054102736
0.031244469809426623	-24.139799333308687
0.034812704022647724	-42.726552005023365
0.03185742358659649	-35.69571440456346
0.03392052905712004	-44.55707402327247
0.031581294456615304	-26.160721027210506
0.03588645097944211	-52.78586151891331
0.031667201296571044	-31.145599247508855
0.031542957224006456	-11.053724337710378
0.08570601107887268	-55.31831838351767
0.036064557780646135	-52.1523178320897
0.032367429199096416	-34.18034164784898
0.031145529821978275	-15.372375102709544
0.036090430590789736	-53.3153084579555
0.03439793242404027	-45.70903394339281
0.03480735752563315	-46.58419014877603
0.035055048770259306	-49.047791799290906
0.031481155686767945	-30.63942013981488
0.03154246079988299	-31.37272694154412
0.04034032392970687	-57.50480169624576
0.0355275717875159	-51.785140069893075
0.08883527168243802	-38.455510110074044
0.03992216986464558	-54.88210616346251
0.030354316510269916	-9.636437484953536
0.056834260515565414	-62.824119179645564
0.03641210099145882	-55.10879416212531
0.035077674732370986	-48.55271128910375
0.03507767473237101	-44.671154619342026
0.03425640192234024	-47.53839985259303
0.031948957434032456	-31.78242686667168
0.037214162592567594	-56.79795361183696
0.0363086550628114	-50.156628995003715
0.03742029051037206	-58.1999369344394
0.08544549219090963	-54.70331537110461
0.031925090445785856	-35.53567042334602
0.03715078435932013	-54.1444497173323
0.0346300292927722	-29.989291185517793
0.03165083980661311	-31.59861438407687
0.030479015790039275	-11.868456400171153
0.037935306661386684	-44.86699978097648
0.03622375793615978	-48.90934893571236
0.03202496399906921	-31.14336519504034
0.03471049308070678	-49.098742242421636
0.0931877378812024	-65.96311236205443
0.03387558402060145	-46.66790678758117
0.031488357244970046	-30.478716967329486
0.0943549723651433	-66.44731128784612
0.036466166109537915	-55.373059715844484
0.030892778364064157	-21.83863720349127
0.031529853815246686	-28.52019819583866
0.03106247505338951	-15.556571020047352
0.03036212574908495	-10.170827825168558
0.03185652290241939	-35.720511731057606
0.03114542881250137	-24.21505413081499
0.03154280167436136	-31.374416754718272
0.03163305174964503	-23.78942991470454
0.044199450299009686	-49.81374402149812
0.09080743040269874	-65.71116477461909
0.031569850401222614	-29.816165128420423
0.03644108481154231	-55.249882391315445
0.05663490175925616	-61.94325083591748
0.03326561354002828	-39.28052862232952
0.03248851992748037	-36.0569596095197
0.03944662886221507	-58.80986307191871
0.03269617322569665	-33.67256187679869
0.04074868381297331	-52.83336132538868
0.039655589060589004	-58.72043883267344
0.03428471494721884	-47.64132035369125
0.031592572390811445	-30.440607176815718
0.03145365572948382	-31.21948287364231
0.03217311279593501	-33.61426961840658
0.03490428357342004	-49.25974120356878
0.03426502059013244	-32.14495207294249
0.036019622866822934	-53.16235620875932
0.08419068924286778	-54.44218853551937
0.03634642238461297	-54.131559089558685
0.087930408217428	-60.49504591498122
0.08527896884202689	-61.37481845868572
0.030331080727694706	-11.254865415313407
0.03508297967177672	-48.9704200876344
0.030480918028773507	-9.705451339864293
0.03081480636578388	-12.771137257519754
0.03551928356675982	-51.10072521023524
0.035803963297754066	-52.907430991090784
0.09378888017528146	-65.91540489756323
0.056834260515565414	-62.8196601908945
0.03613773432299906	-55.30429231045998
0.03154246079988298	-31.549534826436798
0.030354316510269916	-9.636437484953536
0.03439258736530483	-47.32706592624395
0.09357983413933453	-66.05793787661922
0.03740865042720073	-54.99385750759047
0.03577201225866285	-46.119081918814636
0.031195510015935696	-24.557250532888617
0.03588733643770699	-51.7600573472045
0.03547425748140021	-47.55052287834248
0.09432102436242472	-66.05815585906744
0.03152413070523866	-35.00173187766203
0.036706111466466025	-55.3463430032166
0.03593872870138504	-54.1596273904289
0.035069368782797185	-46.45969397082385
0.03588790680260784	-51.77425487792659
0.036053531961593985	-49.616750241433174
0.034853876484024125	-42.95946339502328
0.03227405825906232	-34.11394528237029
0.034497563008476	-47.671448518085064
0.030680540109828958	-10.16944275793356
0.031336912058245535	-30.00401008355605
0.03524492657581379	-46.81803536103904
0.0382435102261158	-54.57051702854759
0.09308264889327188	-64.5486235069707
0.0377738046121009	-50.946129667106945
0.03607029037754683	-53.34531354744712
0.030198498046590465	-9.351258784005445
0.036446581367301514	-53.794408879305976
0.22139802397051322	-11.515706181635036
0.07583159442182298	-14.093399335316187
0.031195316712825133	-27.55745842748015
0.034078017137686385	-32.24247628847324
0.034392587365304816	-47.377361920531584
0.056834260515565414	-62.789931949582794
0.03471510469077946	-47.85690975166528
0.03513627618046494	-48.93433409475364
0.031821494197581617	-28.15365342762408
0.0420924419638798	-53.76718386814952
0.031049403192065457	-24.31758902747835
0.03641210099145882	-55.10879416212531
0.03507767473237101	-46.524102447390554
0.03443766541253522	-44.65776332153627
0.03167191205184371	-33.20545397039585
0.057133681823344426	-58.61842456673477
0.03186838935923033	-34.51353020822997
0.03186838935923032	-33.40497280119204
0.09357983413933453	-66.0627919318491
0.10693741573952202	-11.908749479550416
0.07152015519978036	-48.541514790046165
0.03601754463596872	-57.399607604582144
0.03656540608539767	-47.43215187166192
0.09640076133878277	-67.01822225445738
0.03588645097944211	-52.78586151891331
0.03621437511041471	-58.627568188528926
0.03580211452148506	-46.41307409267977
0.030850772420224784	-26.030169573071934
0.03175226345823762	-32.26051215401533
0.03496969653095514	-48.45854556683041
0.03598461029174592	-57.15282733425572
0.03109055185151586	-12.864911622977278
0.03449756300847599	-47.44341021977536
0.037214162592567594	-56.79795361183696
0.03250677148340195	-35.55807387119221
0.03573993629257859	-42.03241811096824
0.03145520113185065	-29.816612155192356
0.03185742358659649	-35.69571440456346
0.03080217411739025	-11.744068114276727
0.03133691205824555	-31.211669155772686
0.03479029228062203	-46.55438719857146
0.03358897211112964	-42.157478046552384
0.09277600345562068	-64.84358749934594
0.034384023290053675	-47.70594571659842
0.05624909221789697	-19.65887830380563
0.03486093503531321	-48.762200817976726
0.03608041744943054	-54.99901569023653
0.03630989697606134	-57.525217157514604
0.031410396512907536	-25.33859298542749
0.03099369502387341	-26.39637473763813
0.09514545123025986	-54.6329961052912
0.036466166109537915	-55.31259088862426
0.09351200977358319	-65.03776991396946
0.03570560806217475	-51.78068728628811
0.031395653969910356	-27.658856469807688
0.0355275717875159	-48.3881488288491
0.030381573105024286	-9.57359975675353
0.03742029051037206	-58.1999369344394
0.037214162592567594	-55.21382726928514
0.04170472644986401	-60.561312463276664
0.09444709377531736	-61.283786612579725
0.036007366221693475	-54.66546116044242
0.031195316712825133	-27.55745842748015
0.03769511237053774	-56.92245780406201
0.09413333187150046	-58.77817321907992
0.031195173020853936	-24.557516022118474
0.039615914587241785	-6.495225828980944
0.043408685741621156	-45.827403859669076
0.03352633542304601	-11.786600419925827
0.03565235887514028	-46.36048006679166
0.03405958925649613	-27.68731862550064
0.03541686211658011	-41.81804056206544
0.031343739580237014	-29.14591534882713
0.05168601094126276	-43.06651050104243
0.030920252693266412	-20.711807683810495
0.09081240517438308	-65.85450365770235
0.03833393167226097	-59.04740314808514
0.036921057036505396	-57.547911521950184
0.03327192093749929	-39.29081991746232
0.0359454875410872	-58.757043158903606
0.05380689120269092	-37.384507034476876
0.03524388464798547	-47.561135929096395
0.035845827435106545	-51.09755139075357
0.04088917992571954	-57.29944883450409
0.08228412169448278	-32.4910596126153
0.03138204631424652	-23.973224279617202
0.03168045683496868	-27.302924093182117
0.030675471187431295	-12.727719200782932
0.057097337159245275	-62.93434338676915
0.0356311415810899	-55.56026513274858
0.0418089489513298	-59.66259904663145
0.03429441955321036	-48.38438995695358
0.030986656580384186	-28.919240845834874
0.03490884972868776	-48.271258876347225
0.03081480636578388	-12.771137257519754
0.056834260515565414	-62.818139108123084
0.0361865482442787	-54.19745651180282
0.038567235540065734	-58.996833556273494
0.03064858273235132	-12.392801324116894
0.036231589025742146	-52.31467177247122
0.035055048770259306	-49.047791799290906
0.03224371982835801	-27.924173419535215
0.031195510015935696	-24.557250532888617
0.031712536194147184	-36.35466364854215
0.03179022710567853	-35.19142886634645
0.03339763194760801	-31.698778365778658
0.03992438628480355	-52.5617665424951
0.037002127313799975	-49.339776774446236
0.03280975188974005	-26.875803008215193
0.04556396791405367	-41.82849978933298
0.034574654584335875	-49.252682756324496
0.03865181584124435	-55.85113274923672
0.03733393647528468	-58.023667703543516
0.056834260515565414	-62.8196601908945
0.05663490175925616	-61.94325083591748
0.044034017030508306	-38.97902211316097
0.031895773825471756	-12.923675906399772
0.03654041875053651	-57.991372914194166
0.09131627252327536	-60.97275858639811
0.03186838935923033	-35.659251818822945
0.03148802918540527	-30.64666768273995
0.03178027546286379	-29.585175290949916
0.037216152899166625	-51.65951000178594
0.09432765426596086	-66.44565394191387
0.09357983413933453	-66.0627919318491
0.031336912058245535	-30.00401008355605
0.031185325744164844	-27.485899716381216
0.03174331718818378	-36.31938216664746
0.03154382185613782	-34.903007013183256
0.034267958918269205	-48.421771317197944
0.04625438540891821	-10.452465237299009
0.03133328972429616	-30.147454360696052
0.03454515607380041	-47.4966320954605
0.03152413070523866	-35.00173187766203
0.0927583321264785	-64.61585788507108
0.03666987227335779	-58.410021002190746
0.03317494695197423	-23.637423800402168
0.037771354343324993	-47.87247248339745
0.03941448348902243	-58.12163957272683
0.03957359066128454	-56.72246539193722
0.03204108974203326	-31.115670798076142
0.035843336486428616	-52.846005132736934
0.03386066322873098	-48.24010654411373
0.03133604690307687	-27.88322307874615
0.07854113870735363	-63.82763296741748
0.045786627322320084	-14.507613399566594
0.05756494883883012	-49.7240041594403
0.032063824502650634	-30.54387383791871
0.09357983413933453	-66.0627919318491
0.03179022710567853	-35.191459226566806
0.030993695023873426	-25.78911651574006
0.03154382185613782	-34.903007013183256
0.030675471187431295	-12.727719200782932
0.03634298441779477	-55.79276355694054
0.05580421268971408	-58.20216691234904
0.03006313602347342	-7.120878211571548
0.035270700880656834	-52.5902021415959
0.07743851126735483	-30.14976657980495
0.051111461290618554	-19.63222516206914
0.03610978770836061	-58.40919285872925
0.08660840986779583	-33.90036517001328
0.09351200977358322	-65.03523153734267
0.09567702317138928	-66.18970342779781
0.032749569591861004	-26.946752127461018
0.09378671099137884	-62.79583422606118
0.031884399656165525	-30.30520865274793
0.030251397626940964	-7.923102916679194
0.034695256762823354	-49.026208945506106
0.031481155686767945	-30.04927315056933
0.03145365572948382	-31.21948287364231
0.09658035033498179	-66.94326239019678
0.05756928748445404	-62.46798358089991
0.09317210858886081	-66.02549885730251
0.09318094794457847	-64.88214946531384
0.09327223142246382	-64.3925626748395
0.031113456572886715	-29.15973394806539
0.0929235773321754	-63.472930103646775
0.09056190858202445	-65.49293002947599
0.0312345272641367	-29.64957522124263
0.03546496846207186	-51.76431334907449
0.03642983167781105	-30.256226775623116
0.032319397547644194	-27.8588761094192
0.035803963297754066	-52.88379029060828
0.03844973259818253	-54.866346885094316
0.035140011256932134	-33.91748963554062
0.05712241788896654	-63.04522800024087
0.03064858273235132	-12.392801324116894
0.03594714123486079	-57.505499815341395
0.031802274875072846	-35.1857305783947
0.034209204826661246	-48.51921728221486
0.03174203461891059	-9.87091929847967
0.08699333065503938	-64.20970040224623
0.03269883248224938	-35.08379750371958
0.0418151984378993	-56.88316117701809
0.09559713082436233	-59.100142478858494
0.05695920315439425	-61.36955836045286
0.03559352780621532	-52.400684194450456
0.04170472644986401	-60.561312463276664
0.030354316510269916	-9.636437484953536
0.04640345495704089	-51.292803290112325
0.09002526690855472	-55.09167857664584
0.030496751747561057	-13.270333790449852
0.03570560806217475	-46.34551943824918
0.03141176700702822	-33.21403977870135
0.0929996373779437	-65.48371314884041
0.07154553945774689	-64.39868853262325
0.062226715058854076	-11.111030492597742
0.03185652290241939	-35.720511731057606
0.03605264198741037	-44.534459364159204
0.030387028619165587	-11.776056444501663
0.03177146719960455	-27.060405631348726
0.09640076133878277	-67.01822225445738
0.030640202787754235	-9.957270455981043
0.03557467876186813	-49.601284061816266
0.03584815470763231	-52.22710206673813
0.032814080701320816	-34.83541604170851
0.030264400632287712	-9.900904282226431
0.03858310028283671	-59.001605764980944
0.035446138349411335	-51.414928543890916
0.03133765931688765	-30.95692415582119
0.056634087605160706	-61.944142429916425
0.031786511152457064	-31.480478677210364
0.030675471187431295	-12.727719200782932
0.041886740296880214	-61.48773626414399
0.09496595026593131	-64.62258877901166
0.03853086877085745	-59.10089650391021
0.041773362160376054	-60.70044431635213
0.03037426105471092	-9.352403076158817
0.034653353324209685	-48.95598209326908
0.050288853209671816	-26.549752249985733
0.03281039880760368	-7.727181170954803
0.08996499251875746	-66.73996257646948
0.031682410436077973	-34.75017230875723
0.031544148435605705	-29.14291905322064
0.032118497325981814	-34.36683131522183
0.09567702317138928	-61.47373256260662
0.030854351309938324	-25.60665820837691
0.03151259284303179	-35.01455800745046
0.030501046937330665	-11.85988364543898
0.07184569735745092	-64.56636688519207
0.07842938276408305	-63.91839035742211
0.034566444384855385	-49.2965853078926
0.03025139762694097	-7.6139584462259196
0.031425501352491156	-28.832476889690838
0.03144004016175195	-30.223633043296967
0.03601338247224676	-55.87927946297201
0.03466721330798832	-51.12305153375364
0.08771592523560044	-65.74084834164915
0.03665243704430406	-28.583747466468363
0.030387028619165587	-11.776056444501663
0.030264400632287712	-9.900904282226431
0.03694014409280261	-28.52612185946557
0.03243416290386585	-11.78364405246073
0.034064120054478765	-46.447559469411594
0.09645811688935439	-67.25747721583383
0.034512965665419976	-15.97447701129899
0.03202487249703287	-28.732659189474287
0.09332792567555494	-65.85709865170564
0.03157867518565965	-11.528742047875518
0.05886906692844519	-62.78560914663013
0.07751203230997483	-14.167768106529898
0.07923739789103944	-63.9628313830569
0.03567818282889751	-54.09372366417054
0.033860659947114985	-48.22659772887898
0.03133691525267462	-30.00935272685478
0.030986682995703674	-29.357026093144277
0.08758999424994021	-64.75924059140522
0.03028408779062733	-10.649251684683533
0.033374324542991815	-35.24910231570463
0.05621586415114919	-54.94687884590502
0.03154485879472824	-34.90534241236166
0.03150501401887744	-35.077098014576215
0.07738210583431111	-62.5011579861934
0.04536072647503717	-61.51459269236224
0.03543961274478351	-51.165872682036074
0.08041105296945224	-62.72604507979842
0.03064858273235132	-12.392801324116894
0.03703202988405615	-50.82337536842857
0.03173077140571954	-31.771151252345227
0.03643684869648396	-56.664119351110294
0.08631176243996956	-39.36767490756365
0.03420920482666126	-48.0541289644192
0.04179917188550722	-57.8574173203169
0.030993695023873412	-26.072170970428175
0.03125961168672159	-28.942261393401772
0.03128233878037631	-30.37108278241669
0.03082796339732866	-13.321544559524101
0.034695256762823354	-49.026208945506106
0.03325709565547775	-39.29059341447844
0.0418887541313479	-61.49832113741124
0.04179917188550722	-60.07836979294135
0.05466323632606477	-27.675241880938263
0.17446346621991232	-5.03355516069282
0.09313800791813738	-67.16505642104782
0.03462896488851535	-47.276788270811664
0.0321048214196911	-27.185983842567737
0.03482713689455026	-48.90337846046821
0.056365820897031516	-62.85083116524173
0.031287667152647004	-30.181029496613196
0.056657515588710565	-11.077169704436855
0.06871163298496052	-47.043452573023856
0.03099352703729744	-28.634608173304997
0.030251205895499282	-7.923153133447736
0.03099369502387341	-26.39637473763813
0.030255872008142348	-7.921931202313684
0.034388389058544425	-50.23374129445187
0.03126544610270122	-27.070424418154108
0.03700010140621085	-57.25129241455557
0.09470874511729854	-58.58530424597504
0.03420913532548086	-48.51217058245069
0.03196653308070753	-35.05724653813216
0.031105875215971218	-27.527188634383197
0.03583509749897403	-52.830848613825694
0.03145365572948382	-31.219269947362086
0.09357983413933453	-66.06113603552907
0.03144739009443716	-31.244362311073992
0.03154382185613782	-34.98574265921164
0.03458853039200377	-52.178255699885874
0.09357983413933452	-62.644583181723306
0.031191659171597823	-30.572468220405582
0.0319001439307772	-36.934231110021194
0.09056190858202445	-65.49293940132925
0.030368224370386377	-10.438141118036413
0.03427653044964472	-48.42993434349905
0.03638167701789353	-58.38173049841965
0.05675256087663615	-63.64766440435561
0.09527599178943977	-65.5273948338067
0.04197468347601259	-61.67553822090097
0.03189440816933427	-36.91564913698606
0.09287507577372611	-65.3516617874834
0.03516188830618409	-45.12145032372352
0.030239693366643103	-7.96847647317905
0.034558927554537204	-52.314771695285394
0.0359454875410872	-58.757043158903606
0.04156291097204499	-61.10722426181955
0.031859533044701176	-31.29282259635216
0.05474786469453697	-62.62328025000152
0.03168254078652947	-28.034224758980418
0.03852169963966609	-58.70069484200216
0.03827009077561853	-58.76426674942154
0.08997530733006001	-59.58035945004161
0.03635692355178899	-40.46783956934713
0.03917603544315165	-59.732828531663564
0.05558824793553012	-62.23844164838174
0.05922564627399948	-64.02709397802248
0.03541069598705737	-46.73198479759345
0.04749992365788831	-61.0008324803565
0.030354316510269916	-9.7588980118394
0.04441417135029258	-48.57152272126098
0.03496311704083415	-47.166759787130694
0.03323566884294865	-37.00129391108206
0.03476421092881804	-41.29711317992829
0.0568648035912902	-56.8457302690763
0.0875749991401374	-64.81150167244068
0.03833393167226097	-59.04740314808514
0.03144054461055816	-34.569098756581226
0.041234629143350916	-52.54620045815549
0.043515168122310266	-56.64054148416587
0.09607550024234533	-63.46743574858923
0.03559352780621531	-56.119948510665594
0.03589983480210068	-51.12952992179629
0.08690431702961662	-63.29097674603022
0.09328985467393708	-67.0900223772224
0.04440659016023711	-61.23080847401708
0.03405436124762893	-10.33400524224899
0.0959845778167167	-59.683907910438364
0.03603312378893156	-59.86459166060024
0.031241805783435557	-30.12946797951366
0.03036209432842258	-9.896304541617072
0.03051702873934286	-13.948935606666396
0.03358318184235449	-40.08628694897736
0.08711015542364556	-64.21768867732395
0.03884446815383679	-59.389071553845724
0.03417216115920823	-47.7223067989931
0.030850772420224784	-26.030169573071934
0.0359454875410872	-58.757043158903606
0.08771592523560044	-65.74084834164915
0.030887102947806378	-29.012535270656436
0.05671433605828278	-62.46389599048958
0.1634639528744366	-22.04429823934025
0.07532425920553075	-14.593561761896616
0.03141176700702822	-33.21403977870135
0.035897260679154996	-54.22220821547367
0.0312345272641367	-29.64957522124263
0.03036212574908495	-10.170827825168558
0.0783876486025718	-7.827780286804767
0.2123632497608382	-11.579177535404595
0.034454811433906905	-13.018711877064186
0.031899881741894516	-35.03147815206418
0.04148593232384372	-60.51894517091414
0.03154208331215465	-34.03152420762084
0.19699537744521806	-2.385124803851119
0.07317316501272852	-54.95487262677771
0.0318755303120516	-35.4813116988683
0.03117793774647556	-29.073384617705145
0.03838907562693739	-60.75766259414713
0.042155654417752646	-59.70363484838896
0.03466721330798832	-51.12305153375364
0.0322927873713773	-31.607683418242047
0.0588848397972677	-15.18352712502429
0.08655062586756748	-27.57679718469749
0.12183708561302348	-22.299831095183354
0.05260745137643149	-13.759790088154757
0.09094314311608805	-10.548672739997851
0.055286387945891545	-44.849287900633364
0.05765937273269625	-62.89245362990262
0.07088565140359875	-14.660073078036548
0.031113456572886715	-29.15973394806539
0.030793337816861964	-10.652116782039881
0.08669382035962467	-63.347008555063034
0.031003583385045715	-12.719075765599209
0.04071718379572654	-52.50607801052396
0.03111438362870159	-29.148861602480316
0.0959349939549217	-66.96984969456493
0.0477421086159954	-54.9319408965289
0.057120711238978515	-62.94395971863148
0.03189781451152501	-37.01439774874746
0.03160492650189203	-16.12488870913192
0.0312801314696489	-28.00093248216671
0.03946856826843869	-60.17431733809786
0.09633123979503021	-67.07465743397837
0.058033462316084854	-63.327386172534816
0.08173014288390623	-12.697190551552435
0.03167689971638596	-34.2736517136379
0.030434122207279524	-10.412925921509782
0.03594329084123272	-58.76063455929823
0.09364686411198594	-66.13034342653887
0.03323566884294866	-41.42712380999757
0.030331080727694703	-10.05208251523482
0.03358897211112964	-42.40465653860109
0.03326484870120585	-13.593830197360848
0.031512592843031775	-35.195208380040064
0.0322351664310446	-14.329556562484651
0.09176891529654242	-65.07234347347692
0.03133226160206507	-34.141798450258
0.03344744354676825	-10.837380985852864
0.035844250613148256	-44.32202382890053
0.03711872888839037	-58.484324154601026
0.055363234528067566	-33.66579696751114
0.05842184196635829	-15.177246781878052
0.08263187099053369	-53.22900744981249
0.0409477435316929	-61.823235168614275
0.07563322978903762	-52.01333276815754
0.08943010353767342	-64.52288776684749
0.03606802326049806	-58.43094704202234
0.03451404443832545	-49.67646205084303
0.0359454875410872	-58.757043158903606
0.059156900830735715	-52.44377499243794
0.03143462252650027	-25.18590251716175
0.03307712120338956	-38.407046355613254
0.033263469994148157	-39.78872410865131
0.036056383031346964	-59.86045847775669
0.03420913532548086	-48.48420743982078
0.03889615019257183	-56.718305725343306
0.08881189479927713	-65.60342184352942
0.08698102340168225	-64.17070418783918
0.03794493112570396	-60.38893690530836
0.03475590374593671	-52.74643909438422
0.0877083748047954	-65.72239504012526
0.04358467491938391	-62.32842222050086
0.036911606303123505	-57.422324712345365
0.03645609503710731	-53.16366881170397
0.032462077226772426	-29.89523761237356
0.03038702861916559	-13.102019723858282
0.09328985467393704	-58.565847135105024
0.03522259094797502	-53.48260388303917
0.06430503204535969	-62.613007773825615
0.05803346231608483	-60.9567383717378
0.08746797975271857	-64.89089213670177
0.109843066452466	-10.738143191373792
0.060582091256566856	-46.524888938458055
0.03141176700702822	-33.21403977870135
0.0909594099743493	-64.09493569124632
0.08290787186923886	-65.35701285857745
0.031325520733826495	-30.544870022968414
0.1755232204418753	-6.333666633763502
0.06940837980135017	-51.10795429248456
0.03185759303764706	-37.223167496073195
0.07177016123624633	-64.78011387653504
0.03837641053995589	-60.77772427626672
0.030479015790039275	-11.868456400171153
0.035298661875455495	-53.17411788034775
0.03608576164149925	-58.24918152091533
0.031095592319190554	-8.57449996607926
0.034783282277301625	-42.96248210687801
0.03313926888170514	-36.58309012660289
0.04189357511922533	-61.52366234425294
0.09277448199617909	-65.8627666126806
0.09307340931674905	-63.08894426216605
0.03155196982124967	-34.65627534765356
0.08771592523560044	-65.74084834164915
0.03755070769587108	-58.03255205648927
0.09589027564582633	-66.58947115443618
0.07154553945774689	-64.39868853262325
0.030848025518536434	-13.010792295798623
0.08779209988871654	-65.74925083068015
0.034644053295604924	-52.069059912603834
0.03315124530038168	-40.176267396173166
0.035964331079211334	-53.58812481603817
0.04032713673775467	-29.697455393175115
0.032990301755936514	-12.302071786860541
0.0359628712448898	-59.835270489040255
0.031049583375332528	-28.86056670266301
0.03474597874852293	-9.301895742858605
0.08732048810352662	-64.34923989186338
0.09430591260225864	-67.23658495191879
0.03031677079777492	-7.944844178213812
0.03538155932424269	-28.029562169303997
0.03262893993758855	-11.400271855657257
0.03805415837867591	-60.46796100802149
0.04189283946098975	-61.57385135442886
0.05821239380305835	-54.09858440822797
0.03871551075030258	-16.039633133386694
0.030930126862177068	-26.167666660994062
0.03386790747041926	-40.75968563555459
0.03594714123486079	-57.505499815341395
0.03832453219088543	-58.961304785833256
0.030580374003180637	-13.614309125598979
0.06661390393601527	-62.29335511253921
0.055459191524384235	-24.911848104456855
0.05336792962240876	-61.19085374814439
0.03171253619414717	-33.45009326054786
0.030184067003729397	-9.872873251367658
0.08854016263727466	-65.77987441888268
0.053678791785834644	-62.4434776453647
0.0718983561392153	-45.24390969828675
0.20569204201197738	-4.661166256552474
0.03151795057308907	-12.700945847522805
0.033591763319694865	-40.299447062343944
0.033151245300381695	-39.804765495001845
0.030644175208839528	-11.702547395149256
0.03049675174756107	-13.52265399939435
0.03140055330833745	-11.758008795951312
0.031039677713882673	-31.268435614769615
0.09336408178011842	-65.50025895958152
0.0341469003869306	-48.47173105313035
0.034524701227175714	-40.771694186924975
0.09279245410065738	-63.41150537529267
0.030293728597017466	-8.143561822450774
0.03498064334327859	-7.279320354426587
0.08770248993547232	-62.09662176653929
0.03649155159093847	-59.059962189428404
0.03168688270820661	-25.807469348457303
0.0337996982969115	-47.90296200129885
0.035956283367290114	-59.54102007716914
0.03315124530038168	-40.17736263360535
0.03307712120338956	-38.40599987842548
0.05611197159263125	-63.11193929661916
0.03563337676047704	-55.55677903897427
0.03458853039200377	-52.1807949146425
0.030561548498587516	-13.271427254852565
0.03547245163320812	-54.65532494487864
0.09450724046120004	-67.26630014347155
0.03325709565547775	-41.314411506306904
0.03133226160206508	-32.4414304407583
0.036045155841218784	-59.63543854500302
0.057632002993226204	-56.16220707237285
0.03237787125650182	-32.23393051923851
0.03086016836107525	-27.193709619136367
0.03106500310566644	-30.29100217653708
0.052604800829887284	-61.61809857545792
0.03597208012394191	-60.47962192166742
0.05034766037504837	-34.72979141269529
0.03475591192255059	-53.04161158138914
0.03458851517483536	-51.88798193761526
0.03521583468961263	-53.49641847278386
0.030387028619165587	-12.1295020163943
0.03185977661494817	-37.194635558740714
0.09120963286031375	-67.22573441627745
0.09306683168658231	-67.23466355445822
0.04206004066088375	-61.08115880484535
0.09083266014354989	-57.30157285986202
0.08222549573677955	-64.68135926759797
0.03238335785997103	-24.760752840926383
0.031373806845070004	-30.929563568061894
0.03160737211159563	-33.16201405490801
0.08946659589711362	-65.29439999825766
0.03409088581787501	-38.96348778037436
0.035589525902860485	-54.261131027124954
0.03605638303134698	-60.618107398912116
0.032163438859666944	-37.03859558285002
0.03949338335191262	-54.63771959459252
0.08864619876292049	-44.453293253043434
0.035298661875455495	-53.17411788034775
0.03133691205824555	-31.211669155772686
0.031004505001140794	-29.562005212249687
0.03522259094797502	-53.48260388303917
0.05957717849794186	-18.08283992683851
0.07972701054539189	-35.21720657255659
0.03398045141002172	-48.49907065466606
0.032963715866177745	-24.73643821064281
0.03815468936213739	-52.277424462755675
0.09109474016515363	-51.304319494446425
0.04104183064401083	-59.75393513139893
0.03086629465568327	-23.15584301705614
0.030703796449005057	-11.523689646069307
0.09335150936645661	-50.37610808791137
0.056365820897031516	-62.85083116524173
0.030264400632287712	-9.900904282226431
0.03132543275232229	-31.994153679187676
0.030892188907057798	-28.97659513205877
0.03420920482666125	-50.2342612921678
0.030850772420224788	-26.027876464385503
0.041810718226718134	-61.22757096491926
0.030368224370386377	-10.438141118036413
0.10950618723883647	-10.002987134077005
0.058006469349200604	-31.467183455471066
0.03455893205397028	-52.308352020120935
0.03133690740661602	-31.215384806211844
0.03423401987392786	-47.87534338296778
0.03420913532548086	-48.515506300167324
0.09313800791813738	-67.16505642104782
0.03475590374593671	-52.74643909438422
0.03540100846806685	-55.332410785195165
0.03125661006411292	-30.04728214402848
0.03480750514191094	-48.08952643878538
0.03120206335486295	-29.078900611043697
0.03064844238904591	-23.838314945262283
0.030799988050146696	-18.134917070811575
0.04056160657798988	-62.17737939716517
0.030665268862256196	-10.825246725445885
0.09468640425888107	-67.18242679213093
0.031808987145058774	-31.038672783697873
0.030995496721405384	-26.979636728094185
0.03360491960446615	-42.2486523582423
0.05243623395587585	-62.44516903107216
0.08872615869503112	-62.14130484913848
0.04342618433846582	-57.28121329276822
0.03372382513807502	-42.29375387819208
0.034209204826661246	-49.391876767078784
0.0871265670235169	-63.73950179814998
0.030799988050146696	-18.134917070811575
0.08994149577157831	-64.00661659462386
0.03386066322873098	-46.44823721656272
0.030387028619165587	-12.1295020163943
0.0369414550734025	-58.66825513305366
0.03176194633818946	-34.79511966236774
0.03562690727070178	-57.675029814478805
0.05803900073063764	-62.27038626549245
0.056740083748317	-63.66180281481176
0.09306683168658231	-67.23453048261682
0.059789776083238856	-15.879687880010785
0.09756756742455029	-56.65610568812813
0.08287904007279155	-61.09724120396254
0.04011671091449616	-61.43223166056687
0.030938943764981543	-28.93354490588181
0.05040501325067221	-15.169852728202056
0.08289912805147968	-65.64507387674202
0.035198005856435524	-49.76073299734839
0.031150709383068836	-19.7953530325411
0.03363245953374581	-42.06582229871997
0.05924725998215572	-65.4508124069373
0.09172375075179522	-65.81096623843624
0.06071473829940398	-64.44202402955098
0.05807360757531199	-63.28354881449401
0.034375545786240254	-35.12479005200502
0.030965408918835577	-27.00385277886249
0.08862655294374165	-66.1058502777815
0.03455953120047529	-52.15565266038152
0.0343288988813684	-43.036708950820255
0.05004203923251195	-28.597828990972545
0.03573640083386899	-60.01553917491062
0.039585033526163306	-49.54030005123098
0.03605638303134698	-60.618107398912116
0.03475591192255059	-53.04161158138914
0.08771592523560044	-65.74118060909522
0.08318239682280044	-65.35556388681853
0.03151033797813946	-35.08714789708476
0.0359628551803324	-59.52203648218939
0.03420920482666125	-50.491002073332275
0.031039677713882666	-31.14059940941214
0.030757956759448986	-8.863591143019422
0.08292982656131932	-65.47283844722396
0.058040079262428365	-63.407870133547874
0.0308000987484855	-18.13485189140388
0.051511851900875254	-62.39617092200096
0.054352190775528005	-61.77344575975348
0.0356311415810899	-55.56026513274858
0.03594329084123272	-58.76063455929823
0.09370243174268747	-59.66730613277638
0.036644961823774844	-44.876546679847905
0.07150814532949787	-64.53614780209277
0.09113549146700525	-66.99802715836609
0.03151259284303179	-35.012740842987334
0.03100720229884011	-31.345756860010358
0.08771592523560044	-65.74108683244872
0.031039677713882673	-31.268322181374486
0.03148097828567408	-34.878743017542774
0.034752286125479814	-53.66836387047434
0.07679907668216077	-65.3870016704614
0.09481314236340527	-67.01310442078434
0.07246419823535957	-9.537660331850038
0.07613962830558334	-56.58987631792838
0.034377049776820934	-48.17720939919651
0.03562929320898405	-9.201916251447294
0.03088235306436987	-18.58114260004822
0.08844592915082658	-65.36079604838673
0.031712536194147184	-35.03982280044007
0.0927744819961791	-59.96203416169262
0.0875877538124913	-65.84685176418579
0.08853534837923197	-63.383055843727
0.05915846319543928	-63.696526536988465
0.035594091247442075	-56.11772705232018
0.03475590374593671	-52.793779665084806
0.08771592523560044	-62.969605994007146
0.031789437247942476	-32.165059605736644
0.03088528240113948	-28.35603709297061
0.03171253619414718	-36.60995371103747
0.031039677713882673	-31.23628557556118
0.053678791785834644	-62.4434776453647
0.03603312378893156	-59.86459166060024
0.035629751716143056	-57.95262793255139
0.05401701845907535	-42.47340883103706
0.03650031279505644	-60.13615427123161
0.052365073665818315	-31.671368779966272
0.038620606705492354	-59.7900617452303
0.0830993588619736	-66.37387019101283
0.03470755841113224	-49.052492886677996
0.03496001290278213	-52.75805991657415
0.031512592843031775	-35.01742377559408
0.08774936773771892	-65.77896658536106
0.09452477947985555	-65.25756370509468
0.059657722675109735	-63.959133361671974
0.08292982656131931	-65.06170122810283
0.030850772420224794	-23.90505099207862
0.031593157700902576	-13.416118953402195
0.03055148411411004	-11.730509442197501
0.057866787938465024	-63.27889919518716
0.030624270190477407	-12.683749055403762
0.033891049697047336	-48.387829470893514
0.03820559118702856	-60.40811029830276
0.030832830584416236	-27.195280232398506
0.030901146758565222	-29.01013704764842
0.03727847118254497	-38.35834371509285
0.09311679718300128	-67.17428760749176
0.031706565419501405	-35.61936995487923
0.0359554747434935	-59.908208721562254
0.05412978409290547	-64.25600666351171
0.03147396718086928	-34.56469030239679
0.031039677713882673	-31.268435614769615
0.03019849804659046	-9.36124680788416
0.05286923744671814	-62.36780700850457
0.03568256968497551	-59.606204455523944
0.04052765096552635	-61.9450254724931
0.03884415016981003	-55.52956659601234
0.04904078063594365	-13.796797557680163
0.08785127582444195	-59.68502378151717
0.034051981886516126	-46.26561888481007
0.03178140327148391	-30.67161927782495
0.03589819816326861	-49.02957388788218
0.032191510650451956	-28.968045048359212
0.03064323327270517	-13.45799657012818
0.0338094196528693	-40.816253692349775
0.036112147893433685	-58.315297688834164
0.07123497636142109	-40.53930368637664
0.030996844758074266	-31.356238673605304
0.03350013906924631	-41.73990235681351
0.03687185712876043	-58.16687223648128
0.08656265867459688	-54.33942588838596
0.08311897783533881	-57.22117126074968
0.08290974978560299	-65.31519425514362
0.030850772420224794	-27.586298429416477
0.07478341961216502	-62.1890784543199
0.031060344185113654	-29.121942372776104
0.09633847881011655	-60.88943505229908
0.03334119593234798	-41.154779148796216
0.03019849804659045	-8.582829445348441
0.030878708035536138	-28.912035515612015
0.0965174745556213	-67.23399528194425
0.031438190676375086	-34.57168918943333
0.05262783584133971	-62.21748823268622
0.03315124530038168	-40.17736263360535
0.03121963405343131	-26.75879866255394
0.03562690727070178	-57.675029814478805
0.030850772420224784	-26.030169573071934
0.03597208012394191	-60.47962192166742
0.03550096070636541	-56.644312993910496
0.05240086143226984	-62.48736868276024
0.031066138771884754	-31.24177929238332
0.057437827770336444	-63.609616468765445
0.0592790347242297	-64.81082023469015
0.04049290340674444	-57.35590806478978
0.05933838342004393	-37.89208659726907
0.03559285082044925	-56.11135451884875
0.03999498445901918	-61.887660903496155
0.03358897211112964	-43.84818527939462
0.030860168361075243	-27.14814851482379
0.030646337305457797	-9.873281860186767
0.03089066416661635	-24.845108363610482
0.035978869241580315	-60.51350970891096
0.03448241588985566	-47.6363955504552
0.05371171722174711	-62.197006854459936
0.03006313602347342	-7.120878211571548
0.03027720247793524	-10.026911094805925
0.03871793537528456	-60.267187218768974
0.08289912805147968	-65.64507387674202
0.03028408779062733	-10.649251684683533
0.05364909674530401	-62.478073207873365
0.03153899524181768	-34.988084265252986
0.03491884607940139	-24.774844295028725
0.03531358337497683	-55.553725685368306
0.030387028619165587	-12.184824962261361
0.030593236468700245	-13.906769778378125
0.0337996982969115	-47.90296200129885
0.030517028739342852	-13.58619873654541
0.030093755906102776	-9.058705811764694
0.03154131352236581	-35.163132917496675
0.030387028619165587	-12.1295020163943
0.030331080727694706	-11.144953795581864
0.03150265537439617	-35.142026537136445
0.03165684230692922	-34.72256359198192
0.030836618537413416	-25.904863007333905
0.03559346909048879	-51.05492935519481
0.06098573226779129	-64.95975863190695
0.09558651865583095	-62.35831778509457
0.033674143310809306	-34.90247683304238
0.031000769041255267	-28.606135588313744
0.05243623395587585	-62.44516903107216
0.035629751716143056	-57.95262793255139
0.03307712120338956	-38.407046355613254
0.046041540117160315	-12.270870487969429
0.05712188794159215	-64.04168410985739
0.08312048828882952	-66.4471334823721
# $END DATA$




