# x	y
2.489511476574743920e-01 1.917949988779260595e-01
8.350491434901595456e-02 7.212973957486193410e-02
1.484771003947036316e-01 1.803687119218305990e-01
7.493980563009677853e-02 3.429886236070713301e-01
2.938632370565988916e-01 2.102188017926163721e-01
8.378196700007366216e-02 1.897885202260417015e-01
8.726446444188779017e-02 2.086244184371895960e-01
5.330115955655401194e-02 7.671410709445369847e-02
2.583319234331644121e-01 2.072706029549534201e-01
8.156287242000952176e-02 8.641053560453634819e-02
8.990881017006728537e-02 1.316952937658502909e-01
4.863154834460677034e-02 7.010701249880066377e-02
2.884235564005657171e-01 1.374074962012189483e-01
1.463699477155846196e-01 9.697052278330142716e-02
0.000000000000000000e+00 1.641857367987782923e-01
0.000000000000000000e+00 3.591613129634210200e-01
1.677808447924552526e-01 1.488985035948045821e-01
2.333934249995791854e-01 2.698409567648791252e-01
3.031012519084874124e-01 3.838677235850658787e-01
0.000000000000000000e+00 1.562268443291480458e-01
5.577001524533994198e-02 1.501131868721687634e-01
1.961420686308462391e-01 3.178180835099980728e-01
3.991430340559135037e-02 9.362251067126312054e-02
6.862367958274867563e-02 1.287946771332694751e-01
2.904208144633241284e-01 2.591857450154357867e-01
3.955177474474101673e-02 1.036497861825042693e-01
1.533304747625744702e-01 2.213920077730293645e-01
3.817624565913023127e-01 2.195172619995759966e+00
1.766321687740323165e-01 1.861480288531934257e-01
1.077486243770229279e-01 2.423844025433143368e-01
7.520800850553517602e-02 1.037480582187283173e-01
5.662629934150598815e-02 1.222978452463704679e-01
1.091134513252610405e-01 1.785524796447984786e-01
8.548255519667623259e-02 1.275895998178348534e-01
3.324240574703348772e-01 6.421461886603792024e-01
3.411248683701723072e-01 3.532076520291141386e-01
3.015305458048623821e-01 2.801284016694659540e-01
1.345770399378891369e-01 1.489185434843450229e-01
2.212291380666219220e-01 1.631385685696737087e-01
3.447752063635365488e-02 1.004817766989511973e-01
2.006303129120025619e-01 1.649068090976037182e-01
2.470452190785054625e-01 1.374365684803783294e-01
3.656867273862851042e-01 5.918908680644742182e-01
9.819832571128241094e-02 1.132874187782133835e-01
3.390748912728936970e-01 9.049482585171878535e-01
7.889722921385246279e-02 1.175551187879925880e-01
3.498935749561939146e-02 1.546770538373674342e-01
4.160974654287600827e-01 3.975732328499891333e-01
7.370548982626651258e-02 6.302339827925144133e-01
1.293203891526781280e-01 1.543239617056478552e-01
2.137214847962684017e-01 1.782933357498359961e-01
4.656753429924480325e-02 1.320137780869310717e-01
2.989711335938812220e-01 1.670582468112251362e-01
5.291703686380952454e-02 2.366730304712046928e-01
2.769327013703614671e-01 2.211990405542104687e-01
8.546439793780132022e-02 2.490044891306529840e-01
4.831425710430684028e-02 1.781852306088777260e-01
1.142092078629037277e-01 4.377211582550263325e-01
4.639204029520033884e-02 1.441666101855154092e-01
1.833105565741649789e-01 3.124908137893315785e-01
0.000000000000000000e+00 9.774759697667495528e-02
8.267834484541056184e-02 1.163794672410996128e-01
2.064857753003842278e-01 2.164347917131422550e-01
1.459090006377921356e-01 3.113044846208600225e-01
6.800875863614792849e-02 1.250391044256317363e-01
2.307042935516552817e-01 2.163687580126034959e-01
1.629748788705988882e-01 2.029726002554904096e-01
3.375673087345668066e-01 5.205717790334821737e-01
2.379959561723281047e-01 1.488200695533630213e-01
7.070942832723210725e-02 1.407826838991914076e-01
4.650132450681553758e-02 1.076398141652249868e-01
3.401211917836799992e-01 5.616753195104311480e-01
1.375087470275104806e-01 2.255553650949299327e-01
2.064877792203206885e-01 2.010677237750505830e-01
8.630585755738308384e-02 2.175965821172333448e-01
1.549430553749926442e-01 9.911883224198217435e-02
9.107115855107972280e-02 8.255059586477253575e-02
2.709267490373626353e-01 7.118858833665008268e-01
2.324575084601565866e-01 2.165957853652272502e-01
3.616620450376690221e-01 7.342970038909614194e-01
7.638054548646651398e-02 2.207960226293865791e-01
6.366005943170238712e-02 1.546659160802615618e-01
4.286716426630995946e-02 4.334648345528536728e-01
3.313442254647346041e-02 1.838736240322312032e-01
7.440543941319725796e-02 2.124058838389573933e-01
6.023500488488266191e-02 3.196289980162315136e-01
7.100304083700911817e-02 4.908881097078814371e-01
6.342969913909404789e-02 1.188942551546097182e-01
3.516581689133153887e-02 4.110250760154081084e-01
3.030475372744332874e-01 4.671465128429874714e-01
1.622548671792926611e-01 1.244774473611375415e-01
1.601926167480145213e-01 1.556451857471257971e-01
3.365524412976730190e-02 2.080178601449979847e-01
4.630985981731920026e-02 7.802528225137371487e-02
3.539782117333636208e-02 1.061008105617746583e-01
1.201307634752953185e-01 1.198911989670832234e-01
7.061979595954050171e-02 2.943870819890355151e-01
4.375051031420948422e-02 1.717004615201127293e-01
4.134841156490113440e-02 1.823148591077341230e-01
6.197745909511481049e-02 8.763121420112303384e-02
1.335750361824809551e-01 1.585546258902401362e-01
6.626597836702050048e-02 1.056447891932544014e-01
2.884235564005657171e-01 1.374074962012189483e-01
7.471576635257862198e-02 1.012135630222345123e-01
3.817624565913023127e-01 2.194440782679306867e+00
0.000000000000000000e+00 3.591613129634210200e-01
3.438865610462645828e-01 2.070197398159340008e+00
3.121465570032807557e-01 2.694046948734214464e-01
1.764112090475929706e-01 2.097198541017682161e-01
3.177503941353436723e-01 4.694015496105575780e-01
7.816000321461195888e-02 1.346620494334533624e-01
4.509982445655914829e-02 1.312085007526674063e-01
1.314761064868243401e-01 1.509951437544453934e-01
2.467307781692164581e-01 1.918192670512836318e-01
5.643717072948442603e-02 3.334299708944031826e-01
3.321581190831164598e-02 1.837587832323527570e-01
8.094529358917493256e-02 1.625064606445306981e-01
4.415319793186558983e-02 2.383916447805605743e-01
3.414658041162517144e-01 3.206564731748185459e-01
2.043550771735761773e-01 2.252973214383108269e-01
8.990881017006728537e-02 1.316952937658502909e-01
7.530263937036882349e-02 1.046703417234842864e-01
2.557288607556364446e-01 2.499628102707948107e-01
4.905686403273546575e-02 1.764649438388968816e-01
1.961441706289332731e-01 3.177793883027845157e-01
5.291394252272457049e-02 2.367020854724042889e-01
1.288523045273159418e-01 1.540431781922876886e-01
5.582622876736057643e-02 1.501888270253909641e-01
8.450716338848685005e-02 1.922377956297287027e-01
1.322929892735752733e-01 1.552563406332136964e-01
1.411838487727415936e-01 9.701552325748996619e-02
5.498137046810957357e-02 2.360842750775166421e-01
1.865293979226171073e-01 1.184022964473347983e-01
8.755574050223607907e-02 2.319346607994628162e-01
9.821085437920350214e-02 1.132946709051707301e-01
1.201307634752953185e-01 1.162945154555544147e-01
2.903274578070654255e-01 3.328444116616908754e-01
2.260330067381796926e-01 2.351418076388250289e-01
8.378196700007366216e-02 2.188430873050357106e-01
2.307042935516552262e-01 2.121205453934223717e-01
3.334993439314243996e-02 1.158903636252629904e-01
6.597469299644022345e-02 2.379698192246210431e-01
1.005625691953973000e-01 9.912157201832794140e-02
7.405844925560568781e-02 1.091116842574447188e-01
9.819832571128241094e-02 1.132874187782133835e-01
8.328495215221222436e-02 7.479448651958194028e-02
3.401369935631998742e-01 5.610552475802775829e-01
7.493978905685273750e-02 3.429885856804017474e-01
2.556659336919599457e-01 2.552558689195247865e-01
3.673491303812820991e-02 1.604701115201309924e-01
4.167865559557994842e-02 1.281634866108732618e-01
6.448101995617128157e-02 1.739526971738090955e-01
2.064857753003842278e-01 1.918806106458775806e-01
3.539782117333636208e-02 1.099695617643140916e-01
2.321991646045836188e-01 2.164112893685099237e-01
4.845924258163507303e-02 4.101628638830915885e-01
4.268010422860973874e-02 1.787864013667561647e-01
2.043440845710812193e-01 1.816300131357782843e-01
7.440543941319725796e-02 1.114138201723588600e-01
1.518658250980939595e-01 2.917789302049438316e-01
3.437919431296107553e-01 3.534904953836986441e-01
5.942494386808989254e-02 1.169653638742700758e-01
3.142605508815875248e-02 7.384246031188922144e-02
4.766148045431253810e-02 9.312254097717376222e-02
7.440543941319725796e-02 2.124058838389573933e-01
3.047638864920219071e-01 3.057397848231304671e-01
1.016494622641365142e-01 2.008444411017622222e-01
2.642173026618958587e-01 3.590752610579901472e-01
6.238547526413861649e-02 4.452698267349163297e-01
3.817624565913023127e-01 2.195172619995759966e+00
3.269045220941403929e-01 2.810270846738496808e-01
2.071503087164263124e-01 1.318444855289983841e-01
8.378196700007366216e-02 1.905934912170929030e-01
1.683333892137988119e-01 1.430776481584135618e-01
3.991430447774851203e-02 9.277864045060456311e-02
1.016308510241969026e-01 1.691638661833131663e-01
3.457412963256578653e-02 9.459629465325079811e-02
4.909047642219505070e-02 2.730064301778263869e-01
1.596981230036442490e-01 1.357353493663277233e-01
1.619013681380250258e-01 1.562648895232365553e-01
1.463699477155846196e-01 9.697052278330142716e-02
6.222991029247783301e-02 2.807537645917460023e-01
4.093244172961295335e-02 2.702357274772124174e-01
7.714457053593549996e-02 2.546916405217894419e-01
1.966839765239078719e-01 3.183638074049469635e-01
8.521378176011379368e-02 2.488943599770293835e-01
6.090516015101207076e-02 1.227937981543843482e-01
7.671629635481963527e-02 1.091468497039217583e-01
1.305185462071588309e-01 1.598627644767353639e-01
8.103099865049581685e-02 1.106359064643412382e-01
1.621636366477672564e-01 1.799452244972080117e-01
1.285324622286397045e-01 1.557584847399732242e-01
8.048717848549327702e-02 7.078079063157953488e-02
3.458964296146001538e-01 5.681166344302661653e-01
7.622189598713006997e-02 3.230962819149755250e-01
1.348817155274667223e-01 1.490898849002165738e-01
2.489511476574743920e-01 1.626359031716991532e-01
1.533283891187231518e-01 2.652238280084302513e-01
1.462722804444508418e-01 2.957360600501300341e-01
1.376047297915732881e-01 1.368312631645670352e-01
1.005625691953973000e-01 8.668275824851033595e-02
1.201307634752953463e-01 1.415273315474615823e-01
3.146577028209797677e-01 2.242395653971614722e-01
1.057473435091984409e-01 1.207187529729827208e-01
1.263608720772548544e-01 1.748013595353958838e-01
3.885679986512651646e-02 1.258364513148153840e-01
1.549430553749926442e-01 9.911883224198217435e-02
2.787795859495665884e-01 2.233182596645456874e-01
2.064893401088252478e-01 1.107184969275541997e-01
3.076004162366897943e-02 1.434872044420996418e-01
9.664509843680502144e-02 8.834500365926865884e-02
2.624338681702163001e-01 2.906971825717891145e-01
1.521803696668679873e-01 1.001745091588689546e-01
8.094529358917493256e-02 1.625064606445306981e-01
1.292455822163874335e-01 1.534328661255228710e-01
1.016494734150104468e-01 2.008444521180083042e-01
4.536976949342442361e-02 8.802486458612798770e-02
1.332403783081942683e-01 1.623373984616747756e-01
3.308823522088758656e-02 1.181805724299990479e-01
7.689178795615481121e-02 2.547586374917296115e-01
1.542314094049476447e-01 9.848190067305929996e-02
8.875613039287029438e-02 5.022112694493386931e-01
2.446241758685640255e-01 1.483252244025463074e-01
1.362143906137933680e-01 1.500368717410398567e-01
6.322603774680111977e-02 2.769731946642805531e-01
9.999892152948959556e-02 1.148623405697922345e-01
2.893242643050998320e-01 2.216151822687525696e-01
8.256735401176382161e-02 2.735060099601557826e-01
1.376047297915732881e-01 1.297642668032570612e-01
7.440543941319725796e-02 1.905027024844162253e-01
3.812745728861004213e-02 1.365713544600351825e-01
4.672078967516818393e-02 1.078953083114209816e-01
7.367977463932401383e-02 1.464057609557904149e-01
1.275669218650807568e-01 2.230493510314196515e-01
2.725558299374865601e-01 2.164920073025916603e-01
1.462690009885316000e-01 2.882306269716388147e-01
3.404885301899034933e-01 5.688663657673582730e-01
1.294835402959942927e-01 1.918442685029193295e-01
2.006303129120025619e-01 1.649068090976037182e-01
3.235415194535202210e-01 3.505979366001797937e-01
8.511045277295604949e-02 1.100292333971403524e-01
1.428290590304469865e-01 1.651858483748998296e-01
2.885489528419241667e-01 2.783926419708909750e-01
2.576654149012992390e-01 1.699208270510455254e-01
1.411964492994360609e-01 9.694286978144592282e-02
4.624286087617980601e-02 1.104834810520998883e-01
4.110559905353691756e-02 1.319071952655297975e-01
2.715678342711946858e-01 3.713862338424093745e-01
7.196785961016825828e-02 2.669427755344893072e-01
6.689294102605244929e-02 8.159516430090725525e-02
9.560223089212710468e-02 1.158649956589436203e-01
8.134504277799160799e-02 2.472822250128759725e-01
7.841439875230554746e-02 1.479468679558621491e-01
1.404550609506654002e-01 1.378133834354675069e-01
1.674827664697731977e-01 1.152108275335139709e-01
1.430721205006549313e-01 2.442085830130804880e-01
2.621473597024530089e-01 2.469754888569276052e-01
3.358294699024203661e-02 1.946451231603427701e-01
2.004303544629223721e-01 2.213796754565328928e-01
8.665303298822714384e-02 2.729817943768129695e-01
1.805283186409399332e-01 1.194738195348069715e-01
4.501250968022506987e-02 2.407105138577667891e-01
5.634496387459396460e-02 1.721957447213497971e-01
4.740853966742978459e-02 4.174579843041432148e-01
1.774704973754331616e-01 1.569440650482139266e-01
1.584959600960108572e-01 1.120483555438201023e-01
7.758140748281305843e-02 1.227659200916028093e-01
1.500489492644326850e-01 2.838441105608730530e-01
7.708755397077071692e-02 1.308744449382699127e-01
1.633313485968808931e-01 1.564359579492571872e-01
7.034026787644290235e-02 1.328727113930378012e-01
1.266547531020541517e-01 4.495891397558889890e-01
3.334993439314243996e-02 7.688491287113506656e-02
3.186784738935639627e-01 4.061461748073545985e-01
1.005761524091754039e-01 9.912414639359784507e-02
5.866322689041032767e-02 1.225319853596017750e-01
2.610999591449052470e-01 1.407539121820323147e-01
2.907256255973419967e-01 1.925365697180387026e-01
4.771577355315789054e-02 9.263545941247949833e-02
7.702844207000648924e-02 1.994086396227852664e-01
5.454924896558255992e-02 1.023238160816113268e-01
3.167900203971885098e-01 4.156840423949714203e-01
2.005664502114044845e-01 1.575046409404566583e-01
5.900966970375538106e-02 8.475484505842104110e-02
1.764112090475929984e-01 1.704973520695242384e-01
3.533615490985910629e-02 1.872325600645616817e-01
4.768400699471661563e-02 1.789267875888266579e-01
2.064857753003842278e-01 2.310856712260871137e-01
3.804859530886425811e-02 9.296843099186065384e-02
4.976619081758447416e-02 1.393661020119117688e-01
2.448170546713567819e-01 2.760608429641973616e-01
1.860845774261559449e-01 1.766572762432810362e-01
1.125716204020711236e-01 9.696490229460633103e-02
6.291994617631999076e-02 2.437082165354022556e-01
3.090519089932318164e-01 1.823247145296640059e-01
1.731826912941114571e-01 1.403845377663857086e-01
1.920292137059099180e-01 3.411122197730616645e-01
8.391585794644004781e-02 2.229459278779951370e-01
4.572397393495556545e-02 1.736266358511349972e-01
1.077726985187708181e-01 1.187391049749932787e-01
1.019803853814258421e-01 1.462089756335326896e-01
8.534144278466006261e-02 1.201684810688083138e-01
1.460892460042059471e-01 9.729554189828230892e-02
9.692857153789480318e-02 8.859183471721109038e-02
9.818515608156248853e-02 1.046390706954591077e-01
2.071503087164263124e-01 1.493532352596262380e-01
4.523845429253824102e-02 8.745909263915178922e-02
6.079415807091703011e-02 1.222736608223590066e-01
8.688027927988409282e-02 1.194099228741077323e-01
1.150008136169807654e-01 1.451928970104673089e-01
9.627922522258083871e-02 1.018725488789052613e-01
3.254557417323696022e-02 1.160943177823675204e-01
8.253666550345582775e-02 1.027690656623423959e-01
6.021467344451933434e-02 1.577438548853507816e-01
5.430984500905766676e-02 9.311119857080052409e-02
6.762857701895490237e-02 1.918740152942983168e-01
4.527768595598080648e-02 7.990100346393769204e-02
3.498935749561938452e-02 1.730838032011183802e-01
2.379711384498316151e-01 1.391767257210495545e-01
1.125901304088549049e-01 1.284734445175746420e-01
4.137521982846022878e-02 1.097082214434919600e-01
3.427895214187433315e-02 1.150381141885136738e-01
1.573487181754460729e-01 1.127109609238067800e-01
8.221706492013389211e-02 2.187030741737473194e-01
4.857351968538659720e-02 8.593306169840779496e-02
1.891846709538190230e-01 1.283952957990143473e-01
5.922359490435252782e-02 9.951617314609388643e-02
1.890163067419404486e-01 1.443894454212089340e-01
6.311004957304530705e-02 1.226147155208456990e-01
5.733435016558577346e-02 9.046682358185491324e-02
1.080326471695845780e-01 1.080124877102370956e-01
5.344832984932490483e-02 1.007189938070960494e-01
3.487146801224649817e-02 4.114003213184838637e-01
1.104500305756624251e-01 2.038486920264948044e-01
5.420119101719864801e-02 6.542203572582647175e-02
3.727824375852675093e-02 1.525911885141758573e-01
1.693708855018516701e-01 2.708635608384489246e-01
6.592546747469345270e-02 8.372845435792831970e-02
7.253840190531991861e-02 1.464456173781326365e-01
6.843341621278939413e-02 2.921176435378691760e-01
9.674042730854530425e-02 1.008505924418459376e-01
4.103732544988268616e-02 1.239850337979207240e-01
7.367977463932401383e-02 1.337528482487751191e-01
5.243395126125132560e-02 1.282648973206333975e-01
2.403377145660610392e-01 1.506282035463966107e-01
4.271036767954416308e-02 9.928083783370501847e-02
3.545183393403725930e-02 1.870226872529162088e-01
8.236200132116233696e-02 2.114139083007375297e-01
4.956078163366714473e-02 3.952164534388831196e-01
3.176026774202247299e-02 2.319687874866039057e-01
1.152919542607465375e-01 2.888582520872206572e-01
5.801591286795458602e-02 1.226241627910640009e-01
3.340302616901467958e-02 1.537211053359585355e-01
6.747071124534591291e-02 2.136149847346404396e-01
1.074651513755765508e-01 1.196772175242938607e-01
5.958778223694320003e-02 1.072600956218959650e-01
4.454035451993425959e-02 1.000372309091293044e-01
3.393720929872280911e-01 2.465634354434973752e-01
4.624286087617981988e-02 1.108413208740292311e-01
4.771577355315789054e-02 9.108090762141266006e-02
1.005625691953973000e-01 8.668275824851033595e-02
7.767761446256145341e-02 1.995372842771342414e-01
7.501808595473882790e-02 2.707237879952624771e-01
5.063935633745268727e-02 1.279496638352373983e-01
1.382977058394966596e-01 1.102699732252003656e-01
4.532682000047707355e-02 1.014034559830586796e-01
7.689765690294596279e-02 1.304075944438178036e-01
3.498935749561938452e-02 1.544649245775157331e-01
1.005995243532201572e-01 9.912857652262509200e-02
4.976619081758447416e-02 1.350354558746257871e-01
1.370585097938307462e-01 1.266056086974969852e-01
3.498935749561938452e-02 1.653605418257809712e-01
8.652612402595741270e-02 8.263124391957793469e-02
7.495321998619833281e-02 2.243607233234117537e-01
1.555051750426164336e-01 9.301159799035126075e-02
1.404711729400346665e-01 1.490554175032576534e-01
4.964089572465533312e-02 1.151241964120327949e-01
3.526622606167859747e-02 1.432774622834402656e-01
6.121671174954704253e-02 8.105152344648347551e-02
1.628622243632936173e-01 1.999784199498277071e-01
3.329601238692046078e-02 1.147176830958795551e-01
1.335986482221420135e-01 1.495983741996088356e-01
4.323591602192761868e-02 1.687693341034697259e-01
5.735355700833139753e-02 8.821509592921381038e-02
7.928809553947310795e-02 1.829382040815836497e-01
5.662493934735961937e-02 8.453517414457137336e-02
7.249179045824725998e-02 1.215095303067005722e-01
4.701620912626809645e-02 1.513584157731402979e-01
4.788657784291507069e-02 1.605383487425685873e-01
7.982684329297071169e-02 1.513054156259187877e-01
8.096356303419081912e-02 1.096728200974600442e-01
4.638597557851770886e-02 2.149828944995696989e-01
6.414407217795974059e-02 1.353248990625894876e-01
2.132451497379998784e-01 1.597512321652692358e-01
1.273460594815289393e-01 2.806287822825364042e-01
3.796280030919178122e-02 1.139371867948739542e-01
1.348817155274667223e-01 1.520327460832517075e-01
4.771577355315789054e-02 9.156418408849575918e-02
8.270596119844469962e-02 1.413468272833219019e-01
4.102955583276479690e-02 1.532497243385363694e-01
3.440498509292877483e-02 1.107072402908443054e-01
3.304932816918825650e-02 1.172114556935931751e-01
9.638071937151657109e-02 1.214684596162593083e-01
5.445612220379884849e-02 9.477957490476525415e-02
5.908475350593741376e-02 1.236347521132041966e-01
9.215217149652175921e-02 1.036496567400542884e-01
5.467760349005527931e-02 8.493026359837403672e-02
1.985699188379930757e-01 1.170971185017812555e-01
9.922839170512523510e-02 9.890436915804438900e-02
7.583462711966154624e-02 1.086828364875734448e-01
4.623985539870376082e-02 1.034736492199645197e-01
7.661055338541757076e-02 9.907572903577657741e-02
3.727824375852675093e-02 1.536918738208895019e-01
3.308823522088758656e-02 1.176565450678001695e-01
5.749064139643385307e-02 1.099523914866454288e-01
4.281001229142070152e-02 1.022780766770287619e-01
3.350648429340809253e-02 1.505919507244364575e-01
1.496952631804165934e-01 1.154120439337786852e-01
4.509073789994013509e-02 2.389873466360343812e-01
3.701509847825982386e-02 9.317165862161320977e-02
4.992267228335144080e-02 1.036505868120341234e-01
7.837609521904451149e-02 2.366860023048344142e-01
3.449281265271877256e-02 2.655947018940048587e-01
3.513689727707023508e-02 1.353129554133751244e-01
1.411964492994360332e-01 9.435481923999114451e-02
1.080326471695846058e-01 1.075387588752990953e-01
1.411838487727415936e-01 9.701552325748996619e-02
3.254557417323696022e-02 1.160943177823675204e-01
4.523845429253824102e-02 8.745909263915178922e-02
4.976619081758447416e-02 1.332694416496129353e-01
9.514724650208400414e-02 1.135213991173910641e-01
3.936612018053888690e-02 9.314230983206157888e-02
4.915222646384222183e-02 8.718855711690819132e-02
1.600993763568662465e-01 1.017440056202796872e-01
4.332341581762332028e-02 3.109744807005805911e-01
5.898586651586446711e-02 1.032700398490312838e-01
9.929622145985089743e-02 8.761733052752623818e-02
4.441166487047441130e-02 2.390896707465248738e-01
1.463699477155846196e-01 9.697052278330142716e-02
5.643717072948442603e-02 3.334299708944031826e-01
8.689622888382050880e-02 1.195055614935642135e-01
4.454035451993425265e-02 9.699972641396588380e-02
7.191554229028347678e-02 1.591439460296803221e-01
3.486054207936506444e-01 2.826692976500798649e-01
8.479183033040335604e-02 8.920896521172307081e-02
3.804931937476724313e-02 1.547648977849359619e-01
7.237209455942118785e-02 1.479772857331115021e-01
3.769508369803932779e-01 4.370537080859457357e-01
4.660797261908544015e-02 6.952293867732918520e-02
3.248472470307223192e-02 2.305481442118955115e-01
3.885679986512651646e-02 1.164115840742811769e-01
6.630162339601658461e-02 2.669541959871069015e-01
6.214480246866034563e-02 1.313733991011988289e-01
9.589131093815374263e-02 1.007931776073053565e-01
1.025602413751103142e-01 8.611742913423031665e-02
9.846968416790244372e-02 1.176358789723308679e-01
1.005625691953973000e-01 8.599407492084197580e-02
1.005742398164062162e-01 8.641166753059804917e-02
4.867862734793190760e-02 1.176530863337018340e-01
5.553220354449669299e-02 1.718610113089679425e-01
4.564864361198928133e-02 1.159026758959592618e-01
1.454664774637836611e-01 9.849726114765269824e-02
1.005625691953972861e-01 8.129912222442049752e-02
4.771577355315789748e-02 9.978488525945933274e-02
1.080326471695845780e-01 1.080124877102370956e-01
3.427895214187433315e-02 1.150381141885136738e-01
1.379355729400164321e-01 1.105872452868283257e-01
6.912217997713113182e-02 7.155688212119327984e-02
6.182891316755181887e-02 9.643195242102087228e-02
8.054765279693733293e-02 1.136466824368439488e-01
5.283665777359449617e-02 7.877273045932248197e-02
1.036280948652881229e-01 9.818609007166816116e-02
3.772372469391608446e-02 2.292434070069695462e-01
8.652612402595741270e-02 8.263124391957793469e-02
4.328143794906109260e-02 1.697812671931820117e-01
6.063331354374730531e-02 1.637210615032535233e-01
8.353687711588102249e-02 1.154952694715493389e-01
3.429555841970787639e-02 1.149158844172814276e-01
4.270187245599837284e-02 9.937678163253864383e-02
7.527395919364779364e-02 1.222541456641616370e-01
4.630830637562560748e-02 1.844661409812291541e-01
6.085917789946024281e-02 1.220301694428234385e-01
3.355352144981938456e-01 2.349230958721063300e-01
5.454924896558255992e-02 1.023238160816113268e-01
4.583825541635454248e-02 8.847576723920123898e-02
7.254769940840738451e-02 8.587103461817625905e-02
1.505573894967573434e-01 9.713190472564652012e-02
8.549878205395249064e-02 1.212451460786925922e-01
5.742154039644190716e-02 8.827405032162773113e-02
4.436928476866901921e-02 1.081668580731243723e-01
4.368157255547362033e-02 1.093122384537483643e-01
6.197745909511479662e-02 8.718946456371440279e-02
4.771577355315789054e-02 9.156418408849575918e-02
1.981205417098328703e-01 1.121606151244458616e-01
1.376178027527455161e-01 1.031669679293966690e-01
6.090516015101207076e-02 8.829956935916381811e-02
8.652689841873234533e-02 1.137858874434431594e-01
1.387025294614773474e-01 1.103879119795556363e-01
3.516581689133153193e-02 3.386015770190955454e-01
3.270059832246503123e-02 8.189592128353946621e-02
4.093490424059378213e-02 9.276402622804170994e-02
4.771577355315789054e-02 9.108090762141266006e-02
3.556332665856157954e-02 1.438807024697180692e-01
4.176690629541267991e-02 9.852127490114197250e-02
4.012093852101686342e-02 1.323036285044633387e-01
9.664509843680502144e-02 8.834500365926865884e-02
4.771577355315789054e-02 9.156418408849575918e-02
3.427895214187433315e-02 1.150381141885136738e-01
3.427895214187433315e-02 1.150381141885136738e-01
1.025602413751103142e-01 8.611742913423031665e-02
3.615261424084816044e-02 1.139056359463725965e-01
1.005625691953973139e-01 7.604809285223998461e-02
3.498935749561939146e-02 1.970686500336769065e-01
3.427895214187433315e-02 1.227598247054982744e-01
4.103732544988268616e-02 1.271848532155513412e-01
3.513689727707023508e-02 1.372295514431096652e-01
3.424821109579562206e-02 1.712384491672131470e-01
9.800188430830757136e-02 9.788304628205136970e-02
3.320948845632309965e-02 1.132894231550595349e-01
3.254392602684187674e-02 1.150910487114896186e-01
3.934951669067011243e-02 9.325416346516292310e-02
3.464001948720683843e-02 9.349751154598877345e-02
6.200176961583513807e-02 1.070783720131615324e-01
3.306011718602205884e-02 1.159140751211992781e-01
3.425961919458921090e-02 1.124365419765444019e-01
4.946580691425612325e-02 1.156839323013752613e-01
4.582467765908379564e-02 1.152042671236572086e-01
1.469963643616909177e-01 9.752435001756870614e-02
6.070114248912223537e-02 8.912591506928392582e-02
4.811250229579695781e-02 2.814657362857599932e-01
5.538906000175861100e-02 1.294213413015236902e-01
8.282987989941324736e-02 1.017780544243632040e-01
3.334993439314243996e-02 1.233354011628917807e-01
3.414395302290318401e-02 1.151801837432265829e-01
6.084508916823720692e-02 9.027986017656260131e-02
6.197745909511481049e-02 8.367367241235547370e-02
6.182891316755182581e-02 9.963688729962660862e-02
4.479096185691935905e-02 9.029289343612444119e-02
3.428780789356972170e-02 1.166368113428883496e-01
3.444776592964902268e-02 1.149150133368875837e-01
3.407634781161157644e-02 3.282816897155627633e-01
5.742154039644190716e-02 8.827409725253705652e-02
4.771577355315789054e-02 9.202358695531075161e-02
6.034582686655964867e-02 9.097110256039250831e-02
5.748333269814727420e-02 8.870255342438634893e-02
3.386948301824491830e-02 2.050213100243585274e-01
1.012015135435191948e-01 1.314338961126106653e-01
3.228221805819847523e-02 1.054115166771303347e-01
6.088083389829521130e-02 1.096093099674403104e-01
3.837288007343918339e-02 8.693261223162097873e-02
4.780409912042782317e-02 1.155264829055230452e-01
4.660719937588690687e-02 8.733499573694307461e-02
3.308569798088713265e-02 1.176520326742848677e-01
4.527828791203870884e-02 8.886720931542588242e-02
4.876703027876715807e-02 1.073733268803808566e-01
1.153767355521118781e-01 8.660282753602525918e-02
1.391661098713413980e-01 9.049156770736235811e-02
2.426012628899045509e-01 1.741445542061366702e-01
5.730240712557797822e-02 7.569612278010828810e-02
4.239522982900324061e-02 1.537939382669565869e-01
3.310118392104149931e-02 1.101316580186646327e-01
3.842556745186540001e-02 9.646765711665770959e-02
5.796891505174159992e-02 1.064322815331224664e-01
3.843709705930713205e-02 9.306516661596538065e-02
4.457288198618045844e-02 9.968468273543426572e-02
4.829976677148345443e-02 1.004392033763861908e-01
3.498935749561938452e-02 1.592530759626323844e-01
9.664509843680502144e-02 8.666400644590155355e-02
4.611273503670384327e-02 1.080552837971786029e-01
9.938630695934948245e-02 8.547408408443403494e-02
4.147271985730030530e-02 1.065998365154154914e-01
3.424722734207232000e-02 2.547439644882324994e-01
7.255030795250363984e-02 8.591629519384715030e-02
1.005625691953973000e-01 8.479572527933144921e-02
4.953958460774621902e-02 1.187002058392588738e-01
1.569563659195100103e-01 1.064566032588976224e-01
6.367201619146937996e-02 6.877698322045942836e-02
6.313244789763423903e-02 8.137318606634612317e-02
6.198888021895638395e-02 1.077339763561672437e-01
5.454924896558255992e-02 1.013154382314675056e-01
4.336802841894937810e-02 8.894116635647383862e-02
3.253563355375234389e-02 1.160765773293531561e-01
5.577842977923765794e-02 1.302925555563103632e-01
7.232774634961541826e-02 8.184528179799634151e-02
3.253989139687080839e-02 1.212912965957271827e-01
3.182342818209654006e-02 8.943570454655472290e-02
1.635365802556407178e-01 9.414936173029064825e-02
8.456767120462320431e-02 1.078428900494530079e-01
3.518088361137936687e-02 8.266012699161344457e-02
3.335923534097152282e-02 1.152315986865898034e-01
4.589715837364372053e-02 1.135863258946742949e-01
3.526622606167859747e-02 1.206112322070036769e-01
3.727824375852676481e-02 1.525119423848992350e-01
4.262283292043791971e-02 1.018047713447988029e-01
4.992267228335144080e-02 1.036505868120341234e-01
4.660797261908543321e-02 6.949319773156603652e-02
3.146982424586066557e-02 2.318345607270911324e-01
4.565302425966234756e-02 1.158183484040358202e-01
3.478374571821160610e-02 8.953231571095425501e-02
3.379803753166880920e-02 9.077016938737150764e-02
3.466371816047213172e-02 9.352950646167421112e-02
4.038285068310341897e-02 9.043562218263118124e-02
1.386387964224370939e-01 8.593397137214575654e-02
4.937605137298043539e-02 8.495721103887995951e-02
4.771577355315789054e-02 9.273244531693693171e-02
5.183753569665631306e-02 8.545967203119998745e-02
4.919409131868652391e-02 9.717815562002563023e-02
4.454035451993426653e-02 7.654723025695298055e-02
1.004940950595524518e-01 1.145169737917406533e-01
4.053320683380613049e-02 9.419940426146618251e-02
3.415738399677289983e-02 1.119427514889053676e-01
3.355450110909747458e-02 1.184581556908511218e-01
4.779760868009780284e-02 9.294716754608528531e-02
4.585098442354446774e-02 7.808651298732423307e-02
5.442218801809162870e-02 8.496842252901194714e-02
4.597229065236575068e-02 8.859566360247503325e-02
4.143989876982039078e-02 1.082358299768752946e-01
3.417112194065427544e-02 8.868201918539461714e-02
3.213233316410474966e-02 1.163320173873854391e-01
4.137521982846022184e-02 1.033016632028566223e-01
3.615261424084815350e-02 1.211333789034065994e-01
3.281977012755891987e-02 1.126140980534288683e-01
5.787853893126410076e-02 8.470676815781584545e-02
6.251057844817453635e-02 8.409738898071505986e-02
4.528462985807613084e-02 8.750527271089114656e-02
3.427945323901365748e-02 1.081240851631184163e-01
4.642990862526238938e-02 1.124495515598344791e-01
3.254251341721069862e-02 1.154054626502116765e-01
4.811445958412103457e-02 1.048040529547878547e-01
5.846272955866334969e-02 8.453483086167459803e-02
2.007257129861375888e-01 1.450417291248694840e-01
4.660612741700780742e-02 6.954491499559187218e-02
3.478898573465840499e-02 8.849529798223652877e-02
3.228221805819847523e-02 1.157377181964692192e-01
3.270059832246503123e-02 8.201809595814979481e-02
4.523845429253824796e-02 8.536375160974650489e-02
7.105326068098548331e-02 8.439972841316752128e-02
4.947486829163120353e-02 9.972691822955830065e-02
3.771624987878752916e-02 1.138560435223127110e-01
8.453788513165605423e-02 8.267846494376786259e-02
4.788103890575490240e-02 7.045242475126632653e-02
5.554000644860326158e-02 8.480345179808153333e-02
3.444776592964902268e-02 1.149150133368875837e-01
3.301049272819186337e-02 1.118831551292937404e-01
4.295557154408918138e-02 1.124667864506073978e-01
6.746854271099150813e-02 8.398908764768343860e-02
6.592546747469345270e-02 8.521124006315314303e-02
3.310118392104149931e-02 1.100309604310637790e-01
3.425961919458921090e-02 1.052518205222185282e-01
9.938630695934948245e-02 8.547408408443403494e-02
1.005625691953973000e-01 8.479572527933144921e-02
5.739543087760156509e-02 8.403792918385927235e-02
4.528467469670496154e-02 8.465683103106468044e-02
4.536976949342442361e-02 8.802486458612798770e-02
4.731902091811874406e-02 1.023988085750554278e-01
3.239697651033054959e-02 2.316767387993781957e-01
3.933314223840659457e-02 9.317339896315032788e-02
4.521748325699122273e-02 7.967153063547609271e-02
1.003779354700340964e-01 8.596502741634304279e-02
5.904084738425944417e-02 1.077496896116025143e-01
2.453604113178794177e-01 1.307677958599589851e-01
4.475828210173831562e-02 8.890943641017659549e-02
3.934951669067011243e-02 9.586595162845860940e-02
3.354743422542982162e-02 9.474469106147458131e-02
6.200035446546577761e-02 1.071771793802647893e-01
5.735355700833139753e-02 8.821509592921381038e-02
5.742154039644190716e-02 8.827409725253705652e-02
3.957839825607729900e-02 8.658536676158604117e-02
4.522596520877963933e-02 8.788059004237469551e-02
5.373693371327650098e-02 7.851607653271266973e-02
7.572728459009557545e-02 9.041013487434187978e-02
5.014313603378049711e-02 7.966140471634640396e-02
7.835230577812825337e-02 8.556173631239571975e-02
7.159049491776779683e-02 8.468233884455746152e-02
9.207163940710950956e-02 8.891748215613198836e-02
9.074872346815136825e-02 7.261385320320710990e-02
5.240236752846812868e-02 7.558924643206295368e-02
3.383083701609095745e-02 1.143560776366895210e-01
4.662160365297134124e-02 7.965345758275474419e-02
3.963584386712015739e-02 1.161400561416149335e-01
3.970762070040423364e-02 9.312885346296684297e-02
1.627178518738357782e-01 1.366953570681415930e-01
5.194187500819995307e-02 7.568638101799095297e-02
3.701509847825982386e-02 8.670986556814665180e-02
3.806920484162513996e-02 2.479382094173262219e-01
8.098949845859723662e-02 8.690688624604772650e-02
3.257582356397609874e-02 1.189511415041841075e-01
3.301506535191400110e-02 1.223151690358915827e-01
3.518115830153810408e-02 8.578271210242603695e-02
3.663399726837946596e-02 1.112979422358018750e-01
8.709412718073816784e-02 8.795189878103951142e-02
1.410790032757331947e-01 9.122063756619064323e-02
1.005435630753332976e-01 8.776975690770158489e-02
4.575718100936286559e-02 6.796928713167024738e-02
4.301034137581524058e-02 1.495799957519719503e-01
4.468024151175921388e-02 9.036297618232831674e-02
5.384666950971939842e-02 6.525261861019426846e-02
3.615261424084816044e-02 1.139056359463725965e-01
3.076004162366897943e-02 1.434872044420996418e-01
3.369601133176022834e-02 1.037704718045108221e-01
3.224226618366825975e-02 8.600850259458038549e-02
5.115714923675705045e-02 8.164595202386673578e-02
3.633775769459411664e-02 1.164324846952549675e-01
3.354337035676571016e-02 8.834466079578687236e-02
4.525996986345271617e-02 9.382898847755771765e-02
4.565979652484218609e-02 7.792226393774806525e-02
3.427895214187433315e-02 1.144357269140599126e-01
3.234789797696973473e-02 1.085407240480951441e-01
3.835138011490174526e-02 8.664893621589087047e-02
4.660797261908544015e-02 6.952293867732918520e-02
3.254557417323696022e-02 1.160943177823675204e-01
3.410907452142044466e-02 1.106307639852021213e-01
3.176170216291832743e-02 8.948522638069676682e-02
4.111570809740743709e-02 8.966501553522673862e-02
4.341732854892763754e-02 8.950976233414348338e-02
3.270565734931818458e-02 8.395244672373823602e-02
3.308809814335692684e-02 1.225495580181497485e-01
3.406319170560299231e-02 1.145388177165323346e-01
4.333999550256911748e-02 8.436322411142921363e-02
4.323794309658201412e-02 8.784508998053855433e-02
3.301506535191400110e-02 1.230886334042119584e-01
3.483776092038134292e-02 7.310600583973479727e-02
4.710697155066742581e-02 6.954474924456854890e-02
3.776632873798874135e-02 6.585765211151391185e-02
3.771624987878752916e-02 1.138560435223127110e-01
3.305821457110171696e-02 1.043709574533129014e-01
3.680078237110329803e-02 9.606025805518773886e-02
5.532808243064398640e-02 8.418805889305147616e-02
3.073176956521536315e-02 1.946967403750199943e-01
3.432044450453027723e-02 2.372289856733430513e-01
4.211556350642917806e-02 1.125354326566359725e-01
3.648859766351908451e-02 9.669375618287404106e-02
3.278779082543810397e-02 1.100012876425915664e-01
4.844134137328045403e-02 6.862656226680925731e-02
4.513497654647194435e-02 8.838675444976339113e-02
3.300596624119302158e-02 8.248681584479378159e-02
3.427895214187433315e-02 1.150381141885136738e-01
6.924781841086574685e-02 7.722899579195158237e-02
3.784355916369028239e-02 7.493641558955924098e-02
4.759513171032486722e-02 8.673301074002963407e-02
4.279896016880661153e-02 8.715679794248583356e-02
3.295005044942021788e-02 1.115708363915698664e-01
4.734419480884771020e-02 1.249155849613518554e-01
4.235228928418905553e-02 8.726127712931736058e-02
3.543228380008466016e-02 1.065238685363153193e-01
3.862277204701254629e-02 9.671662724821464274e-02
3.572972876537486298e-02 1.208424154513295934e-01
5.218186595597854027e-02 1.155118367537812524e-01
3.387466121206583053e-02 6.947259079573112062e-02
5.293543439755112046e-02 1.214492403615632515e-01
3.253296787071442014e-02 1.212783914112621486e-01
5.554000644860326158e-02 8.183191346146338752e-02
3.944489973042166614e-02 8.733711285989059769e-02
3.534413870866558866e-02 8.804632962799952001e-02
3.277070622232470393e-02 1.128016076005974588e-01
4.878447661267013014e-02 8.719791585192071537e-02
3.449535738903207471e-02 1.149789032212636397e-01
3.933314223840659457e-02 9.317339896315032788e-02
4.012084137789559413e-02 8.636537244317678275e-02
3.310619073657101313e-02 1.091264795420479883e-01
3.335559032603090113e-02 1.152253023308827118e-01
3.228221805819847523e-02 1.054247142191058612e-01
4.653892899647140563e-02 8.037499595149867615e-02
3.326388043918024340e-02 1.154611596143426538e-01
6.066862251844918480e-02 1.089006671623786865e-01
3.437028063454902749e-02 9.807648013622802252e-02
3.844428318507716463e-02 9.303358108487377875e-02
6.048832025221958369e-02 7.863159941625426363e-02
3.395343649920014306e-02 9.858063577812394007e-02
3.464306663648047957e-02 1.106367222945124629e-01
5.230385583168412067e-02 7.771226586041364570e-02
3.307082899286253874e-02 1.234841158915913062e-01
3.091181086286493018e-02 1.385837218844917229e-01
6.203669632396825728e-02 8.344530373785290223e-02
3.698235454088542873e-02 8.667149411290694938e-02
5.370433024713169856e-02 8.387790773872669248e-02
3.813933586875686843e-02 9.987274407970250789e-02
3.917252363508624130e-02 1.323441908338798545e-01
3.958481873181787097e-02 8.658441603748157078e-02
3.459966715737286536e-02 1.104052491818879600e-01
3.837149696713929026e-02 8.693301543710102441e-02
3.369963297008798236e-02 7.945432025747525828e-02
6.009646761063577175e-02 8.213245852656282653e-02
2.033586566995015110e-01 1.310361361037343797e-01
5.029106956792545741e-02 8.768639526703833620e-02
3.254048784936609817e-02 1.213025114871287419e-01
3.379731079405364630e-02 1.102414844291884910e-01
3.228221805819848911e-02 1.092911018048362409e-01
3.082780619009234044e-02 8.712615826834251009e-02
4.664588598995060564e-02 9.162507185786734898e-02
7.232774634961541826e-02 8.184528179799634151e-02
3.415738399677289983e-02 1.121735554110155630e-01
3.295158765517863797e-02 8.731982582258615566e-02
4.634677691576069569e-02 1.090763399543160095e-01
5.445935307724066726e-02 8.467845438093898891e-02
3.300432492914097404e-02 1.124711802205329292e-01
3.248571468959475517e-02 1.156340822255486900e-01
3.828873065620528454e-02 8.553721730880071983e-02
3.281977012755890599e-02 1.175133295953824653e-01
3.248571468959475517e-02 1.152807921794199303e-01
3.648859766351909145e-02 8.346662175615805757e-02
3.084339083718925720e-02 1.244891991311172785e-01
4.660797261908543321e-02 6.949319773156603652e-02
3.478374571821160610e-02 8.953231571095425501e-02
4.800907065516744204e-02 8.756062519151863732e-02
3.989902557178211240e-02 8.920797953744047382e-02
3.704518375128652841e-02 1.073541121043284224e-01
3.369601133176022834e-02 1.072182269669652577e-01
3.759258543122305507e-02 8.235543108651974253e-02
3.104029147905195893e-02 1.644717319954923096e-01
3.073670253261827703e-02 1.028240044534440706e-01
5.471341796800576612e-02 9.236722681508570398e-02
3.228152933653385265e-02 1.092887719235049321e-01
3.298088716923240626e-02 1.123177635636862237e-01
1.006598781007094906e-01 8.145558295000097926e-02
4.741785997549789744e-02 6.881804767808567813e-02
3.361861243945619970e-02 9.292392333226272283e-02
3.117335710486632272e-02 1.042354593936248575e-01
4.223307881973957512e-02 8.100958674314011343e-02
3.607715333847967554e-02 7.890681823603692968e-02
3.498064292195000868e-02 8.277144606098378599e-02
3.926800764172225233e-02 8.582697413628842531e-02
3.313396825159207332e-02 8.256248044353148297e-02
5.247114238510304507e-02 8.211730298713496023e-02
4.649445808111298678e-02 6.895764890409075698e-02
4.687443341548480635e-02 8.154985736222809811e-02
3.270059832246503817e-02 8.188496085136150182e-02
5.673142699190060478e-02 1.278024355888209840e-01
3.251152106477065568e-02 1.235394951609005143e-01
3.221023437094146930e-02 8.804483253645821461e-02
3.296203095079406481e-02 8.735754887600903629e-02
3.239276466317835695e-02 2.316616584157863978e-01
3.311637481316483805e-02 8.717002874270499135e-02
3.343513522637924645e-02 1.096676429692428067e-01
3.202315133908686245e-02 2.354218870489736271e-01
3.323938392456293051e-02 8.347580033775933717e-02
4.660797261908543321e-02 6.949319773156603652e-02
3.478898573465840499e-02 8.849529798223652877e-02
5.116514997950939725e-02 7.939532416958451633e-02
3.249035142040830604e-02 1.200391494569374162e-01
7.234980807263080571e-02 8.152447958934001815e-02
3.958481873181787097e-02 8.658441603748157078e-02
5.445690320655000721e-02 8.467649421709630420e-02
5.373918546213349995e-02 8.031419309654261318e-02
3.293074354580226987e-02 1.115377358913646200e-01
3.855631374987065346e-02 1.825362373700616658e-01
3.234789797696973473e-02 1.085407240480951441e-01
3.511062731850033564e-02 8.278101085523954794e-02
3.844036795809947782e-02 7.738140619880590210e-02
3.540308473140527101e-02 8.069652723801989946e-02
4.433376774402565668e-02 9.225443557462448263e-02
7.673600835491867223e-02 1.252593159126448030e-01
4.593241463261024671e-02 6.924680997316541575e-02
1.160326051381130180e-01 7.793935747303758210e-02
5.115714923675705045e-02 8.145599624872731925e-02
3.478374571821160610e-02 8.955064956384517494e-02
4.315796737478607564e-02 8.485312770872814603e-02
4.079755941571538980e-02 1.153098333893619182e-01
5.001987007767146748e-02 1.042725394422075597e-01
3.750240010824694437e-02 8.739635382346368220e-02
6.101239283866869562e-02 8.031875864458569436e-02
6.910825574261983406e-02 7.286090215399215753e-02
3.693052143014587813e-02 1.144726881847113742e-01
3.102418820174272091e-02 1.039922571374068405e-01
3.917480555236498713e-02 7.999189647482660148e-02
3.092653925718277796e-02 1.346914329886693407e-01
5.471937977863648023e-02 8.198703334016245459e-02
3.553447916841735721e-02 9.964852744058637357e-02
4.395693457225222783e-02 1.089819466546844695e-01
3.168781298150685072e-02 1.420094768513082140e-01
3.381358317683025305e-02 9.974750451461339429e-02
6.992272359030735074e-02 7.730594592254448616e-02
3.804204462430030992e-02 7.839713041834465990e-02
3.964457139567367783e-02 8.616926496048389617e-02
9.956283791869759148e-02 7.809205472474151088e-02
3.414081860847766742e-02 1.018696655323223788e-01
5.455108915358468369e-02 6.937053694415004634e-02
4.745042444916048457e-02 6.963422144019594529e-02
9.918695087359245821e-02 1.074253802716029493e-01
5.206281970995548652e-02 9.411189015939502855e-02
3.311966423088799627e-02 8.866720748830816956e-02
3.732102625920188238e-02 8.592710783127111007e-02
5.698129325993222388e-02 8.075057636854980625e-02
5.750508919564798621e-02 8.206162441438363819e-02
7.191092692912069706e-02 8.159108143508160549e-02
5.850670894562794155e-02 8.534294685846900708e-02
5.730899794116287027e-02 8.396662737551063849e-02
3.815834469153544378e-02 8.257059561832018335e-02
3.254048784936609817e-02 1.213025114871287419e-01
3.957839825607729900e-02 8.430971431878002409e-02
5.010058168457105082e-02 7.840887076005986778e-02
3.304250668142087732e-02 9.898067281172920340e-02
3.261435023143648138e-02 8.209253051524580125e-02
3.513400265735428657e-02 8.863894045717521375e-02
4.175249137062913424e-02 1.014650145089171923e-01
4.358676372117282344e-02 1.095995576375081576e-01
4.195342938831802398e-02 7.894894867513330139e-02
4.173950767722899025e-02 8.744370235522593016e-02
5.235648787062797266e-02 7.733430195063961676e-02
3.347176249685774457e-02 1.042059906162935007e-01
3.535820481180586977e-02 9.240215194521785025e-02
9.047220283771555127e-02 9.727357895975723145e-02
3.493081923706814473e-02 1.109695236251838774e-01
3.176026774202247299e-02 2.319687874866039057e-01
3.397120362949127698e-02 8.293072337114965054e-02
3.075676514308058745e-02 1.077007909233294591e-01
3.649730218924990971e-02 8.363906250464296643e-02
3.789986404593323477e-02 7.966457920971861673e-02
3.323938392456293051e-02 8.426327685392168143e-02
6.635272897999265618e-02 1.511560833622705435e-01
6.025300486752241391e-02 7.822735371364390733e-02
6.284740961358616096e-02 8.210945368754606066e-02
3.064910725267626715e-02 1.369096571023478703e-01
3.369191132440529229e-02 8.386445954163178340e-02
3.229625580004896745e-02 8.816256607447571503e-02
3.273084573450155133e-02 2.394218602365168203e-01
3.371097090603897978e-02 7.311194846233395883e-02
9.702469725257766020e-02 9.513701535957250210e-02
3.429106432804421289e-02 9.313632365792541556e-02
3.104418590946843651e-02 1.956846349477051050e-01
3.062562272019440576e-02 1.223886710595458449e-01
3.203362987400092121e-02 8.965861825611637359e-02
8.025265785285404241e-02 7.100241273264039366e-02
3.239276466317835695e-02 2.066995881878359309e-01
3.261435023143648138e-02 8.183151159335474989e-02
3.354337035676571016e-02 8.863895849840985885e-02
3.786865783638868749e-02 7.494675942763751042e-02
3.478898573465840499e-02 8.849529798223652877e-02
4.134248215523845388e-02 1.024313072753452181e-01
9.942910943429991710e-02 7.627995307715457196e-02
1.018091858887396617e-01 7.565960532220118717e-02
5.592101910535283299e-02 6.980725590928783808e-02
3.315364265740990829e-02 8.202818383923778101e-02
3.747588738996275592e-02 7.890491188925560784e-02
3.261435023143648138e-02 8.209253051524580125e-02
4.223307881973957512e-02 8.100958674314011343e-02
1.187639239977903161e-01 2.040874642484567791e-01
3.172518520087332788e-02 1.116010499237102688e-01
5.230523357831058651e-02 7.768252832981023537e-02
3.225499986260672858e-02 1.090516195672457667e-01
4.661339504199685929e-02 6.935856475508497820e-02
3.249812855262902700e-02 1.098222294016603651e-01
5.032154788992496131e-02 9.011155114222478557e-02
3.573937945290493745e-02 7.453750454359732436e-02
3.261689583222793926e-02 8.196754203832436192e-02
3.475633288714054941e-02 8.871384411198157682e-02
6.347019554963143073e-02 8.645433563090976214e-02
3.040985832469146610e-02 1.272551271479248347e-01
3.313473181574465298e-02 8.126602346838918134e-02
3.278426336562680760e-02 8.411058391311325433e-02
4.000514578613515587e-02 6.447905724865379828e-02
9.378678800848985753e-02 9.485117118455653473e-02
3.104029147905196587e-02 1.337326838989135458e-01
3.593653347412786164e-02 9.926005390039920051e-02
3.826018285349225279e-02 7.650675598960995916e-02
6.895643721410711635e-02 7.452639871931349136e-02
3.468802679197380279e-02 8.811137056262065281e-02
3.102418820174272437e-02 1.035921170705554617e-01
3.764380268923281370e-02 7.665934629319021143e-02
3.655640413189362864e-02 1.439608975240349309e-01
3.495935948977151042e-02 8.018668768698911098e-02
3.325857099631743252e-02 1.115276593371005015e-01
3.408940351228441357e-02 8.368820023905688965e-02
3.374750157203739581e-02 1.142620675689571819e-01
3.507819986265086482e-02 1.636560192525357282e-01
3.053256184219349523e-02 1.796974505159308344e-01
5.097730418035725797e-02 9.306161232162052377e-02
3.282058264836382189e-02 8.147158358826152302e-02
3.294581573396377500e-02 1.195786671885141206e-01
3.085819207180707721e-02 8.881678167008770497e-02
4.593241463261024671e-02 7.303737096322165945e-02
3.185991028394462299e-02 2.317050463094615098e-01
3.239248192554937400e-02 1.094776429373109788e-01
3.050078798927497933e-02 2.175690849831401485e-01
3.109706161936870092e-02 1.082182459924850154e-01
3.554397629077361842e-02 8.226815369135427602e-02
5.219411431957221570e-02 7.095215594435014261e-02
3.268459497558363902e-02 8.284611842154131212e-02
3.326085586729986276e-02 7.928138594312894583e-02
3.222743204060581762e-02 2.361729989147675901e-01
3.305821457110171696e-02 1.043709574533129014e-01
5.290679591854343528e-02 2.051087146808861783e-01
4.660612741700780742e-02 6.954491499559187218e-02
3.452799265202576018e-02 1.464325247186344103e-01
4.651066250747855346e-02 7.124901617928366959e-02
3.224226618366825975e-02 9.350730262065742870e-02
3.567247585617831784e-02 1.524657923846976237e-01
4.559975684867410839e-02 1.141150170936464647e-01
3.300596624119302158e-02 8.248681584479378159e-02
3.239276466317835695e-02 2.316616584157863978e-01
3.213038380123738047e-02 2.323810302038925579e-01
3.298708408458267405e-02 1.143426030631344015e-01
3.234626240855903445e-02 1.075061191426780194e-01
3.088391218538389174e-02 1.641846500006899079e-01
9.018638798305432525e-02 7.464189611084906528e-02
3.176026774202247299e-02 2.319687874866039057e-01
3.063822868217955242e-02 1.226734533893918538e-01
3.507949340348245904e-02 8.304862613001705307e-02
3.171974283934842626e-02 1.304697735171064243e-01
3.498064292195000174e-02 8.888647818067030304e-02
3.715312157717291786e-02 8.008892001781904579e-02
4.113467204943315608e-02 1.200440628370912782e-01
4.741785997549789744e-02 6.881804767808567813e-02
3.190398880089456712e-02 8.897236634101451935e-02
3.283503949912346814e-02 8.533373281372789998e-02
5.409497991038690612e-02 8.151282248402311192e-02
3.790241356058310362e-02 7.624796028255542701e-02
3.277732157166299287e-02 8.414484136132893699e-02
3.278000146923889385e-02 8.385090374833703564e-02
3.103161409608464968e-02 9.345861603960695096e-02
3.224278575760837484e-02 9.341256325069485777e-02
6.170286020549090727e-02 1.153524681285916231e-01
3.270451115030427458e-02 8.202301132165333575e-02
3.258202864137706850e-02 8.592049952097041698e-02
3.088391218538389174e-02 1.562625495694448252e-01
3.139902690329378354e-02 2.347464222246809507e-01
4.726623844755380860e-02 8.334182739231602022e-02
1.503526049896884431e-01 8.549098676469846225e-02
6.917675785290194890e-02 1.458154527882621343e-01
1.456772521096834638e-01 1.626808332813354518e-01
3.235925183217414070e-02 8.177229803940005981e-02
3.115910049360814948e-02 1.042164079417012418e-01
4.660733586872761736e-02 6.888386284396390280e-02
4.651128927897595772e-02 7.124950116198888739e-02
4.181490829268202231e-02 1.346509130226414552e-01
3.431507461339200482e-02 8.349813982085514674e-02
4.198130535786539358e-02 7.904327872901957541e-02
4.529013627233110378e-02 6.921369735516685884e-02
4.702685202907940648e-02 8.209656102951809475e-02
9.910384747352156409e-02 7.797767013420851823e-02
3.235539848326185464e-02 8.822563237878529308e-02
7.277155242458308027e-02 7.224529825370872016e-02
3.168777786213509279e-02 1.420094531348144729e-01
3.191313941766190515e-02 1.942706131248485846e-01
3.156024961468968659e-02 9.008214206081099906e-02
3.300596624119302852e-02 8.345651280791924198e-02
3.270059832246503817e-02 8.188496085136150182e-02
3.160529129208364957e-02 2.218861602132732869e-01
3.182342818209654006e-02 8.943570454655472290e-02
3.343797535693875805e-02 8.415000451883247745e-02
3.593532264000597748e-02 1.279462361131935566e-01
5.141244644014953541e-02 9.882606402422323966e-02
3.090874993399835707e-02 1.076274897619464571e-01
4.655600368851031678e-02 7.689348488283855032e-02
4.585098442354446774e-02 7.808651298732423307e-02
5.817096316620967711e-02 7.796940534665666722e-02
4.163328874113252087e-02 8.206991804834970483e-02
3.857977956619493276e-02 9.600469392501202737e-02
3.551605091928781294e-02 8.130297729336206924e-02
3.040583664579471837e-02 1.315258857093624667e-01
3.250189437164782702e-02 8.257432324813747393e-02
4.724096942013636391e-02 7.042379728246064841e-02
3.743306082489233216e-02 8.568149542746424097e-02
3.105890755820312280e-02 1.036615051307490792e-01
4.661339504199685929e-02 6.935856475508497820e-02
5.811945577828110665e-02 7.062226049686649854e-02
3.217411601656013087e-02 6.916439707258598135e-02
4.548046035593828612e-02 8.299809437085596542e-02
3.205792436301159454e-02 9.323914488664460098e-02
3.100495000379163701e-02 1.645063522426800651e-01
5.342352596663807462e-02 7.121562043586428248e-02
3.075194745715788963e-02 1.071224306775093726e-01
3.213275118901184890e-02 8.369921805817549798e-02
3.377068122329567740e-02 1.160936644464601042e-01
5.228562103428496116e-02 6.997182100266526039e-02
4.744733714391768248e-02 7.071024342648173089e-02
3.042321306480339632e-02 1.076140779303087214e-01
5.289004571988694531e-02 6.970136203901283745e-02
3.233436323004650753e-02 8.197847498917427977e-02
3.080980449713694239e-02 1.044105870041748402e-01
5.455108915358469757e-02 6.937408688766118214e-02
3.503908872861226376e-02 7.970818717187994062e-02
5.939254255529204107e-02 9.586709634520060308e-02
5.395497115108371239e-02 1.716348457118126447e-01
4.745116001759331487e-02 6.961774468033683771e-02
3.269803598281757068e-02 8.191715039244572283e-02
4.297236189741232559e-02 6.892527238164024295e-02
3.885393819604045923e-02 7.598462448905268785e-02
4.280892432722537000e-02 6.586149218972546515e-02
9.810892331012481538e-02 9.558545806519844201e-02
3.763153329969386174e-02 8.621086140800023057e-02
3.143614012754880616e-02 2.360411739859142599e-01
3.869083805701756251e-02 9.661334064381717213e-02
4.050831721513761113e-02 2.234194346925368613e-01
3.184991847526437436e-02 9.723080832780742200e-02
6.211893421566190565e-02 9.490241466522589264e-02
4.601636886032044182e-02 6.904222547926734677e-02
3.284189855249810414e-02 8.324244269849122302e-02
3.135629312211684477e-02 1.036511593743043719e-01
3.205767919444956621e-02 8.975074257847553971e-02
9.727924847598251601e-02 7.478595826843208172e-02
4.854557737226275482e-02 7.792771928699403217e-02
4.166286847955097405e-02 1.206790448250456282e-01
8.516903541219573992e-02 7.424827906918921028e-02
4.659990057246166800e-02 6.953661175299691299e-02
3.213509128308435214e-02 1.185214063094890830e-01
3.121759925082894654e-02 1.035872601166838852e-01
3.477850993487119347e-02 8.096509382105325503e-02
4.593241463261024671e-02 7.303737096322165945e-02
3.221023437094146930e-02 8.804483253645821461e-02
3.845357178981723134e-02 1.304646800976142218e-01
3.979895907269185434e-02 1.017761777864566314e-01
5.452788139404309009e-02 6.768368598356611088e-02
4.467228821779400255e-02 8.577052050789653326e-02
6.061093038859519111e-02 6.968432823861032965e-02
3.089714602376656544e-02 1.045588754090974459e-01
4.767026501581821812e-02 6.852380824515723334e-02
3.102418820174272091e-02 1.041387641054845048e-01
3.326085586729986970e-02 7.901565007116972961e-02
4.666763891425441957e-02 6.891423550591510572e-02
3.084339083718925720e-02 1.052361374047535020e-01
3.115910049360814602e-02 1.236973077738667964e-01
4.660612741700780742e-02 6.954491499559187218e-02
4.660797261908544015e-02 6.952293867732918520e-02
3.285138744042435943e-02 8.168669190010816039e-02
4.342259210174917450e-02 7.267947754930551008e-02
4.722412948962309565e-02 8.512496855491721859e-02
4.203530909787942665e-02 8.740839301898216396e-02
4.593241463261024671e-02 6.924680997316541575e-02
3.088391218538389174e-02 1.562625495694448252e-01
3.319501483278881893e-02 7.896810170687054709e-02
3.918407911065275445e-02 8.119419582179969452e-02
3.299809171811789177e-02 1.094353099237398014e-01
4.729897543188413961e-02 8.330027185845076398e-02
4.483549004013627493e-02 6.990386100643616873e-02
3.099521130149180542e-02 1.095631070717822814e-01
3.369525888946355713e-02 7.944913817363111197e-02
3.261795874168620102e-02 8.209707844152225320e-02
4.660612741700780742e-02 6.954491499559187218e-02
3.136756225860069108e-02 1.045384564567772984e-01
3.279871652465087689e-02 8.648064044672261474e-02
5.307189348067148371e-02 7.423347332268143139e-02
3.223601168156643715e-02 8.161633755604819074e-02
3.272047230279125085e-02 8.160740862895962677e-02
4.472571872880381355e-02 7.197416012237525806e-02
3.365456833485708232e-02 8.615595559587253816e-02
3.174069431000744318e-02 8.933168273721953101e-02
3.257972403133155975e-02 8.305611851722698169e-02
4.661339504199685929e-02 6.935856475508497820e-02
3.084339083718925720e-02 1.244891991311172785e-01
3.428986480432734407e-02 8.120104855293917845e-02
7.198331378878146392e-02 7.206032814507126738e-02
3.804204462430030992e-02 7.834605817796684579e-02
3.221023437094146930e-02 8.809231211648550774e-02
3.532576622112974796e-02 8.426357655101986144e-02
3.239539732078835360e-02 8.774863960426179665e-02
7.107633357004973507e-02 8.258768462068434568e-02
4.817184237250664303e-02 6.435142870001786530e-02
4.660612741700780742e-02 6.954491499559187218e-02
4.235907328310212910e-02 1.360700115810954125e-01
3.115697983872498661e-02 1.039304448468161418e-01
3.196507955665497946e-02 9.391682156531930281e-02
6.221281226315279744e-02 7.079797830452451424e-02
3.558071073144831314e-02 8.083731165559931986e-02
3.271974543678875247e-02 8.180691967525476060e-02
3.786045474960724605e-02 7.501992756680814223e-02
3.789986404593322783e-02 7.964191994796261664e-02
3.563500661061679703e-02 1.105109461975961327e-01
3.486474677328166988e-02 8.117931313164016005e-02
3.235925183217414070e-02 8.408247680569315430e-02
3.332433521084305489e-02 6.617788866454263341e-02
4.650752131812114359e-02 8.830722949473771011e-02
4.337180657157769376e-02 7.652230949511774905e-02
3.648921159227723476e-02 1.172951914786286715e-01
4.373058825670439465e-02 1.664008001167437134e-01
5.918566212025540285e-02 1.069261024352022582e-01
4.651066250747857428e-02 6.987867692449252488e-02
3.247734040265413957e-02 2.025488789492199404e-01
5.455108915358468369e-02 6.891801942219666355e-02
3.103503768279969668e-02 9.444417425339519945e-02
3.270451115030427458e-02 8.202301132165333575e-02
3.197438271610918148e-02 9.345271387385130357e-02
4.593241463261024671e-02 6.924680997316541575e-02
3.089382877758230922e-02 1.580648158201876097e-01
3.180974883501509060e-02 8.859160237641340585e-02
3.064728913271401109e-02 1.242418968622573949e-01
4.120389760753973007e-02 6.764544628009432070e-02
4.601636886032044182e-02 6.904222547926734677e-02
4.709362104345858613e-02 6.938054059235877757e-02
3.269846156738250020e-02 8.205137861039696334e-02
4.660797261908543321e-02 6.889200374482221112e-02
3.275206119009472366e-02 8.180350725111149024e-02
3.212408510049338806e-02 8.843623114789816997e-02
3.880311425126896363e-02 8.003801915123481825e-02
3.114312044307399746e-02 1.088003986506913823e-01
3.267017387673457757e-02 8.364253737122777366e-02
3.545896996512853255e-02 8.119397686056332997e-02
3.094212077104220929e-02 1.439114988892362390e-01
3.316940926669868089e-02 8.584846136552209961e-02
4.453950032260105274e-02 9.114683266890499791e-02
3.117486224889751828e-02 1.042379881092510147e-01
3.256671511794513585e-02 1.032028066917497905e-01
4.651425526202899313e-02 7.432942187777544230e-02
4.848420496240694877e-02 6.824351702867891001e-02
3.553953750319729932e-02 6.526975285772466939e-02
5.696227789168809008e-02 8.523179266461351766e-02
4.675394470394222957e-02 7.968460955747411201e-02
3.046820304648211256e-02 1.937907146611411446e-01
3.329366723402685940e-02 7.895430600776193186e-02
4.848231302618188215e-02 6.960513256913665459e-02
3.170464897585285186e-02 8.797592490573254154e-02
5.306252358558547627e-02 6.828410319562128183e-02
3.102418820174272437e-02 1.100985346329833997e-01
3.088890923119930534e-02 1.042386406936616633e-01
3.082447038870879744e-02 8.697817584903799748e-02
3.795517132602457128e-02 8.307230899516467038e-02
3.229547504114817225e-02 8.816149801180871159e-02
3.263411801962774750e-02 8.143134938686484581e-02
4.464301246948187973e-02 7.189207090472013451e-02
3.238040096164979120e-02 8.017105293362483676e-02
3.064005352022183479e-02 1.083313365141005541e-01
3.295504718557993457e-02 1.007004668462548186e-01
3.281890291353771472e-02 6.740689944111391552e-02
4.514073835243395671e-02 8.248209539835585358e-02
5.208195857468675416e-02 1.248269005908329565e-01
7.247300359197828001e-02 8.400948451540188322e-02
4.593241463261024671e-02 6.924680997316541575e-02
3.233436323004650753e-02 8.197847498917427977e-02
3.318226094095957923e-02 8.132447793349410758e-02
3.101472793860133789e-02 9.441326443074682384e-02
4.393522967291486891e-02 6.775474417083478251e-02
1.079595550869970194e-01 9.351349998882384218e-02
3.223601168156643715e-02 7.730669379157592558e-02
3.261435023143647444e-02 8.201232703754239572e-02
4.593241463261024671e-02 6.924680997316541575e-02
3.425132214771597211e-02 7.581557952925399579e-02
3.174055121786409361e-02 9.058366249599793252e-02
8.860994175100651848e-02 7.341970291227895018e-02
3.618302160979840199e-02 9.192262713210479219e-02
4.779402254315473497e-02 9.363406721779761466e-02
3.207148732219452375e-02 7.977988403610249135e-02
3.102418820174271744e-02 1.039849141782888120e-01
8.327500067847624921e-02 7.221965591038383148e-02
3.232805030204041058e-02 8.281685256889563529e-02
3.176170216291832049e-02 8.384211423082928161e-02
4.800891994244942812e-02 7.264539415872088568e-02
4.654557257635603962e-02 6.998374522347844406e-02
3.230948344278602308e-02 9.752451022458985541e-02
3.203362987400092121e-02 8.648628714974977705e-02
3.261689583222793926e-02 8.277885945180070426e-02
3.786045474960724605e-02 7.501992756680814223e-02
3.102418820174272091e-02 1.039922571374068405e-01
3.098722133730530751e-02 1.116852022406190637e-01
3.077993690839728180e-02 1.070890922221253150e-01
4.727445363940858264e-02 7.062460003810569487e-02
3.254704864622565141e-02 8.409451802421165356e-02
3.261435023143648138e-02 8.209253051524580125e-02
3.290395124851357850e-02 8.765898618220714644e-02
3.045914540891410394e-02 8.700221320977404027e-02
4.438969640633880914e-02 8.549133393298442851e-02
3.252596968792712678e-02 1.066144290105166537e-01
3.173505259124578121e-02 1.057584765643411889e-01
3.689483995454839044e-02 1.024357805222741169e-01
3.137751882045037438e-02 1.157484051231599392e-01
3.223549164445212861e-02 8.631834116320649675e-02
3.846410129371018866e-02 7.485026392114778326e-02
3.085955728774785259e-02 8.881874659750213508e-02
3.685594702211003604e-02 8.646436809302214532e-02
6.782669021065844406e-02 9.939997848129118740e-02
3.052154542875105264e-02 1.075672920019555834e-01
3.223393871705869385e-02 8.161805453225069729e-02
3.075428721572621288e-02 1.071201579365601564e-01
3.282058264836382189e-02 8.147158358826152302e-02
3.080980449713694586e-02 1.040205464077736675e-01
4.367011984449433587e-02 6.776635894314324282e-02
4.714522578850843110e-02 7.143899834941777605e-02
4.074803715083593486e-02 7.662731496126977404e-02
4.582514171065316805e-02 7.798956997492861865e-02
3.233260306966600356e-02 8.273339094866315191e-02
3.366574219481407310e-02 8.083038972639558506e-02
3.264152623238578133e-02 8.186564861828697637e-02
3.234079762195720548e-02 8.405847994598407424e-02
3.170660124607566771e-02 9.032126478466538655e-02
3.111126455910879010e-02 1.072553176367708055e-01
4.881688588165053466e-02 9.982211766205996428e-02
1.006430762331989165e-01 7.627193554218160421e-02
3.771316582462608258e-02 7.987817135857160078e-02
3.270059832246503817e-02 8.188496085136150182e-02
3.285138744042435943e-02 8.168669190010816039e-02
3.262675981808109416e-02 1.075367659673750753e-01
3.085819207180707374e-02 8.859905942168912196e-02
3.237127707351536432e-02 7.818949072074835027e-02
5.157325151317172091e-02 1.527431451957692032e-01
9.987730067411097756e-02 1.632312458077121164e-01
5.452788139404309703e-02 6.768438700489494420e-02
3.369525888946356407e-02 7.944817426608456745e-02
3.174069431000744318e-02 8.933168273721953101e-02
3.102418820174272437e-02 1.035921170705554617e-01
4.660733586872761736e-02 6.888386284396390280e-02
4.601636886032044182e-02 6.904222547926734677e-02
3.176115050865049860e-02 8.909569885436428860e-02
4.958487732706289008e-02 6.972290790122577520e-02
3.238948079060889607e-02 7.808621690112674263e-02
4.555145724546492275e-02 7.337774367590782498e-02
3.165158298285933314e-02 8.539738062887550218e-02
4.694102220797166658e-02 7.082506873886985910e-02
3.109382089806059929e-02 7.937617496149555751e-02
3.040627817117021875e-02 1.315268407479494583e-01
4.023397023067298850e-02 1.362574876528821755e-01
4.128017159230406435e-02 1.113633094229506126e-01
3.291336235567674656e-02 8.742377640500614833e-02
3.143663669934352450e-02 1.091653949236484483e-01
4.407086766228760638e-02 6.811626441741976123e-02
4.750618994968373171e-02 6.880018315702167431e-02
3.577236090297819526e-02 7.784072053916613054e-02
4.532175124743903494e-02 6.758753933069538977e-02
4.844134137328045403e-02 6.862656226680925731e-02
4.666763891425442651e-02 7.185495954727004475e-02
3.697732635212617330e-02 8.285182233024934728e-02
3.245991114155995921e-02 8.251985554731326722e-02
4.342259210174916756e-02 7.348711395951147696e-02
4.687735711301887348e-02 6.913623024524892524e-02
3.165158298285933314e-02 8.015196693613918510e-02
4.232185353106657916e-02 8.440633237029664115e-02
3.213045131241147601e-02 8.670757400452569486e-02
3.234684416357808123e-02 8.636355159156407224e-02
4.208524050839679981e-02 1.313186250712287950e-01
9.847133047317040144e-02 7.860910564178522075e-02
3.080816026693414256e-02 1.040228276537366603e-01
3.263685360350138120e-02 8.142956739255845233e-02
3.170464897585285186e-02 8.797592490573254154e-02
4.565856051233784657e-02 7.178213005522277035e-02
3.066469729282572318e-02 1.259847496804776257e-01
4.303395586976963005e-02 7.394188571281429256e-02
4.537959725382399029e-02 6.768611112273077712e-02
5.013238757335750084e-02 6.830188388335969862e-02
4.848420496240694877e-02 6.845318625499194343e-02
3.227790884595244797e-02 8.813746527845515988e-02
3.041749733784430629e-02 1.054149902991022986e-01
3.222968252319702992e-02 7.879321276054460088e-02
3.268442290601977079e-02 1.007829215553275731e-01
4.288178908207451734e-02 8.180417955924416951e-02
3.961867923322441587e-02 8.112629885543459762e-02
3.206298169724778463e-02 1.078684855084759836e-01
3.166283207889551005e-02 8.652381910985298963e-02
4.895638506876449220e-02 8.429882513257942744e-02
3.075995728930920603e-02 1.371571534527008529e-01
3.768510282213033413e-02 7.289243216265051117e-02
3.326085586729986970e-02 8.128913072760943215e-02
3.683442551076229060e-02 7.762958031270912607e-02
4.425355330872370735e-02 6.749037352481741803e-02
4.536508204844573455e-02 6.832458865474376475e-02
3.764818874438469881e-02 7.965311237374569919e-02
4.367011984449433587e-02 6.776635894314324282e-02
4.585600533910980797e-02 7.076209060908122961e-02
3.170718432286447758e-02 8.831187148210839499e-02
5.050793158002250816e-02 6.982453592253905217e-02
4.273617933150083981e-02 6.872420259058671654e-02
4.593241463261024671e-02 6.924680997316541575e-02
3.319501483278881199e-02 7.897491808804553426e-02
3.186835131298115797e-02 1.048509800093365973e-01
3.225014624324362700e-02 7.752452987109516302e-02
3.224226618366825975e-02 8.600850259458038549e-02
3.903355682820072725e-02 7.741691345856813178e-02
3.329366723402685940e-02 7.932406838609007416e-02
1.021953242450178573e-01 1.298288129292531068e-01
3.804204462430029604e-02 7.833417587729674114e-02
3.670879375184806642e-02 8.706289338934516953e-02
4.668172893568112158e-02 9.428323206098020159e-02
3.052154542875105264e-02 1.112158912442848535e-01
3.050518983600713011e-02 1.075384441874294855e-01
4.351667938075007985e-02 7.165609329620482859e-02
4.078944225095108844e-02 9.073679493371930582e-02
3.190020083943371360e-02 7.974564405792602950e-02
3.233706114400742432e-02 8.659860178129827335e-02
3.206279303286257293e-02 9.062441529009084007e-02
3.788032124489627145e-02 8.145959358910344339e-02
9.513228514505425726e-02 1.368104423437047912e-01
4.059684960614059340e-02 6.522805440304513258e-02
5.500952773896575915e-02 6.774099153423092379e-02
4.487093562893972043e-02 6.974126808516875609e-02
4.601636886032044182e-02 6.904222547926734677e-02
3.235925183217414070e-02 8.171616852711720280e-02
3.201108882515638770e-02 6.948461773100343686e-02
3.077993690839728527e-02 1.392635783163097829e-01
4.645255940096420372e-02 6.876845105628603960e-02
3.235925183217414070e-02 8.177229803940005981e-02
5.452788139404309009e-02 6.768368598356611088e-02
4.252975302708925792e-02 7.605004966148147527e-02
3.825687658978249583e-02 7.650340270670920317e-02
5.306753120828710396e-02 6.828739231380832886e-02
3.316334345236347791e-02 7.657587551336383913e-02
3.231199029475281814e-02 8.003610944157918405e-02
4.018851510240496749e-02 6.658329377364177737e-02
4.464301246948189361e-02 7.310774087967363000e-02
3.550714923935830575e-02 1.352440505071945132e-01
3.172723524923194011e-02 8.847543162722956711e-02
3.057015581399640317e-02 1.076529965073910605e-01
4.728846388658588390e-02 6.305958642833683903e-02
1.002989767695457862e-01 9.503889965701337039e-02
3.846410129371020253e-02 7.487612547627066351e-02
3.223549164445213555e-02 8.504984616820043808e-02
3.215577729603608104e-02 7.050295848645979357e-02
3.098721758268805151e-02 1.028582246774102371e-01
3.044069198344278443e-02 1.822290708885525856e-01
3.343816592579622327e-02 7.868712541782163505e-02
3.093357175617816174e-02 1.188052481946332839e-01
3.231199029475281814e-02 8.003610944157918405e-02
3.213275118901184890e-02 8.369921805817549798e-02
4.848286913051525621e-02 1.321949110534729466e-01
3.232022218260794527e-02 6.734480329687232703e-02
4.420098670305581262e-02 1.150579277979065923e-01
5.452788139404310397e-02 6.806155835968512313e-02
3.067639199592823648e-02 1.078268965374772348e-01
3.084436096727833504e-02 1.047328118596654728e-01
4.535375029288267468e-02 6.793939946458053825e-02
3.250564953282503861e-02 8.760131513616278842e-02
5.994466947456997263e-02 8.341523244686256666e-02
3.733010275900094238e-02 8.639729201691022376e-02
3.367019816859474074e-02 7.672295737951137506e-02
4.819499525398426854e-02 6.921573821097545820e-02
3.201108882515638770e-02 6.884311425796808825e-02
4.367011984449433587e-02 6.776635894314324282e-02
3.803765890363266372e-02 7.520555541025425450e-02
7.992003019284821264e-02 8.428163612312400410e-02
4.367732136023178696e-02 7.158833065492271885e-02
3.372155325526335345e-02 8.062686362434724752e-02
4.645709555760893505e-02 7.959673407936891654e-02
3.227231114700917364e-02 7.119220170336938713e-02
3.062349857008721948e-02 9.772482084298649008e-02
4.842104889747930740e-02 6.823579981610330969e-02
4.127814635123596559e-02 6.755435166837409078e-02
6.585104967031134293e-02 7.220964039022549630e-02
4.529013627233110378e-02 6.921369735516685884e-02
3.094898357651550830e-02 9.209368522762823028e-02
4.341395572996825658e-02 7.691644328882191184e-02
4.323095230512973702e-02 6.720977644562320386e-02
4.484283807587149256e-02 6.986224524022345561e-02
3.054172365711861625e-02 1.076145944471205707e-01
3.240751700633049542e-02 8.428067665118270380e-02
5.452555805918633813e-02 6.728498282892901583e-02
3.220907552189006262e-02 7.736768365815073489e-02
3.074562946931632540e-02 1.070963324635270386e-01
4.276957843795285014e-02 7.222649084239690653e-02
3.784355916369028239e-02 7.512515746134432182e-02
3.201108882515639464e-02 6.929001427478187480e-02
4.405465696481718901e-02 6.810363302227122329e-02
3.088270348881632515e-02 1.038081303606394473e-01
4.483386830057982386e-02 1.172221144046899921e-01
3.242052423178464621e-02 6.925507488907761688e-02
7.691750689547378894e-02 8.005649511679298336e-02
4.360437714896368139e-02 7.025706737083511899e-02
4.532175124743904188e-02 7.236465901553024160e-02
4.377699020352911891e-02 6.870647519337487463e-02
3.600662905899579269e-02 8.259875344642432504e-02
5.074804208959971669e-02 7.534560657512222315e-02
4.342259210174916756e-02 7.348711395951147696e-02
3.223601168156643715e-02 8.161633755604819074e-02
3.790985328270318061e-02 7.254859915660405445e-02
3.057015581399640317e-02 1.076529965073910605e-01
3.065278527233931960e-02 1.070566791355506281e-01
3.237461227113185708e-02 8.272749023275494107e-02
4.726308245132745250e-02 7.398839783888812305e-02
3.846182106312998061e-02 8.618622106334611344e-02
3.725611612439872627e-02 7.537321105190844528e-02
3.077868897963336250e-02 1.280248187648307390e-01
5.233657466722162199e-02 9.551920730815999239e-02
4.538731807073399793e-02 6.821500460672816346e-02
3.172723524923194011e-02 8.847543162722956711e-02
3.237566206413585584e-02 8.203084010439726237e-02
3.784355916369026851e-02 7.534031141758026906e-02
3.808228100964800716e-02 7.329463405539013432e-02
3.260022552986886757e-02 7.241527733095623476e-02
3.188816317715041648e-02 1.086725950212807101e-01
5.298246960788486476e-02 6.994020808159524816e-02
3.786045474960724605e-02 7.501992756680814223e-02
4.549205905641276471e-02 6.658947770604296823e-02
3.309539368060848696e-02 8.113095407436729523e-02
4.653495229162227242e-02 6.774855933558257548e-02
3.050818250485803559e-02 1.075880836782459049e-01
3.235869682277654064e-02 8.100432855766794005e-02
5.591892661138597731e-02 7.406601252207493935e-02
4.482373091622883499e-02 8.137977744209566600e-02
3.255113190060051481e-02 7.145722376176154300e-02
3.833041655622481531e-02 7.575196427465612226e-02
3.090837681876188944e-02 1.054734512664224078e-01
3.172841382415192424e-02 8.748430149792785215e-02
3.329297325865605839e-02 9.042222769771646185e-02
3.091535534903978172e-02 9.112052402429693387e-02
3.885393819604045229e-02 7.599510034231611588e-02
7.044006780331940609e-02 6.928864179454415073e-02
4.342259210174916756e-02 7.348711395951147696e-02
4.142136467634949942e-02 7.383917967362704782e-02
4.130808368080831489e-02 8.363247779647306479e-02
6.579199074432361127e-02 9.239256799362187411e-02
3.223601168156643715e-02 8.161633755604819074e-02
3.310177853531009323e-02 7.657216142833633832e-02
3.082529581396775686e-02 8.881644100444309464e-02
4.278906895386731107e-02 6.816222702317212279e-02
3.259441745213188107e-02 7.989524499409451919e-02
5.118322050814962110e-02 7.447432950676891039e-02
3.359836884823889230e-02 8.140985457486620003e-02
3.175915526405112543e-02 7.974720547786454117e-02
4.074009972355746578e-02 7.337209465600823266e-02
5.607420455925331976e-02 6.780311049327603090e-02
3.238087674416633560e-02 7.005387586627510876e-02
4.323095230512973702e-02 6.720977644562320386e-02
4.367011984449433587e-02 6.776635894314324282e-02
4.367011984449433587e-02 7.058432248147883392e-02
3.117594032397929399e-02 7.905380527252330036e-02
3.557033859715093282e-02 1.050773897008775160e-01
3.394420678807875957e-02 7.469297039961038387e-02
3.105731634306103939e-02 1.027002020074007232e-01
3.091535534903978172e-02 9.112052402429693387e-02
4.367732136023178002e-02 7.158122833161190135e-02
3.080816026693414950e-02 1.040347079264413027e-01
3.459695748263293819e-02 7.930612801641977183e-02
3.220212878170736898e-02 7.725645175144529864e-02
3.175915526405112543e-02 7.974720547786454117e-02
3.175915526405112543e-02 7.974720547786454117e-02
3.931510555304314203e-02 7.111586815838367992e-02
3.209755978750563482e-02 8.639749040891710197e-02
3.260426658852690063e-02 7.241979610875330653e-02
4.223261484115023445e-02 7.043206815723845882e-02
4.093020402415397524e-02 6.745295813604013091e-02
6.421985569485376411e-02 7.162275759195796399e-02
5.194086859733205996e-02 8.258251221695465938e-02
3.977319856240964929e-02 6.830604708931112268e-02
4.653495229162227242e-02 6.774855933558257548e-02
3.207148732219452375e-02 7.977988403610249135e-02
3.369256788643861661e-02 7.519637360143290039e-02
3.075428721572621288e-02 1.071201579365601564e-01
3.204248849932504056e-02 8.790493644894509240e-02
4.005032145969312368e-02 1.033120539608898408e-01
4.029730331581107827e-02 7.932950097197352668e-02
3.488276414637092593e-02 7.466881078185368115e-02
4.278892260066363695e-02 6.816414286443306381e-02
4.127847044842211655e-02 6.755439427737119917e-02
4.071961751652389272e-02 8.007402346876596466e-02
4.211201095547723039e-02 1.268302721964326696e-01
4.323095230512973702e-02 6.720977644562320386e-02
4.277445427287200619e-02 7.216133917619170501e-02
3.146820700584434388e-02 8.337621103141940049e-02
6.076626514614332647e-02 7.103029599413947237e-02
3.224087037149679646e-02 8.383992336728124384e-02
3.158530950731349568e-02 1.328160917817319819e-01
1.003425536466566736e-01 9.098074335157688153e-02
5.108192915562363018e-02 6.456490250283591914e-02
5.096560557076986603e-02 6.864961641473767140e-02
3.058026586102377542e-02 9.798766671837766395e-02
3.199156507870743599e-02 7.975444394057214226e-02
3.174307127175243770e-02 8.490710349083087360e-02
3.534848226225349027e-02 8.426240595451647830e-02
3.082757749819452914e-02 8.801789975746336647e-02
4.278906895386731107e-02 6.816222702317212279e-02
3.175253238836446557e-02 7.924051925557679121e-02
3.170464897585285186e-02 8.418328597620683418e-02
3.220907552189006956e-02 7.714405162029068508e-02
3.054590963878731080e-02 9.100365905568796876e-02
3.081594288853883867e-02 1.048472756458465605e-01
8.863514724901561115e-02 8.933479458693478759e-02
4.022287498180029258e-02 6.266500067131032525e-02
3.213045131241147601e-02 8.670757400452569486e-02
3.223601168156643715e-02 8.161633755604819074e-02
3.217163805704749413e-02 7.872217736478583083e-02
3.031941798105001681e-02 2.184863011534281252e-01
4.115485017167590243e-02 1.029021065483014946e-01
3.471912081636115144e-02 1.448208357830351733e-01
3.094898357651551177e-02 9.166132811463530150e-02
3.084339083718926067e-02 1.059322609944878396e-01
4.099050276953177668e-02 7.941818248691862037e-02
3.611638580542970295e-02 8.184464807941521647e-02
4.232806421705318650e-02 6.753620279898568668e-02
3.085511893244426845e-02 9.103169917972042668e-02
4.234646709711850643e-02 8.617298558327779467e-02
8.712647149757360432e-02 8.945913529209341408e-02
4.323095230512973702e-02 6.720977644562320386e-02
3.134592433334140033e-02 6.923061114983425357e-02
3.164996749853287578e-02 8.751325425015592241e-02
4.577397425540231934e-02 6.749961141008657683e-02
3.456116864523001847e-02 7.346993865835381443e-02
3.462712973926854176e-02 9.011482043289127664e-02
3.241140659496463683e-02 7.893814432895301936e-02
3.073114498204589443e-02 1.016707989218169489e-01
3.074562946931632540e-02 1.070963324635270386e-01
3.044069198344278443e-02 1.822290708885525856e-01
3.047205013835229889e-02 1.938029510486121432e-01
4.272432628863843951e-02 6.871463617962597636e-02
3.056669848006848475e-02 1.032363051217645850e-01
3.252134526878422416e-02 7.159844113056061665e-02
3.051989656670019840e-02 1.057805635905039593e-01
3.059402575422543250e-02 1.290233132720980391e-01
3.170464897585285186e-02 8.797592490573254154e-02
3.084339083718925720e-02 1.061938794548929754e-01
3.094898357651551871e-02 9.210151571374881885e-02
3.350596852860148606e-02 7.827357159938576336e-02
4.367011984449432893e-02 6.736033222914362961e-02
3.091535534903978519e-02 9.180965802562555955e-02
3.075194745715788963e-02 1.057221116989495446e-01
3.085955728774785259e-02 8.728717059308244153e-02
3.238948079060889607e-02 7.808621690112674263e-02
3.091776666229919396e-02 1.084083422085902193e-01
3.091623681021179321e-02 9.107680573863440043e-02
3.601520724606111640e-02 1.036922025731456531e-01
3.039665312459348401e-02 1.310844756106953890e-01
3.059025851958912037e-02 1.136069011186748995e-01
3.201108882515639464e-02 6.829237857228163955e-02
3.109382089806060623e-02 8.067879766392346830e-02
3.053826683325725627e-02 1.047397025149107985e-01
3.814833964515079723e-02 1.396181736497683346e-01
4.249847827707208675e-02 6.620324626971942072e-02
7.901108566697070956e-02 1.170354649733728464e-01
3.182116229585305739e-02 6.613297203354522036e-02
3.080980449713694239e-02 1.044105870041748402e-01
4.326024724656192533e-02 7.115152302938185236e-02
3.242052423178464621e-02 6.925507488907761688e-02
4.300356080326731001e-02 1.017040557003293377e-01
4.664767276267095530e-02 1.010178966603053063e-01
4.732662554104221514e-02 7.236552968368477334e-02
3.061966031601416616e-02 1.080685553376201369e-01
3.175549361967408557e-02 7.905241841449547890e-02
3.152097375409176200e-02 8.297995880084757525e-02
3.175915526405112543e-02 7.974720547786454117e-02
3.072879012231670426e-02 1.016724950077665668e-01
3.058115756735419605e-02 9.537476803394814850e-02
3.201108882515638770e-02 6.948461773100343686e-02
3.260022552986886757e-02 7.241527733095623476e-02
3.117594032397929399e-02 7.905380527252330036e-02
3.041749733784430629e-02 1.054149902991022986e-01
4.127800329598515366e-02 6.755423385729303343e-02
3.065284582844830102e-02 1.070567850157025658e-01
3.084749288410266327e-02 1.047160946022476918e-01
3.293342474171655904e-02 8.959851002326152392e-02
3.565166931536443290e-02 7.011297509391987981e-02
3.133993556359184612e-02 8.112755592344561562e-02
4.639283343833060930e-02 1.032691986424972147e-01
4.659192466204810368e-02 7.347790755295460774e-02
4.817343521089997860e-02 1.041207241893595953e-01
8.637102400787366463e-02 7.295648306919123860e-02
3.172730731924303105e-02 8.748276457741410717e-02
3.117678023717253624e-02 7.905487024114933592e-02
6.971866720295670505e-02 9.071040591646785389e-02
4.071713560817179223e-02 6.260284369554898476e-02
3.144983610090963666e-02 9.081177226120472346e-02
3.433042466023996514e-02 6.932992673547576368e-02
4.323095230512975784e-02 6.496208776214482117e-02
3.082447038870880437e-02 9.082390272415606647e-02
3.047239481815431153e-02 1.385339753502197457e-01
3.253568842965631064e-02 7.281960510078969162e-02
3.041749733784430629e-02 1.054149902991022986e-01
3.041235485153737095e-02 2.181901432510429673e-01
5.233316129852883664e-02 6.825399739117092579e-02
3.372927394784898392e-02 1.002452968071879252e-01
4.093476771969557781e-02 6.741939629551810254e-02
5.856348766236698505e-02 6.894529462089109273e-02
3.500925119836593297e-02 1.100705533342982018e-01
3.059119403174228799e-02 1.229068625937932424e-01
4.724709156334028909e-02 6.309829614742638870e-02
1.027120317357691354e-01 1.204352259100232025e-01
4.272564699477239547e-02 7.067249735685771084e-02
3.169783110394941428e-02 8.803233851392291975e-02
3.175915526405112543e-02 7.974720547786454117e-02
3.052154542875105264e-02 1.112158912442848535e-01
3.173871634476247566e-02 7.621359268270141984e-02
3.181362337314638800e-02 8.277027337121213579e-02
4.323095230512975090e-02 6.487914189706937840e-02
3.062304317405974141e-02 9.240357088104336758e-02
3.135561181841406420e-02 8.744265336676543265e-02
3.234920393516662468e-02 7.236976769573502666e-02
3.203362987400091427e-02 6.744165086763767580e-02
3.039790753161947245e-02 1.361996081171588935e-01
4.323095230512973702e-02 6.720977644562320386e-02
3.060748721777683395e-02 1.075723070754016075e-01
3.210143995370612346e-02 8.657800348209637731e-02
3.219076331410580805e-02 8.685708638207693955e-02
4.973323548972544833e-02 6.612419508821966441e-02
4.018278358100822734e-02 6.930574481292836597e-02
3.206661407934370545e-02 7.927329845255262630e-02
3.230469607342420502e-02 7.003402437703894201e-02
3.084222183346651408e-02 1.098380402595696970e-01
3.268597238775794445e-02 8.347688539044233191e-02
4.323095230512974396e-02 6.720490297866262008e-02
3.441827682064235033e-02 8.997008198833678083e-02
3.209307472376685122e-02 7.834076892274434434e-02
4.655987837003746493e-02 9.940074915811895895e-02
3.139564527525385423e-02 7.159165958667708385e-02
3.106881082784329617e-02 9.860442410822874149e-02
3.220188524066661812e-02 7.813264694364376040e-02
3.220660874002261725e-02 9.145995775987871002e-02
3.653038754469228877e-02 6.957026050123153726e-02
4.954232227605223637e-02 8.526067977716170199e-02
3.273673603220008527e-02 7.026028639396375564e-02
3.073114498204589443e-02 1.016707989218169489e-01
4.549205905641276471e-02 7.129376767078561550e-02
3.089673084571116848e-02 8.891931153472668048e-02
4.424634742034305734e-02 6.748484042385478887e-02
3.165416743035607411e-02 8.569674730186226108e-02
3.169657483622592004e-02 6.882003786914243915e-02
3.175915526405113931e-02 1.059208921297396661e-01
3.150958507999426783e-02 1.064247195625867143e-01
3.911790680521256419e-02 1.788664810792865156e-01
3.332978894607544623e-02 1.004474119629127637e-01
3.208736899692362504e-02 9.359593172667544925e-02
4.231826321082295811e-02 6.679194048130331074e-02
3.380551291706940242e-02 6.731498937081058231e-02
4.326558053588207969e-02 6.648897250384448732e-02
3.196448360058001814e-02 6.950717658435194568e-02
3.917283721227453330e-02 6.693354742391069423e-02
3.515373832416973654e-02 7.062919551210039559e-02
4.428692682822908677e-02 6.723522872282053364e-02
3.227382732743935140e-02 7.261021949622002702e-02
3.197581557754911735e-02 6.857305850797004720e-02
3.120069274739204618e-02 7.866791558506264215e-02
3.135561181841406420e-02 8.744265336676543265e-02
3.031941798105001681e-02 2.184863011534281252e-01
3.039216088180577216e-02 1.820837014461793024e-01
3.041235485153737095e-02 2.181901432510429673e-01
1.821637422746348323e-01 1.415934330451640855e-01
6.066783798283222756e-02 7.531869224458519196e-02
3.311615888400237101e-02 7.763156250661176760e-02
4.705006993848614288e-02 6.771621343522878089e-02
3.043041148048960393e-02 1.044225492389008053e-01
3.052109097703331955e-02 1.417905818316150812e-01
4.309569163664769831e-02 6.511608291534169701e-02
3.040985832469146610e-02 1.272551271479248347e-01
3.154426515346307053e-02 6.670336220783879000e-02
3.186464851322742819e-02 1.336004685779542955e-01
3.080980449713694586e-02 1.037684840323655627e-01
4.424634742034305734e-02 6.753560082552889643e-02
3.375924427794498028e-02 8.969218376756099564e-02
3.041235485153737442e-02 2.343211107468148036e-01
3.153506076685328591e-02 8.038392328510626794e-02
3.092489402943745386e-02 8.906786415501743992e-02
3.082447038870879744e-02 8.697817584903799748e-02
4.424634742034305734e-02 6.748484042385478887e-02
3.365721812506186628e-02 8.187485850018873246e-02
3.065278527233931960e-02 1.070566791355506281e-01
4.581813664884110127e-02 6.512709640641010933e-02
3.220188524066662505e-02 7.835417655609119847e-02
3.154645923260381707e-02 7.885970705363348765e-02
3.216312325971770747e-02 6.944139233310887838e-02
4.125849025065550513e-02 6.752819603353180100e-02
3.066124742970560355e-02 1.070920709620165473e-01
8.727781606955972715e-02 9.721255157009713044e-02
3.936487269781183823e-02 6.846636800077642027e-02
3.132914201423751821e-02 1.037999305292953978e-01
1.032137083995171845e-01 7.624085101255241581e-02
3.175549361967408557e-02 7.905241841449547890e-02
3.165158298285933314e-02 7.885066069321947091e-02
4.109814713489334803e-02 6.862006883230289955e-02
3.172166037228822677e-02 8.179839475623112977e-02
3.244412168505558108e-02 8.096705959292049837e-02
3.503263904166597359e-02 8.831090623564778752e-02
3.156996343265781879e-02 1.028658866440789466e-01
3.108609691209085132e-02 9.289222712213701660e-02
3.201108882515639464e-02 6.842853507726538720e-02
3.041749733784430282e-02 1.070987334326815033e-01
3.052154542875105264e-02 1.046145849101651620e-01
3.073114498204589443e-02 1.079637909410998964e-01
3.197072328106261019e-02 1.009980534800711677e-01
3.266611207565121855e-02 7.201515044391040843e-02
3.173871634476247566e-02 7.621359268270141984e-02
4.007485001664956581e-02 8.680011027000240909e-02
8.787480604251951544e-02 9.633079952223119746e-02
5.739122266377121723e-02 1.012716155943263335e-01
5.760823178794895194e-02 6.704692663851793966e-02
1.429656543008512304e-01 2.286837473307206103e-01
3.098075304832171792e-02 7.746996042198353583e-02
4.367252939666131650e-02 6.623615174484537294e-02
4.390466501647356107e-02 6.561034622174616304e-02
3.169497242643366103e-02 7.135775848119792208e-02
3.041749733784430629e-02 1.073894874895995194e-01
3.085819207180707027e-02 8.862233058031020183e-02
3.082447038870879744e-02 8.697817584903799748e-02
3.039886873984390392e-02 1.362017622354999846e-01
3.242052423178466009e-02 6.775796278861513644e-02
3.056669848006847434e-02 1.061267944633653149e-01
3.175099330608614767e-02 8.585605435973180100e-02
5.291593103919258606e-02 8.295652218623607299e-02
3.088801870244305831e-02 1.311296032830707448e-01
3.047192311108068083e-02 1.096832273879803366e-01
3.236733854560640972e-02 7.973382987280350220e-02
3.069990381451989658e-02 9.709143613746791523e-02
4.807726093737866441e-02 1.274144541153952037e-01
3.565249234299127518e-02 6.658200705001983410e-02
3.133993556359186000e-02 7.973487512392057885e-02
3.080980449713694586e-02 1.043111338692296747e-01
3.232006369864257045e-02 6.825600026606983006e-02
3.044069198344278443e-02 1.822290708885525856e-01
3.561231280410780825e-02 8.972085540596100306e-02
4.730852621923494622e-02 7.356839814851814929e-02
4.323095230512975784e-02 6.496208776214482117e-02
7.043355291061453860e-02 6.999167955383475692e-02
6.789024413743730002e-02 9.226003798928812671e-02
3.056669848006847781e-02 1.080754121690713360e-01
4.263216638692290950e-02 6.746703215504193385e-02
3.180081928680551784e-02 6.612165224287613885e-02
3.506189196835949456e-02 7.456982207687569419e-02
3.235965039955259609e-02 6.990970317085583308e-02
3.047613648122036653e-02 1.828275630302526600e-01
3.383066143370668660e-02 1.352756272036551577e-01
3.062304317405974141e-02 9.240357088104336758e-02
3.065278527233931960e-02 1.070566791355506281e-01
3.133993556359186694e-02 7.971165798152517190e-02
3.175253238836445863e-02 7.926259519145016641e-02
4.287958172272457458e-02 1.154606369179835140e-01
4.522420245103182107e-02 2.017859099246276100e-01
3.197581557754912429e-02 6.855403961120615230e-02
3.085058060049672077e-02 8.807876242040978132e-02
3.032583143590995498e-02 1.469811683841050487e-01
3.042518189180325183e-02 1.877177485698650339e-01
3.176092140721768070e-02 6.741867994072835157e-02
3.048948648967458874e-02 1.949337927996415143e-01
3.774135373395075960e-02 1.027781762330714360e-01
3.168238256977396611e-02 8.834682690149657514e-02
3.074426557843937605e-02 9.815497933749174619e-02
3.030471198640105959e-02 1.413044869465564513e-01
3.057930930571917116e-02 8.833332176072905551e-02
3.040781065585609205e-02 1.315413628336184471e-01
3.065278527233931960e-02 1.070566791355506281e-01
3.547925563396898962e-02 2.147530976631182031e-01
3.191776087783459309e-02 6.958246247163116238e-02
4.343418478619218842e-02 6.617776674620109989e-02
3.166120151133818006e-02 6.827587978113676404e-02
3.062304317405974141e-02 9.240357088104336758e-02
4.705803068267428585e-02 9.906319145387096348e-02
4.481325564256019578e-02 7.064185239544162886e-02
3.039886873984391086e-02 1.395947914723436878e-01
3.041749733784430282e-02 9.177208169512639235e-02
3.051989656670019840e-02 1.058596865557932670e-01
3.082447038870879397e-02 9.660841820398942403e-02
3.081101715100842409e-02 8.724301421663697986e-02
5.036695564941538750e-02 1.151349275181601517e-01
3.067019646773794586e-02 1.067367025379823281e-01
3.038438773261201847e-02 2.143806666826256480e-01
3.066081493396013991e-02 1.055650885503197495e-01
3.364298176680092373e-02 1.966742915538523540e-01
3.074087142272246068e-02 9.603439801212856897e-02
3.058115756735419605e-02 9.537476803394814850e-02
3.054440290331013677e-02 9.554015929953775521e-02
3.175549361967408557e-02 7.905241841449547890e-02
3.917283721227453330e-02 6.882261252163096588e-02
4.367252939666133038e-02 6.850094834019419821e-02
3.080816026693414256e-02 1.040228276537366603e-01
3.044069198344278443e-02 1.822290708885525856e-01
3.041749733784430629e-02 1.089306898297343340e-01
3.050518983600713011e-02 1.075384441874294855e-01
3.150122377101385873e-02 1.271010072552644365e-01
3.369609468531846452e-02 6.928554569907685590e-02
4.205461726795038657e-02 8.155728480285173720e-02
3.908443950762219982e-02 1.069772556043381562e-01
3.108649732240687316e-02 8.224965892745331186e-02
3.364027624059400673e-02 1.094586213494130461e-01
3.203362987400092815e-02 6.703355877152457343e-02
3.041749733784430282e-02 1.061163492190983354e-01
3.242293482498426194e-02 8.337739059055106206e-02
3.171049520172963820e-02 1.055497462997149472e-01
3.176100042288654279e-02 9.736047226237795615e-02
3.671595567215991951e-02 8.669389331421303857e-02
3.117594032397929399e-02 7.905380527252330036e-02
3.085862005873456562e-02 1.059057279231371967e-01
3.081009602352085402e-02 1.038019438693304763e-01
3.116817751706027831e-02 1.074769509079799013e-01
5.086457342525034508e-02 6.561464886379285433e-02
4.229366427388318861e-02 6.548972645095972600e-02
3.047854217337201202e-02 8.601338140025359402e-02
4.415463460902087356e-02 6.600543961367617840e-02
3.077806204117630035e-02 7.500682159935945226e-02
3.385235897389987647e-02 7.714199165125781854e-02
3.518864858003002000e-02 9.650619380998438912e-02
3.072871036352749913e-02 1.016417092250340021e-01
3.244892282944089601e-02 6.799847805818726165e-02
3.024102787324789085e-02 1.824827509253998947e-01
3.106788758515801468e-02 7.903996734144476399e-02
3.081596640731004699e-02 8.744064524300208807e-02
3.237371799453325066e-02 6.790235756750105656e-02
4.310662433851113889e-02 6.577664333985057399e-02
4.647601170795647579e-02 2.118911405346983745e-01
3.058026586102377542e-02 9.739478775955290324e-02
3.041749733784429935e-02 1.060533937274618366e-01
3.173337143045221881e-02 9.567720047558554708e-02
3.089716992987968230e-02 8.976612307773937371e-02
3.106684794611540290e-02 7.889132583551282385e-02
4.389144920846756170e-02 7.312322259717947415e-02
3.040627817117021528e-02 1.282303657181176892e-01
3.298078595861947404e-02 6.790937955562546813e-02
3.035725300083093672e-02 1.323385437138668297e-01
3.111563306140269561e-02 8.021919722350158433e-02
4.663958601181689839e-02 7.972972749378494373e-02
5.574453212205272845e-02 1.066543662334746845e-01
3.141268860876978569e-02 7.907226782295427581e-02
3.073114498204589096e-02 1.016657571944879629e-01
3.180028328324954745e-02 6.933854451969399812e-02
3.353132023239303872e-02 9.852286401239829239e-02
3.114674866564708447e-02 6.782431814421031879e-02
4.390466501647356107e-02 7.641607640799805146e-02
3.141966102725547022e-02 8.123091381955073464e-02
3.203362987400091427e-02 6.744165086763767580e-02
3.032134091076857732e-02 1.068675952351003239e-01
6.384734521600986257e-02 6.914312313461250248e-02
3.201108882515640158e-02 6.784237536236688293e-02
3.603396921809148834e-02 6.600115873528840382e-02
3.032134091076858079e-02 1.055476577753060585e-01
4.107622195393626635e-02 1.377422557883667131e-01
3.878559835150498930e-02 7.702924971379356001e-02
4.415463460902087356e-02 6.839859032123099536e-02
4.581200387755916120e-02 6.512272256415627125e-02
4.528547833095059733e-02 9.825828054064876527e-02
5.557121548945677392e-02 1.019171240427027975e-01
3.154645923260381707e-02 7.885970705363348765e-02
3.040627817117021875e-02 1.315268407479494583e-01
3.154645923260381707e-02 7.906891945386186615e-02
3.125954339424318051e-02 7.796290439481008694e-02
3.114832788881023024e-02 7.757361612436222686e-02
3.024111932032185271e-02 1.731977062089234964e-01
4.323095230512974396e-02 6.673698021110019418e-02
3.080967327402981890e-02 8.701052970394206054e-02
3.041749733784429935e-02 1.060533937274618366e-01
3.082447038870879744e-02 8.743492639346082951e-02
3.048618775680314238e-02 1.348796049921011375e-01
3.227730454475721128e-02 6.869824956829857776e-02
7.742231416537512234e-02 1.488186920966764748e-01
3.238131554865884137e-02 8.084155883498903017e-02
3.082447038870879744e-02 8.697817584903799748e-02
3.322598844174837196e-02 1.084976524562333844e-01
3.041728575920564157e-02 8.535115043608230978e-02
3.120015793532651682e-02 9.974111654870972121e-02
4.341823349936313470e-02 6.457676063130374233e-02
3.043041148048960393e-02 1.044225492389008053e-01
3.166827379425234817e-02 6.597381437560909112e-02
3.071726659114697514e-02 9.254578798649659710e-02
3.168072248004712155e-02 6.469349976551556913e-02
3.565249234299127518e-02 7.102187301241773276e-02
3.041749733784429241e-02 1.056019165631322393e-01
3.081101715100841715e-02 8.720419782047267310e-02
3.092977806568168037e-02 8.144970507629940848e-02
3.041832702183434531e-02 1.027343079488107908e-01
4.390466501647356107e-02 6.561034622174616304e-02
3.201108882515639464e-02 6.849517202671932814e-02
3.057645706627457743e-02 1.112271155896185082e-01
3.074969978420170891e-02 1.031112716626484266e-01
3.511121487277104464e-02 1.084836809533202689e-01
3.295518873400078708e-02 7.689804974649533387e-02
3.175345547415957953e-02 1.043564352788865363e-01
3.024102787324789085e-02 1.824827509253998947e-01
3.571765381422648683e-02 1.080681225790546540e-01
3.058026586102377542e-02 9.856571234237616885e-02
3.053620614102972586e-02 1.062751748452823303e-01
3.565249234299126824e-02 6.629025561798949917e-02
4.323095230512975090e-02 6.487914189706937840e-02
3.062926704889656904e-02 9.445198948018149188e-02
3.447165015731427917e-02 9.816608453079299357e-02
3.052157371964777863e-02 1.057981906128664801e-01
3.201108882515639464e-02 6.829237857228163955e-02
3.266064667176812875e-02 6.799435874267985291e-02
3.169341902207201134e-02 7.369263246009005730e-02
3.053688410412981613e-02 8.810470696867597762e-02
3.109382089806059929e-02 7.937617496149555751e-02
3.072341549058076049e-02 8.816827536781417229e-02
3.108649732240686622e-02 8.226610285097625541e-02
3.041468360570342630e-02 1.726789305242150407e-01
3.051663146430645679e-02 9.950153121304183834e-02
3.210551651649535404e-02 6.898772359956543976e-02
3.399976615188603918e-02 1.850003611730824671e-01
3.031609563995563486e-02 2.213950077018617124e-01
3.134592433334140033e-02 6.923901145819764957e-02
3.288257952506525028e-02 1.061921478566002774e-01
3.832650879862328774e-02 1.074168031487168218e-01
3.038308679709838742e-02 1.057249846984056191e-01
3.047366987342422021e-02 8.809463640906414761e-02
3.087986917353648109e-02 1.051200738934299633e-01
3.663228131463009546e-02 7.064442782073017402e-02
4.323291404033314383e-02 6.494802471252483778e-02
3.093071508940843650e-02 1.815630314724117900e-01
3.024102787324789085e-02 1.824827509253998947e-01
3.760037681021673184e-02 8.895638871274720583e-02
3.082447038870880437e-02 9.082390272415606647e-02
3.041749733784430629e-02 1.042505588814414963e-01
4.415463460902086662e-02 6.744953792347754828e-02
3.056098671801756039e-02 8.728430156158541176e-02
3.180301652286773167e-02 7.259185461355394109e-02
3.045320910197275507e-02 9.974553918710556133e-02
3.182116229585305739e-02 6.602087038350736015e-02
3.081470220259941231e-02 8.725810556115999594e-02
3.369737421720987031e-02 9.200426407865858192e-02
3.645567932973782510e-02 7.976485648767987768e-02
3.064702036715850203e-02 1.125154502745764756e-01
4.947767971894153488e-02 1.007531348324299941e-01
1.078602039222201492e-01 7.321678207076694200e-02
4.494434993937095751e-02 8.197819194875810567e-02
5.004896295281549556e-02 7.806439840932362373e-02
3.041353126267684615e-02 1.044561512580350765e-01
3.040597597339428013e-02 1.310418447746603821e-01
3.198861589725520566e-02 1.051439455890847835e-01
3.047933762804797345e-02 8.732517298229773572e-02
4.188358214322174256e-02 6.577528685157069122e-02
3.047854217337201202e-02 8.601338140025359402e-02
4.323095230512974396e-02 6.476099951005226396e-02
3.173871634476247566e-02 7.645122220572739269e-02
