# $NEW GRAPH$

# $NEW TRACE 2D$
# $LEGEND$: $$
# $LABEL X$: $Objective (or constraint)$
# $LABEL Y$: $Objective (or constraint)$
# $BEGIN DATA$
0.039543637338962344	-11.271040314295522
0.045933652071688605	-19.651460363008738
0.0865699074091583	-36.8438047924377
0.19379230118897095	-0.4794460657486019
0.1092892935824527	-19.053639575189052
0.1296104896360149	-1.6391161168362522
0.05212837595645257	-16.73673197235558
0.07819145013774005	-25.28578175447023
0.3309328985369773	-0.7806792133717491
0.0673329712846854	-3.1361495846413603
0.0420274495249857	-2.508591112299531
0.0685147616059719	-1.8201171464870909
0.04475705644664496	-6.589703375831735
0.03945516678147705	-1.208377308523777
0.19931101735492493	-1.781325164858838
0.10242268108265737	-8.18957650150804
0.07333686740322794	-8.602273369458151
0.03424701740781357	-2.219840974739311
0.0495454981835946	-4.980243068940407
0.06440949587068073	-11.569666753286713
0.0	-1.1336308380620184
0.28884749029769985	-1.81875321054841
0.0864426739324429	-10.923313644071404
0.09996964237776639	-4.31830057045814
0.08750292929063654	-30.28606962208429
0.09137228484580037	-22.331486726411182
0.0719486168844283	-8.664179238120717
0.32777334461079854	-11.023805188324168
0.05828712524919802	-12.615289692412262
0.08817686369167332	-7.099959734624288
0.0	-3.520478946478805
0.3096018438531253	-6.95416380780931
0.07018832691175025	-9.588411562133329
0.3309731161376516	-0.04796496352061867
0.05073195026843851	-21.81938128772413
0.40844250396049203	-0.7756472387680208
0.06357412395518967	-43.39336201283339
0.0	-2.6059503431957545
0.09686580567293596	-4.686996324660061
0.2321299036451574	-1.5444394856851993
0.3434629968657845	-0.20515666420703868
0.04303948276245256	-6.116570010580628
0.11771324170388553	-13.26566970906542
0.09945588472544316	-27.27777144751748
0.10444825780211742	-1.5879329153296387
0.09253350169096952	-23.468044241381424
0.16812028972312684	-15.645444182351191
0.0727879482105407	-6.989418144486101
0.12234383560014063	-3.884266191608493
0.05776910701817337	-4.944819823399116
0.10736137074653465	-0.8093571403270556
0.03423472829785709	-1.6205750665625698
0.07817131580961355	-9.301328105406725
0.08193969207965528	-11.030762559652388
0.09046169429148629	-13.154907294437313
0.09062386210331716	-3.1428548467224586
0.13127332320511795	-7.653355361268374
0.24620411919600627	-5.991648274068308
0.044855494131329846	-39.30914997079902
0.04434376201949998	-6.972011566720354
0.07530738331728735	-0.29523790846811226
0.053264224460382946	-28.848640948942105
0.05616036015336012	-2.5925525194714645
0.20035564203253095	-3.9122472695540385
0.0938283422416203	-27.634487206195303
0.08751926608432879	-29.61705268610292
0.05316545354242839	-0.5721796785104823
0.06071708356247013	-13.175227456378474
0.05412818915448293	-7.254976776557374
0.4463163221058496	-0.03285130963764392
0.036629863722124255	-1.2173900802846331
0.0	-0.07957905616479632
0.0	-0.691470033574565
0.04237236608045508	-6.497060015163808
0.08418744297712605	-31.30812846831909
0.06629565158684975	-5.727501542865624
0.0757261890748853	-17.93769197147969
0.11758059481417828	-2.7939899183235246
0.10154098152705379	-10.22365176161276
0.0644822218638756	-6.1437125865645275
0.0	-14.340701718197192
0.05332581106873758	-2.713889181377081
0.03865101515933677	-15.937965508794433
0.09980649560948379	-1.9901839757146076
0.04235267347548462	-24.279481770292573
0.0	-0.009731019772232787
0.09946324372834014	-1.748922649277057
0.06955891208889897	-24.418592471452236
0.37681151043033423	-0.15733728709743605
0.2708348265914598	-13.592618064751033
0.10783225523271711	-1.0588196929845086
0.08515851922163169	-33.69873822143386
0.034929895960407326	-6.357091149678643
0.07999835157759279	-15.22607846668057
0.06961663920548751	-0.32077308221151657
0.1214257965929348	-8.591690553478044
0.04233832130525923	-10.719145238781724
0.032569557338540195	-2.0621168331377353
0.19584075414162228	-1.179744980847182
0.0953557265534376	-36.96686715710253
0.07090921667481632	-16.499972794558406
0.053738962251140436	-8.210682856845766
0.09690132024631452	-34.192711431034084
0.03248003084479253	-1.62692859864257
0.0	-8.330809553071974
0.04220447948325982	-1.878976207719252
0.03463550343449796	-6.157797642395885
0.06038205380359006	-13.25587438016575
0.04835577025353739	-28.852899025370363
0.08834383944370515	-5.467820686316242
0.03358058955754848	-26.844710510757476
0.06731403622167982	-3.759802481918614
0.2627248469354576	-1.7866946771273242
0.07109431817060799	-23.84048452988412
0.1070371564330994	-12.293698186300647
0.23688919129908187	-4.173740677288771
0.05073195026843851	-21.81938128772413
0.08418744297712605	-31.30812846831909
0.06256039015946159	-26.17504770497301
0.039878884958314015	-0.45765196800422336
0.03287584051995021	-28.944121128218125
0.08644267393244288	-1.8783751180598276
0.06281564316768552	-9.69828279946068
0.1175061167156756	-13.159107283232606
0.05749854256937169	-20.836059413339445
0.1922521941557633	-0.7627854712022273
0.12234383560014062	-3.989604238716678
0.09686580567293596	-4.686996324660061
0.03954464224509622	-4.0653301594683935
0.03504003766092135	-5.868244481954773
0.07520814760414718	-6.706841822542444
0.10172917749826467	-4.417159536407475
0.04236896012156359	-6.497677185547819
0.08528667471549511	-8.49630627268488
0.07819145013774004	-26.490788754872845
0.0	-2.9033837258782533
0.10854124017944262	-19.18522090131139
0.03865101515933677	-15.937965508794433
0.09202740717775394	-23.597246101832305
0.07213699546343376	-9.393609792266828
0.05889649048886147	-3.7754034904271885
0.06784086554325651	-2.0054083160872422
0.10045031391325225	-8.641322873219828
0.19971034519334271	-3.812733666919363
0.10154098152705379	-10.197204255446248
0.08817686369167332	-7.10933000840435
0.09994383505882952	-33.570820145472204
0.19064182737084742	-0.6953643585588442
0.04245568118740994	-21.25602022494188
0.07994914387180614	-4.849961796224377
0.06945992645488777	-24.79810452182953
0.07805931966728016	-25.564808286582533
0.10154098152705379	-11.776038205677972
0.04101669866243055	-24.095936904498355
0.04426954530605851	-24.409235971775296
0.05077073755751033	-20.87280277978474
0.09207853535785702	-29.15343804360698
0.07877158888757038	-41.92700578264209
0.12149869143377408	-17.40072056680655
0.0758255543301558	-10.97469733824389
0.08024611800449255	-13.17120464368434
0.07327344438871451	-26.770971240039763
0.09731057169088654	-5.808748818219415
0.34123543909948384	-10.147745761886297
0.08814271539053312	-30.339420104658828
0.0426061166830289	-7.144954777887593
0.09162057651268654	-21.939184242753964
0.04898187702820495	-39.23810978181427
0.07872922852298446	-5.744626582269435
0.1158565959472287	-22.844849600940705
0.1025288861983074	-19.79022629924246
0.08656832572767853	-36.91684926045835
0.0960554430462218	-38.62083536017827
0.04693685870986743	-12.425902154463474
0.0860230455476141	-20.91045796785277
0.30825796565286007	-10.039969217659717
0.4082041856053321	-0.5252996288117012
0.09892844994753391	-4.313905498261618
0.06752276538074364	-7.64998984346658
0.15206662639749696	-16.7297936015598
0.08529519696933156	-11.08584825769077
0.10560302194080148	-28.78554822529686
0.12212161173187341	-1.4976690388625244
0.06135480729125052	-12.929167608443366
0.08104008926164041	-18.051855960467336
0.09307050779157398	-49.67284191616342
0.2858379662232819	-1.5440722571188878
0.06071708356247014	-13.28214161996342
0.09686580567293593	-4.695069218368973
0.08806840525677957	-7.454188718106963
0.07404724523893065	-7.787702985533668
0.04268841249441961	-6.147591999892782
0.0377064558295134	-1.2349144201317228
0.08553686355669624	-35.18468078628059
0.0476906472576983	-19.748912550539757
0.052709011302206135	-16.70347696509072
0.05332308516559607	-8.31261273242783
0.3309328985369773	-0.7806792133717491
0.08817686369167332	-7.099959734624288
0.03235171667153473	-3.997586582668945
0.057769107018173387	-2.046845462735839
0.09203919470062562	-30.60671192253828
0.06275764663795771	-43.324269871472154
0.046185941574807945	-24.535577784043028
0.0866273464548982	-34.853552024005765
0.08553686355669624	-35.18468078628059
0.052136050472694484	-13.552096218105163
0.04261759657393811	-24.302031223403898
0.06374162856145227	-45.92007923450177
0.035026309183095884	-5.863876535072226
0.036994445779566516	-22.24724503906824
0.05387225917563216	-5.743620712917649
0.08656832572767853	-36.91684926045835
0.09307050779157398	-49.67284191616342
0.08837885126588862	-29.589819523397274
0.043737391493168624	-24.419811845428367
0.05412858234282399	-7.188863582612238
0.032506959500809084	-1.6319966667464638
0.04050941717188844	-5.168743186850496
0.05073965688428607	-24.221972833650312
0.05019359654618304	-12.786867054939087
0.053505787626569955	-10.406364586447141
0.10224495235275585	-9.977105710489827
0.04385662491599901	-16.868131668299977
0.03704430444736911	-16.039236788922306
0.0377064558295134	-1.1514309947370394
0.04876836180064503	-28.56470106212208
0.03287263322367293	-28.946947092748424
0.04771682099030823	-13.775293704213706
0.0849822135488307	-11.200132155657395
0.06681165116586525	-21.02974887604418
0.09307050779157398	-31.70321394112158
0.04525645480095926	-6.782424302564803
0.0938574588546916	-28.11898211233596
0.035242837176486956	-2.413636139313103
0.0447976166436161	-33.54763602673769
0.10282432465438097	-26.481500130721372
0.07520139918900054	-16.77888327250971
0.055694054045330975	-5.559900369735839
0.05695400949104076	-1.951541043743144
0.05412818915448293	-6.99684888070147
0.03359210232421726	-26.532238020696592
0.044505610453081955	-36.97689571055835
0.03504003766092135	-5.868244481954773
0.034560906950595306	-6.766452134579971
0.04246124168383918	-2.1594500846174016
0.09202740717775394	-23.004905947724765
0.036629863722124255	-1.2173900802846331
0.08773646669025446	-43.20641885885356
0.03433633797628072	-28.436719879868935
0.07787559791123767	-1.7950044679794346
0.0	-18.042302995239183
0.0953587130995307	-36.973691562111426
0.09605205108199495	-38.6125319972506
0.06071708356247015	-13.294595960665653
0.08751926608432878	-29.59805486427584
0.03348999682856405	-10.90942833508149
0.07809993751888798	-24.521524728970732
0.09070195999116691	-53.64401034209622
0.03616198974057903	-16.411424634815226
0.10041519562958456	-38.160473831355375
0.10544122439609137	-19.388265319016888
0.037990006672633206	-2.396231704459336
0.03213681025041443	-1.8725448995978817
0.03275557330880052	-28.468496099061753
0.06847423972181785	-11.794676664771425
0.08073780916625148	-26.290859113893696
0.044616609757227775	-16.655308693154932
0.03778114648559945	-1.2320466297547508
0.048292233569148295	-16.583138743733905
0.09591566693735616	-28.462289338514537
0.04815884438737307	-9.95670093716596
0.08041716455981815	-12.96188463459437
0.08750292929063654	-30.93586174719039
0.08692240675225929	-36.969599532773636
0.032860044246073666	-1.6039954634825007
0.04611788837072083	-1.6970552490198387
0.05809650126582458	-22.245835868690126
0.050150669148734665	-4.9665705283766375
0.04266405200495115	-23.776453528613732
0.05429483744168808	-23.670655560086267
0.07844233465530796	-21.548559763828894
0.05160946399237614	-15.643305362115855
0.055024745931232286	-23.52380524504732
0.08515851922163166	-33.69386765289796
0.07524661699403877	-15.725780656652645
0.03697306933551319	-14.360763991187813
0.034183271317102075	-25.731569998265268
0.04461438110996314	-41.39195102676973
0.03508595839770434	-5.572710944317497
0.05374885485868888	-17.85563389652233
0.10291422894701442	-10.35478836765499
0.049585034568861555	-5.01438922094707
0.036806294995916415	-21.68680839578171
0.03732771627225266	-1.2403677568466065
0.06472925769416717	-29.347241441929278
0.03806654512066106	-0.9598780768251906
0.10560302194080151	-28.0038706922929
0.10027025562187619	-33.59761668724723
0.08594589694896393	-36.87024708679311
0.07855077794246346	-47.71885052907792
0.05952242704719585	-24.30532605432692
0.04568933863459939	-39.42759374888681
0.03259965937355871	-1.6604040669269795
0.07327344438871453	-26.332354088602013
0.08515851922163167	-33.928762207182956
0.06275764663795771	-45.77905360396699
0.06275764663795771	-43.324269871472154
0.05902488521010126	-28.88550014478528
0.09046538988127596	-30.142578723977138
0.03617686817753279	-26.288941566877348
0.06902743727172463	-20.303337151552178
0.08552010076529068	-38.10693089538877
0.09054641981004072	-36.89959263280645
0.04326772395933644	-49.38815575372953
0.09168323752799935	-39.78214120268107
0.08831677492059767	-38.1426895449029
0.043485973224955746	-24.312781022302183
0.03744240982702135	-6.687287334860122
0.047655103310257595	-39.09032697652281
0.03332203118511309	-36.62533842595164
0.08779134643688392	-22.00831964127551
0.04998517115853888	-51.41747235887581
0.1541934573703762	-1.3216029312157926
0.0491390412680828	-47.66763590708985
0.03613726068464183	-24.515257780872783
0.03517612992108065	-42.511900664675785
0.07326516926378031	-31.142138594481487
0.11858105803642639	-27.812866940746986
0.09453513961686655	-42.07841719216759
0.10052801338001066	-34.25723436773534
0.05278269708190394	-21.821223460054576
0.0506995839584505	-51.46687478949072
0.15478342011103235	-0.9655901888341212
0.03865101515933677	-15.937965508794433
0.09307050779157398	-49.67284191616342
0.09697789222167111	-33.47806549607933
0.042528054596284746	-29.18739079090587
0.051081599717466744	-27.597104293321987
0.03493996736851286	-8.182004493400918
0.07588656490947626	-20.495811124477104
0.046595349184043504	-31.36558662288944
0.04782691753201537	-14.505378269964677
0.09654618017292071	-39.77244133700374
0.09307050779157398	-25.94638483525282
0.08698489613921982	-36.469210114433444
0.09215923619654502	-47.9104805693412
0.033650747027915026	-38.58742777928262
0.035371013800557405	-12.569034448903844
0.09133005094680893	-37.273213142688725
0.034330849818578195	-28.411549027897582
0.033731725054973564	-2.70698141580253
0.04908956627654175	-26.14269154939091
0.03504835820070454	-28.788999906499566
0.0335841290973871	-28.564474056142366
0.035026309183095884	-5.786624489416376
0.08656832572767854	-37.917690811701036
0.04112403650209215	-9.364701398209354
0.07915564733625474	-22.806146740001452
0.04386601178773439	-38.49607711332324
0.0881910972696129	-33.909921722484185
0.03244480063801577	-19.78388274157283
0.041789688704003396	-1.354954810943095
0.055065834192318766	-23.74522715241518
0.03704430444736911	-14.855317894741512
0.036345678753020486	-5.739701196278529
0.09316630742903952	-31.75445287618076
0.049452743090306325	-39.94608995990292
0.032993632123671124	-26.614570666554844
0.05435295872897061	-36.597232758403045
0.07535919116153224	-29.521159495522173
0.08750292929063654	-30.28606962208429
0.09005539280659332	-30.370348171132086
0.0342832120900486	-2.101065439299338
0.08745249692843134	-8.518499341837893
0.06175679921729389	-34.74779081773974
0.07071532883091254	-32.11179708379436
0.04275336533432519	-39.39434546414207
0.03327104392895117	-27.287322826200807
0.03998395389767528	-23.585885091516584
0.06949584144586311	-23.211177405041948
0.07659599683409328	-31.113345226874483
0.07886215038078506	-30.486055260196725
0.08750292929063654	-30.93586174719039
0.09203919470062562	-30.60671192253828
0.0524894885818275	-38.56915067733728
0.08552074499189663	-22.43901853732929
0.09761197841562942	-37.33379201126775
0.0335086973614628	-26.53777425560003
0.04245568118740994	-18.884496159553155
0.0355058687271253	-5.927486043123246
0.08516439321079061	-33.17771745487541
0.06495424410479039	-30.329128286410523
0.057850737748002166	-47.38248338468381
0.10288422936151419	-35.362080421568955
0.032527189893527195	-18.264915724565384
0.04301053244835777	-24.887272787727163
0.09605205108199495	-39.0298489367572
0.04649029417490289	-38.96204571339997
0.033044854151568256	-7.0226628857794156
0.05733900583815194	-34.2087186524264
0.03270816050216405	-1.7118265804434876
0.036060098988613135	-22.07370552503679
0.05996718317486588	-45.01008236975045
0.03487883856258166	-27.878800374244264
0.03267034694110442	-28.553561684279167
0.0869595534613169	-38.583317497464485
0.032886400654147815	-2.047992357010449
0.03661385139012485	-12.813161158505503
0.049985171158538864	-49.54093126077054
0.032993632123671124	-26.614570666554844
0.051030604765769344	-51.0904392645495
0.037408342767864276	-29.1512901552325
0.03407720547474359	-38.46128763755217
0.05785073774800215	-31.103055020986464
0.08404636390137364	-40.68380697984581
0.035062763456885616	-26.092716978290817
0.09453513961686655	-42.07841719216759
0.034183271317102075	-25.731569998265268
0.03733560002996181	-2.9072397493130024
0.03309109998849572	-18.177686919079132
0.05469046098358198	-38.402530609552635
0.10493899864656786	-18.931957196596944
0.09094429559999107	-55.44956163500666
0.04806778044289227	-44.40919456824028
0.055557528003240486	-26.55759251946973
0.034774997073456076	-1.4675595656273743
0.10763924560831782	-37.0792468839313
0.0969202846243355	-30.60759572514771
0.035217642737295635	-2.5108452807820782
0.04796781282516163	-18.973342369614958
0.0726808001203793	-31.192197311815814
0.0638766821475641	-34.0095522416125
0.04169855153741502	-47.42402346143105
0.03569777719674071	-30.087391308314718
0.08500914296758057	-34.46067918327402
0.04295967941486581	-30.125807272286256
0.07614837015746455	-38.73646450598191
0.07253473929150572	-1.8114460615890564
0.03290117106124151	-35.61309209121166
0.043097736579671884	-26.57101284494344
0.061838223834830605	-42.27632456188734
0.0335615404291169	-21.779995234052173
0.03617686817753278	-24.816795650548254
0.0627576466379577	-44.09877201151303
0.08114828880605118	-48.42900309922108
0.032147431269244055	-1.5705414172241692
0.03333718919423515	-37.10656342999328
0.03791061114028238	-29.06207663258664
0.051032600778769144	-50.52384407511063
0.03717441242765993	-38.04114028448702
0.060930311057035676	-29.90883674128722
0.04564347444756847	-46.46312906603279
0.03959548877594679	-32.53324938360877
0.07502091768978814	-2.3897974740341943
0.03275493609126839	-1.6508644527463514
0.09061803193170852	-50.743969609038395
0.03537101380055741	-13.66362552486082
0.03472169802649211	-16.680723763880327
0.06015486931853547	-55.56426364239389
0.04977436289017774	-25.719535990841667
0.05762845915551118	-45.38423133138814
0.03487916655517676	-6.199118121791406
0.04093977733332423	-14.166048841986775
0.04128955874241114	-19.971749190433837
0.03315382119076327	-18.117532335992976
0.03343234065736456	-20.19380865476404
0.03515245873356774	-47.631076460198315
0.04382592980689948	-28.216869899091854
0.0335086973614628	-47.139397585001134
0.07877158888757038	-23.615805637242037
0.09384803305670028	-51.71277480377197
0.05289651287002914	-31.107951654694876
0.03446063531691496	-34.209876246931415
0.09463842937207483	-36.30367047186944
0.03438042077595758	-28.73160766691069
0.07855077794246346	-47.36104031783585
0.06662496210496134	-53.196668550743226
0.2138631755422049	-20.630041920460616
0.035234879267299346	-1.8602114889709163
0.03634573406111858	-28.54796067655972
0.0341643543990188	-54.26190010088906
0.09232275726492134	-30.45809065220377
0.04998517115853888	-51.41747235887581
0.06275764663795771	-43.324269871472154
0.03640656228900419	-24.691173727167197
0.04683749910716594	-27.07275365278191
0.03332203118511309	-36.62533842595164
0.0369578434290319	-6.0629296428111115
0.08831677492059767	-38.1426895449029
0.07878540822661335	-40.20525672039906
0.08727900063352981	-38.649006958991585
0.09391411951287976	-38.581988129330625
0.04052055142626695	-24.92903886072206
0.037317021457633014	-48.04661986569176
0.03257467402717508	-18.567575889275712
0.03295551885814264	-26.57074376303041
0.03432308452123117	-32.99710631188458
0.04137486334099843	-30.00697364635926
0.0917046505703999	-48.78524925517255
0.042528054596284746	-29.18739079090587
0.04440621216437236	-44.86263453111761
0.04023353046039106	-25.36561264888214
0.047655103310257595	-39.09032697652281
0.06487984367320337	-38.98827967789408
0.0576079359685371	-50.66037661569869
0.04576126625641727	-43.86906265904769
0.03293904477195356	-28.256932973623453
0.05763806415062047	-45.45240534185867
0.033027389219995415	-31.96538514266222
0.04625741469538658	-52.27908365382757
0.032569557338540195	-12.604233855204559
0.04416815696777817	-6.909667037434928
0.04558377521417874	-38.80955983224653
0.03532798644436964	-46.382974563783975
0.04389375082045891	-51.73111791586003
0.03365202093059507	-35.48496174119191
0.03361662079719401	-48.35759513452383
0.06248510435940971	-36.269167139490676
0.03372007705868862	-18.988118236176845
0.04955250568232912	-48.98326737928799
0.035882981017767865	-28.710917613596184
0.03212335302235813	-4.026157909274603
0.033507549314595826	-27.184733364696374
0.03402236741467376	-25.898799150281455
0.04169855153741502	-47.42402346143105
0.0335615404291169	-21.779995234052173
0.053594855112507195	-40.11212857385065
0.03634573406111858	-28.649401061988502
0.03402107772232009	-47.768072525560896
0.032680922891766405	-28.188888026876995
0.033854035899376286	-58.73290391353261
0.05039542632217691	-30.129076322081424
0.04450561045308196	-38.56216367823058
0.034183271317102075	-25.26008257690896
0.03479044125258536	-27.920354815226855
0.08067941072113584	-45.81047087640703
0.06933825149212648	-52.79464541966977
0.03421827979502077	-47.45559238203725
0.03537407664148788	-25.11150009017578
0.03706410652196419	-55.76516315407026
0.0329068098385979	-1.8269199108346321
0.03270816050216405	-1.7168633227140049
0.0894730816713493	-53.58551192298047
0.0324484898940718	-19.781623361237102
0.03274493064836382	-1.640904889989059
0.035048358200704524	-28.538277297511684
0.04469866476705248	-41.35459526050064
0.03358412909738711	-28.52388973657901
0.032993632123671124	-26.614570666554844
0.034183271317102075	-25.731569998265268
0.033334970537389194	-33.25266077208079
0.03432612872373569	-27.408877608219147
0.07767310724234315	-48.36724987836448
0.03499501446581651	-35.566648123934804
0.09217825854042912	-53.160257567787596
0.09094429559999107	-55.44956163500666
0.09363650009383136	-46.331433223645206
0.05471133295502369	-46.75827456515341
0.11373184747127268	-34.52464082357033
0.09231809821678862	-53.97210459713934
0.03453502502276822	-2.1854694110218604
0.03914905985092631	-12.134277749397027
0.03713790475468594	-20.373946954643838
0.03598130535996409	-45.86829021626314
0.036176868177532774	-25.52548185035281
0.05261912627997991	-47.96192381450052
0.056540487782501	-37.285882676549456
0.04166531381880216	-46.833225244019886
0.08250113362245869	-49.643251860294185
0.04189082930908751	-38.28048173701597
0.03616381609172923	-40.64609931787646
0.03351641603479661	-17.506349009149286
0.032959227295290605	-17.166906058281484
0.044251502701430745	-15.050739255288994
0.04945274309030633	-46.74710604296139
0.0340772054747436	-35.57120273259855
0.03487883856258166	-26.93412843626797
0.07855077794246346	-47.71885052907792
0.044878933902801	-49.13584660443241
0.037311361274072294	-38.55161855348455
0.0445112870259988	-58.35864160359126
0.03439562550495955	-23.20688707231904
0.03359210232421726	-27.475803949868713
0.03264191713841321	-1.7861283032382522
0.048981877028204966	-39.314810752841105
0.06625065218263436	-53.16649302976673
0.03524231264650369	-47.61004598381373
0.03290117106124151	-35.85226181418966
0.031717078802146456	-1.7053317227319336
0.05303363507998031	-48.35208149797216
0.032432082179499146	-15.550408622626092
0.033172772053305766	-3.593448635937538
0.035791610313562545	-55.26163037767569
0.09060011635414128	-50.575553022573224
0.04344469803012881	-51.13054985758611
0.03277108852826817	-20.917527887614273
0.06662976038170368	-53.082235024944744
0.032765949340054695	-2.436330212707032
0.03649345023666198	-46.645462548046694
0.03504835820070454	-28.788999906499566
0.03283415869595659	-33.67018691153582
0.03320965037081598	-26.607831785086162
0.04380500417519655	-17.76779197523938
0.06806644965106211	-16.46677991724134
0.033037637564587566	-44.25747476038614
0.06018669634283912	-40.67211675669948
0.035189336836778266	-8.3932611202509
0.03818503371042054	-5.090155250497549
0.0335670735156685	-33.6144993924763
0.032984494884666204	-30.682936237292655
0.03562663738688457	-31.405648718757803
0.0908495645462214	-49.40905060379794
0.032777367544258446	-41.88909483057021
0.051084928041477295	-46.316258279409304
0.04270446407000105	-53.37666255548083
0.03337467594179682	-27.60216197212981
0.0580508309565085	-63.40666820402019
0.03725587644235695	-1.64802827983726
0.033586754553126145	-28.56322853950878
0.032965282000927555	-2.221853998493058
0.049975308660784916	-48.161527448715134
0.034169932160929006	-47.48170372494453
0.04047192262836294	-48.27597937404208
0.03347314721478934	-47.189541240294155
0.03471363802301609	-39.34446362870057
0.033732239996423455	-21.301982175699013
0.031717078802146435	-1.7002474289359621
0.043143038845674574	-30.0058857965888
0.03416028669511783	-54.226766594379164
0.0329011710612415	-29.70782372418004
0.05594930940975843	-50.87240110832585
0.0647168840342426	-38.291742189022216
0.03287263322367295	-31.534344022038816
0.03532798644436962	-42.572384669607494
0.034171389137396174	-32.44605344403833
0.034330849818578195	-28.411549027897582
0.03282540075750501	-35.36620694882731
0.03267304025549025	-28.562475109497626
0.04389375082045891	-51.885624804265156
0.03366431982870819	-18.537154661962344
0.033429345013496585	-28.591927606805335
0.03244348713625436	-15.544869088205498
0.03481868314386516	-33.321876387907885
0.08659133103087917	-28.6968125517682
0.09094429559999107	-55.887038615124546
0.052162661530424724	-49.26954585643497
0.03712898669458528	-55.88633897999466
0.04393789089528264	-29.30606841382018
0.09177272996919224	-54.285320540314885
0.04045599220508294	-56.45890575284671
0.06846605163659382	-53.342671082070865
0.03533850137441082	-35.35796374682873
0.042174140953057083	-27.02261687738274
0.032939044771953564	-27.05291511667162
0.03544841179156918	-36.182845756876894
0.03347956179544924	-34.99627004359275
0.032619224054742844	-12.621863769312194
0.04463571962822339	-49.092500387523195
0.03307178809849332	-21.827033085344997
0.03507715926094365	-7.067711555012962
0.03451818777330187	-41.2700849984432
0.032147431269244055	-1.5705414172241692
0.03711946679142101	-36.32498829152017
0.03478074500799614	-14.62724481424191
0.038201113123954	-50.35844487841034
0.03358751773476157	-25.631045532929786
0.04484472706505343	-47.21645342373991
0.05910431173598565	-20.049566102754092
0.05895394604182725	-52.70205704810747
0.034059628377317734	-17.67519484263149
0.03342580178940047	-48.584883039052656
0.033270647133112494	-37.42367066323847
0.033705050107989486	-45.621155779344164
0.03384367503126215	-53.799512997810595
0.04137028418535469	-47.224453637107096
0.03447372935598991	-33.731167922792146
0.03974399352476804	-48.34115873641294
0.04779113015442306	-39.88397183746728
0.03326095838532713	-37.4547131447463
0.04955152890346241	-47.91410712205269
0.045345911279389035	-52.783925437357226
0.09231821341570101	-53.972033963067126
0.03341423412794935	-1.824294936812067
0.09061081554819818	-51.13935160656619
0.040683001771307084	-36.19617596462084
0.03285394740053361	-30.33932355475972
0.032479800661958734	-1.627007181023308
0.036206316609938255	-47.92773360165297
0.03517612992108064	-40.14502749191826
0.03176489969044721	-1.9227995411567773
0.03791362838206079	-40.01722071103517
0.03826245742261033	-31.529713841435356
0.03610514372287897	-55.49587342431739
0.03235171667153473	-3.997586582668945
0.03406943545949029	-48.54530523657004
0.032725246663511905	-30.75788555286742
0.03365202093059507	-35.48496174119191
0.03364337781500027	-34.453867779426965
0.05791912713592	-52.66957016726579
0.03403400463158056	-1.7511137953828821
0.03287584051995021	-28.944121128218125
0.03250040490011685	-27.430220580461842
0.03270414556156674	-35.497513526697965
0.042114684132438705	-31.415817693334027
0.038124962755723094	-46.0938080777768
0.03322774707666082	-47.35332066242045
0.0317446426567774	-1.984277207599634
0.03209581223773042	-1.680078101678199
0.06480189118474318	-53.582381473887985
0.03332229645981369	-48.08321332782451
0.03657007084677662	-44.67012950021761
0.038107003844579594	-54.721213707142574
0.03374873725767326	-49.21105822699904
0.03383879707783916	-32.41801294934091
0.03507989634917816	-47.29532224757303
0.03244752586595092	-19.89274864765898
0.04677506972394439	-52.971388710331276
0.1051345626904344	-53.68781053564809
0.09190487620452556	-54.2328509186322
0.06412729093822174	-52.36419852232509
0.033044598602765964	-49.53754065552612
0.08881475510165876	-36.79200231762004
0.09141926550003464	-52.69266785391925
0.09244524068933486	-56.68454679797382
0.06912064440460797	-45.539899744314035
0.07341360014263838	-52.746867731199174
0.03392896480555051	-58.27183696917194
0.033564631941705815	-47.854331309637494
0.03330319853302735	-47.18079220316521
0.03430342309596757	-47.40040985711031
0.03257585299265928	-21.244337410001098
0.03350043836111364	-37.41925051693504
0.03297467361600152	-15.528572006067929
0.03334300773707401	-28.622349545056853
0.032432082179499146	-15.920290492882481
0.03257957519737203	-1.6219952864729958
0.03727046293065213	-55.82880229718361
0.03715189903741807	-47.974212149220726
0.035040747869317775	-55.65823223090716
0.05765024491097696	-41.015766067402005
0.04040575410038708	-56.38123055951935
0.03297732232701484	-35.53070532957573
0.03244480063801577	-19.78388274157283
0.0324484898940718	-19.781623361237102
0.044675233707910635	-48.194950170652405
0.032818454003738964	-21.88119154721581
0.03415793740598785	-53.865185327362916
0.04443151576207682	-50.613436675439445
0.034314935426433824	-1.868765122096286
0.04441463494490676	-49.20877402230447
0.03417757823354999	-37.86372514344474
0.03275557330880052	-28.468496099061753
0.03443692887425253	-3.1162587465438776
0.034838688798203524	-37.96512440932152
0.04344469803012881	-51.030893610470415
0.03610514372287897	-55.541669677007384
0.03347314721478935	-46.55137734458996
0.033637407292486744	-45.58984592962357
0.032941372988538165	-29.768633808146113
0.03204752451983914	-17.44036751846442
0.03257467402717508	-18.567575889275712
0.032706435698764386	-3.9539218852408005
0.08940168668834808	-50.284399854736016
0.03261679976229853	-15.569533072334357
0.03316826632188174	-33.44510573418575
0.03192643409709511	-3.2565664301000545
0.03666705272326131	-33.9650261841215
0.03825660836109337	-32.127816475358586
0.07108792032324615	-53.48024107034937
0.03532290493895188	-53.55895626413664
0.033974416198022946	-2.247216031335428
0.035248272158936736	-39.014517743489826
0.03155269905500117	-1.7056651060584795
0.032873175592774584	-33.72296350104761
0.03256955733854019	-4.268356624335091
0.032901171061241505	-28.688261313785485
0.03479726061883481	-55.13238668220523
0.03471583420984775	-59.14827683250615
0.03693231526274704	-54.96058336177215
0.060111191685115244	-55.38379609775182
0.03370505010798948	-46.93246761094387
0.03277246409807364	-29.99163121713659
0.041807800990650325	-49.2050265912296
0.032479800661958734	-1.627007181023308
0.03371797930930839	-48.682435464477734
0.09079016028635076	-2.9320609902631647
0.043908071292403435	-66.16151931679795
0.04495300699932937	-37.25334078888197
0.03384367503126215	-53.799512997810595
0.032825400757505015	-36.098681259593235
0.03744272922288989	-1.6190146723855499
0.03514291799452408	-46.87505207237325
0.037076855683959166	-28.27979697764831
0.053493672243771315	-52.490280848956154
0.03635178083128565	-52.660481068026805
0.07741114775032253	-63.91148472975807
0.043975010286506466	-57.22624426090487
0.03330323298499878	-47.17994135217992
0.0345011246789303	-49.83514452874751
0.03433281050964495	-18.99660654032597
0.03119015657490977	-15.32256856081947
0.032432082179499146	-15.255906216140463
0.048815978479188164	-47.87254844683305
0.07243289730157243	-39.344925942379675
0.03238967593215716	-18.363511064371544
0.03261292779552151	-21.37074178342866
0.03168590973918097	-1.6935653736913396
0.03811810729723325	-45.92182029019753
0.04451128702599879	-65.44457581005267
0.033044598602765964	-44.09428720222804
0.03342865263735307	-55.422034712339645
0.03354071020877663	-30.905478666025935
0.03395014180106558	-48.62041242316163
0.037287664546386726	-46.47169342766414
0.0328214185718977	-36.20349927800618
0.032814046056117645	-33.6341759108235
0.03248261873394819	-19.869697738788403
0.03209581223773042	-2.242338882745506
0.09119408625179037	-56.31398334906825
0.03304129420540369	-35.74490863643144
0.032402057532483576	-17.49713970340401
0.03285318892276728	-21.416206257758926
0.03312609553370654	-37.38014559264539
0.03310682249030483	-15.588213550593785
0.034383054599294076	-1.7863025992899333
0.037251128300571965	-42.130253020574166
0.03271015304509901	-5.780983171669159
0.03205209934081266	-1.3775687123416331
0.04460598237689496	-52.86424761095613
0.03431025721539995	-32.118496273138945
0.03213679004732688	-2.040874318664964
0.03702892819246018	-55.49445443137103
0.03392896480555051	-58.27183696917194
0.0335709136818656	-25.620762513275
0.03252491322145132	-20.10589793193786
0.03285394740053361	-30.33932355475972
0.06936058932606443	-33.87100250598236
0.032456191546879856	-16.3550064424375
0.03288983513747505	-35.80717465513606
0.03284278006146397	-31.575676184473032
0.03565398910101725	-49.92100579989029
0.045338059881083574	-50.06012064605976
0.036040448049409646	-9.089230325654588
0.09352066327251154	-23.389180164696292
0.03290117106124151	-35.61309209121166
0.032825400757505015	-36.098681259593235
0.03275557330880052	-29.102403779483538
0.03214743126924406	-1.8529150764062152
0.0352436420371221	-46.29587364894705
0.037083065473716426	-51.16988249659122
0.03314988712343114	-49.36975972648183
0.034380241983396426	-56.052247285212054
0.03266638909037948	-4.074084370107042
0.03300741433718028	-48.04653199854604
0.033564458022725285	-20.16266086575904
0.032820490559180016	-21.562229352331645
0.033136876019359794	-1.8420969843954762
0.031275275939614516	-13.871523086699229
0.035607601431640844	-56.14172054486195
0.039953354385560566	-57.51324080906874
0.03507066179748705	-48.03754298418971
0.040802264519943135	-42.39315244730628
0.05286262156311963	-66.35424052931539
0.043160113822252315	-19.186053846609443
0.033096398436758025	-30.338088777867046
0.033366493717347435	-42.97009706920074
0.039820364212287906	-39.45293045440179
0.032105067486651845	-9.262167864582706
0.03588933380847222	-9.05276766162807
0.03392187721381326	-16.81179537953727
0.032221773986286346	-15.464132118167429
0.03537755045603349	-56.54086837479862
0.03332319057075232	-47.55211288656491
0.06158139743149686	-68.73435959151305
0.03541721681281882	-51.54475150166807
0.09188402829732147	-41.9303334016577
0.08204278931978595	-4.7551487523156535
0.03297361232646266	-36.306200822571554
0.0333908002183282	-28.065413216974154
0.03257467402717508	-18.567575889275712
0.03181687522356562	-17.06684217540919
0.03305128146251407	-21.05678086694898
0.03383822427412171	-4.103005525320201
0.04389469896562255	-58.917789716271976
0.03374873725767326	-49.21105822699904
0.09304002783676663	-55.508103875188056
0.032367875985621436	-18.337034126709195
0.04003355412879435	-53.88691725965865
0.03370033031936407	-47.51603012475115
0.03476237421091569	-34.01384189979724
0.037200491175692185	-51.82489552700059
0.03243314009952426	-20.527972354507675
0.034163760548647594	-41.60694795096989
0.031474496382613515	-15.184497970106532
0.031514798190834116	-14.497417590438623
0.03759104708571807	-56.54815417861174
0.0335482792782399	-19.76317849461808
0.032683914524340135	-34.770684224023405
0.03212335302235813	-4.026157909274603
0.033158513822498896	-47.27774945121563
0.034288093732633314	-51.978938242998126
0.031816875223565626	-16.08630022374252
0.03501762624470247	-18.766056641248888
0.03218353057160552	-37.55845617303219
0.07686893563349081	-33.71474650010346
0.04388938523657165	-66.24093528403606
0.033895348318168844	-58.470089513653676
0.039460223975196676	-47.791823104766564
0.03390266418333312	-27.66905032154749
0.033032918753659005	-50.71940902034966
0.03379984610242947	-17.836152153138173
0.03530856494896754	-40.68186320795131
0.04106083585512921	-44.79147780806851
0.03494480238497832	-46.7982356386044
0.03416381974833964	-36.5566529878243
0.03288352452588923	-46.79077541893167
0.03307663722600614	-33.86863783009032
0.04116031835799626	-56.7029599011348
0.033809094431387646	-47.518868796814054
0.03384179388788343	-58.74484839208537
0.03294833384499941	-44.355312665444636
0.03844251183595489	-52.681251595696835
0.03381387162396014	-53.85529290837465
0.03722591293244131	-55.79072784872762
0.03616524244839628	-56.26691133386341
0.0324484898940718	-19.781623361237102
0.03195278002868048	-3.3145663966220087
0.03416028669511783	-54.226766594379164
0.03275557330880052	-29.102403779483538
0.032621066505345526	-47.45857118878195
0.0331748298882314	-40.03426297524388
0.036554899335132944	-34.67387385145471
0.0429635442015457	-56.20859947572314
0.03788121623043016	-32.922503292717245
0.049422963986297266	-60.501175241819915
0.031968201609811404	-9.603286158495964
0.03579856471123914	-15.003508989932607
0.0326129277955215	-21.715925760078033
0.03330319853302735	-46.70375311119846
0.033645403466576976	-46.740635940507566
0.032515126046211935	-4.4320540183372525
0.03539563304011674	-48.38882573141255
0.03275704585722102	-29.101094544112286
0.03471583420984775	-59.14827683250615
0.03416028669511783	-54.226766594379164
0.03553569204871685	-35.105422849113765
0.05461066662825497	-40.20675539104375
0.03390470718737534	-47.685885354465654
0.033236395360326174	-46.009539588598955
0.033150612802507556	-49.3686744973293
0.058052261900532136	-63.312163769606464
0.03495456001255452	-56.93387115417054
0.0331891853159536	-29.930537994029304
0.03449374158973525	-48.5778961755985
0.03382264075507525	-55.50731739218446
0.07660362365022007	-64.60508876870723
0.03308728761850008	-40.55603945962222
0.03318083680715191	-49.53371965838399
0.03444462218950202	-1.9288514257425469
0.03522898495174187	-48.31112731633357
0.043239673357716106	-51.69959224044348
0.03441646608124169	-55.03602837933342
0.03358983673676386	-35.26631362821123
0.03294687855376149	-35.934614044617064
0.033236805865085185	-47.45789337678428
0.03366899110643348	-53.61825109956014
0.03250395851251983	-19.98146542499296
0.03421347370541577	-28.068089440066174
0.03329120831572719	-26.444657614186877
0.03442850527108486	-56.697637473908294
0.03257467402717508	-18.497879659638308
0.03819359725190606	-3.1411768273819063
0.0323725882947427	-17.59194933404039
0.04451128702599878	-55.902812709374246
0.03277736754425844	-40.25406107571286
0.03805900603665899	-57.712210829050875
0.033368697639886834	-48.59991681458781
0.03482122079082897	-45.56043801467666
0.032956882542864954	-28.924480685865692
0.03218381218808915	-3.95257336085827
0.03205665940467991	-17.683553016372848
0.032082340079253	-17.402841279851845
0.04065144498363206	-56.101495711356705
0.03415793740598783	-55.09146367345473
0.03535361791286095	-52.34700195309719
0.033044598602765964	-43.8021902181969
0.03176489969044721	-1.9227995411567773
0.032065878959289494	-20.364581402871877
0.033642690615827434	-37.3130417047655
0.03471946327794489	-64.86098981780026
0.03423207385556822	-51.072350110039636
0.03335310221381771	-37.515736477271126
0.034963744124576805	-55.62806141807022
0.033977174747816495	-54.024419977764325
0.054884487352339674	-59.00770407497582
0.03289066083985999	-48.83325765513795
0.032667545973194954	-19.654394108960464
0.0444982608226895	-64.46394273106041
0.03548269332599405	-59.74941812282337
0.055208009015351035	-15.977180795423152
0.03457438555378267	-59.994548917353306
0.03263000646775642	-21.974671014718613
0.03280234640491642	-30.118127086967778
0.03293169813098039	-45.730146667576385
0.03420951520966217	-56.88300011112572
0.03267034694110442	-28.553561684279167
0.031693246965180916	-3.3306422639022815
0.03243881208784956	-20.145137005808486
0.03893589722288007	-16.73533751501559
0.03211958319016443	-17.07338558643273
0.0325871174832672	-19.828426319808727
0.05806630622735259	-63.590204461848664
0.034693633760438804	-58.978425448223106
0.040598748464235945	-3.1401827308417904
0.037986785264623284	-60.417835071333144
0.03716451012155743	-51.760340305264876
0.035519619975876736	-36.68823405529212
0.03277150342696664	-29.08361962310095
0.034753161902507414	-15.76498718368135
0.03316208722060315	-15.042641862751967
0.032938897285202474	-34.373411096827304
0.03332566959710387	-16.40918024828489
0.03661431046291821	-46.51110108313332
0.033303805302595975	-41.55929568523134
0.033328448577987106	-37.220247720558966
0.033823385614846734	-43.617443097778484
0.03360179466035404	-26.238648606984174
0.05804865615155377	-69.18324637823781
0.03462402196102834	-26.8062221825571
0.043841817213165185	-63.5568151672473
0.033521658039788356	-47.52063980261111
0.03271697549971807	-37.897663833844604
0.045458599808712516	-32.59875744945478
0.044762958615887624	-47.35750248170782
0.03232593691966684	-19.966562706663122
0.03222108003134698	-2.241092837020884
0.03207064112363876	-17.41345812939078
0.03282416496808457	-48.09311029209213
0.044735139784936845	-17.948029518573655
0.03258742778092248	-21.239794994177135
0.03293095853034183	-35.97068636531425
0.03122408516417364	-15.879571413470412
0.03318370688558624	-45.21363902155079
0.032305872944047555	-20.413079958887888
0.03206008517872249	-14.891301443223416
0.033895348318168844	-58.470089513653676
0.0315384618988009	-13.775609901603797
0.032500404900116846	-26.97648539523931
0.03242710529376276	-15.83474790894938
0.03267936342386883	-36.47351907592534
0.03704326558011525	-16.02870687896318
0.031476802997636055	-13.457890684572396
0.03386304823369724	-53.97514717457221
0.03483540250535224	-35.90743595352107
0.03204782436862614	-9.45719334030966
0.03268088567169335	-34.79953728322626
0.03260043027840257	-21.701211077410616
0.034584611800353146	-14.062727525066693
0.03988634077049224	-35.4601873893541
0.03306620911768722	-50.6678513703065
0.03162922859182103	-16.304043192707613
0.034146637928605124	-52.356611155917605
0.03363448204440555	-35.19749292690547
0.05585799849554526	-67.00192115725079
0.048207893625293756	-44.69887874312653
0.03169872141349011	-4.2494671784045925
0.03329162833041206	-6.198114682766571
0.03911053130285773	-19.20819214972726
0.03176234527636517	-15.678536163037453
0.03155269905500116	-1.6500370964898288
0.058052261900532136	-63.243122147852006
0.03297361232646266	-36.25959123974401
0.03382264075507527	-55.51766307383261
0.03634299423337862	-37.0349147810326
0.03435181134248334	-14.774284447605185
0.03147937168380752	-13.994178076742005
0.033043119694850874	-45.81386015847623
0.06158139743149686	-68.73435959151305
0.032082340079253	-17.402841279851845
0.033232756375997693	-32.59305391729699
0.032725246663511905	-28.247164062495763
0.04609722804649564	-35.74385414033953
0.05508000161224837	-38.21937710095098
0.08340894549451688	-32.17140823419022
0.03390599628077193	-20.54496877085071
0.035677210931403906	-56.64324699860044
0.032710497095146486	-37.801775948769496
0.03471583420984775	-59.14827683250615
0.03374873725767326	-49.21105822699904
0.032003050439162094	-19.468314977788147
0.031595054277690236	-1.8807646998225445
0.03308211079073325	-21.234543822686774
0.05155654670390621	-65.91735705093363
0.032330993861248325	-27.30368571080852
0.032371437573456986	-19.662749403394333
0.032108284296218995	-47.86031336312897
0.03428377012013471	-26.299717559517145
0.03266170134841334	-38.78997360555743
0.044511287025998804	-47.76622459039709
0.032070641123638756	-16.827525177579908
0.04390807129240342	-64.74438279211718
0.03471583420984775	-59.4305418548536
0.03278107874289468	-46.93275489646957
0.04262902981641224	-56.273572576738886
0.03119015657490977	-15.32256856081947
0.034166131790922455	-20.423375710990143
0.03383085267127281	-53.7832306607977
0.0326090591954543	-24.034717759939486
0.03495899545163596	-37.49166226414917
0.036038215519242155	-46.87906554001366
0.0326129277955215	-21.715925760078033
0.03255365791256617	-21.73259030531729
0.05804865615155377	-69.18324637823781
0.03264048626838878	-34.81701870272934
0.04367172697332012	-66.54109604323338
0.03477234819264895	-57.79416275278391
0.032641801826834786	-47.74107030934059
0.03292326957203676	-44.09307220590553
0.03200762616660149	-20.387667703088827
0.03146156922863021	-12.95384474219424
0.04387610565837908	-58.91077228794732
0.049381975066786855	-60.08567442269825
0.03545534463222348	-44.939265035942
0.03304454125883128	-46.148637171396295
0.05362639935346877	-55.49465558941109
0.06314872705908932	-50.94474400763481
0.031367231274737103	-37.06508698154103
0.0330492855825762	-18.41830270113153
0.03230942668218971	-26.357712149367316
0.03289066083986002	-30.466351898723218
0.032651254633164616	-33.098268110154265
0.03244962295087461	-23.357883987883923
0.033895348318168844	-58.470089513653676
0.03261292779552151	-20.903666524198073
0.032394488765216375	-24.793601787949033
0.03175401294764887	-20.803633109433108
0.032610227108772656	-21.959395619735897
0.03290371538444889	-17.79739836981532
0.03386304823369723	-50.392384500341045
0.0347194632779449	-64.92257084655589
0.035067543198053254	-34.62128060015454
0.03405908747979563	-30.436292662170764
0.036933033973285866	-25.654574884462118
0.03139428287185002	-36.07763398040818
0.03496396674677684	-63.5026690858373
0.08127914755033755	-55.94442492526814
0.042699112333723935	-58.63418302864497
0.04086435085485384	-59.615293485882056
0.03323142965249945	-27.820596999746687
0.055480916232321084	-67.47024302644783
0.034094512140766677	-57.43491756480081
0.03344826209662017	-33.08566010961781
0.03315408047019941	-37.504678363033975
0.07660362365022007	-64.60508876870723
0.049431349686938124	-60.56045438720882
0.03167356092844612	-16.909704609998606
0.05343985780041973	-66.58164994555698
0.03256798890489762	-47.561455010898385
0.03295337905236728	-51.03019672360447
0.03322029959870361	-55.642952203567724
0.03505342721896174	-20.713085570572968
0.06158139743149686	-68.73435959151305
0.035983575243233944	-50.25077904921772
0.03299141898174481	-18.189717688881824
0.032766790753408936	-47.08336168270907
0.04241093022914226	-66.07655268971452
0.03399105025192515	-58.16530538530675
0.0580661634455359	-63.5903646202246
0.04708259158246551	-59.41923040210953
0.05765452018482712	-69.07049667215367
0.033032918753659005	-50.91551817273886
0.03234367848944306	-39.29591647502833
0.032562599532667436	-27.666516800485393
0.034701115428254485	-64.50776094172075
0.03306620911768722	-46.063589838942946
0.03198783660805121	-23.681600763697876
0.031957236994752454	-19.752656057103874
0.04793584139017493	-53.27739047956996
0.034864280041564895	-59.05861183195089
0.05861710385774117	-63.56468666637429
0.04318042644180863	-58.644043361499364
0.0326011914253446	-41.69806052422933
0.03261222058474911	-18.96954829072555
0.034048604773059064	-53.230846873066355
0.0353372995155911	-60.96763325224806
0.042772722652706666	-57.82396859664786
0.03794548668707434	-18.188822520375926
0.033607967743183295	-29.168646316939075
0.032320398107893424	-18.510610509751395
0.04451128702599879	-65.56124839603693
0.03384367503126215	-53.799512997810595
0.03411778331037172	-63.682545272874606
0.05792451083617969	-59.43019610051957
0.0444592073287977	-62.61351323067728
0.032511774123371896	-29.00313265352433
0.03471583420984775	-59.14827683250615
0.04388938523657165	-66.24093528403606
0.0339106924239028	-58.40190705553499
0.03704718909490445	-45.518464486629775
0.0347194632779449	-64.92257084655589
0.06158139743149686	-68.73435959151305
0.043890230530748656	-56.96042550322051
0.03389621294590665	-58.468596816151894
0.03399105025192515	-63.56915070055797
0.03366899110643348	-51.58947890886308
0.03277167547082432	-48.443786916047735
0.03257069749903551	-47.47379171801883
0.04283947629426777	-12.538266494379688
0.033230937198923484	-28.267042296851546
0.034676049918339225	-51.16214932282911
0.03951982641475433	-60.742536572155885
0.03360541138255119	-53.48412383653138
0.03316133746007068	-48.35635724401063
0.03387483987110429	-51.11521387347508
0.033428652637353076	-53.16581956715585
0.0327459800707571	-36.135904475179615
0.031181061261102885	-13.278469138492289
0.043379843558456574	-65.64880872503336
0.032543602089465495	-37.15565527600272
0.05789614476834151	-68.30856435269487
0.06135979334475747	-69.52014681153457
0.033879068081348135	-54.027435877668445
0.04871559575059908	-66.00577515710292
0.034511434031074324	-63.88853623898661
0.03180749813303835	-41.68656952652932
0.031212095726881994	-13.256615381918703
0.03356717583556435	-53.88525067157321
0.032394488765216375	-40.82442849638802
0.03218353057160552	-22.597361160366926
0.0325377310885255	-42.01688868374042
0.03216519318111948	-41.7571718182365
0.03392896480555051	-58.29476443371659
0.061536100913752355	-67.75699991886121
0.0340804152334928	-54.76717883913476
0.0348642800415649	-52.7188019908149
0.05546533076197276	-67.46703664826028
0.03271176094207927	-13.745714010817531
0.03247300869796526	-47.70085625127872
0.03119015657490977	-15.678121423772094
0.0445082510157478	-66.75517487960695
0.0328085515587735	-34.837132604115176
0.05110794538064547	-66.4145292308989
0.033857519477901346	-55.55005499885738
0.03386172720411796	-58.604466097472276
0.03508597937455353	-63.61856231602287
0.03283088781741447	-51.921160066169584
0.03495462882711839	-62.59891975776264
0.03274048443404297	-17.65971685233119
0.03492785827174241	-45.934122175905955
0.047262925786651755	-36.5813515677244
0.057159825458886857	-66.83489940451867
0.03435249721068143	-62.20735689922247
0.04270145986238421	-53.45679578449711
0.03392896480555051	-58.27183696917194
0.03250040490011685	-27.430220580461842
0.03254637209871186	-25.55139907314629
0.03386735411013522	-55.57707868215177
0.05090556247592526	-42.515966486030386
0.033753498113259575	-30.181237088027263
0.04338741799523393	-66.24460559198555
0.03256798890489762	-44.70223905981289
0.034932116748286425	-65.2710653205984
0.03561035251073551	-55.075641437615566
0.031447557346213656	-33.61377258613384
0.037987978251726805	-26.73028778075227
0.034682855349046096	-58.84564097154834
0.061162676805627966	-63.22201446267872
0.032108284296218995	-47.86031336312897
0.03444237091605338	-11.829974289586945
0.03381429722798101	-53.38688856392964
0.03390126753291375	-41.58663842601905
0.033032918753659005	-48.128293666615825
0.03264048626838878	-34.81701870272934
0.05786810074224722	-67.77060283738228
0.032353428630802566	-24.77598356280745
0.03147561229859999	-25.857165580439467
0.031411085647912715	-18.790848510228617
0.03172210987431116	-16.043860929699658
0.032877657709825155	-39.202503997381264
0.0355105214074899	-59.96306836222698
0.03510909711629876	-19.93394574962393
0.03259026085663665	-26.902042296109347
0.03177773636244389	-20.787997718864137
0.03429695358035454	-62.23617538701348
0.0335549013512014	-47.58534773698708
0.03321637859337395	-52.034308722369765
0.03331949952330855	-49.53976465753669
0.03307360936442271	-46.15316985005765
0.044047194137871656	-65.73999073448307
0.05804865615155377	-69.18324637823781
0.05804865615155377	-69.18324637823781
0.04387241258958674	-63.26398479926692
0.03321637859337395	-52.034308722369765
0.03676138711218432	-46.55940089855027
0.03119015657490977	-15.32256856081947
0.03447139055138344	-63.84685397384621
0.032832832890972816	-49.626170949195284
0.04527337779374863	-66.64532753173918
0.05471103541252034	-64.71342004681308
0.043446099146425304	-68.06834375979848
0.03301436778945653	-45.468839935552516
0.0347194632779449	-60.8211249185737
0.03411778331037172	-63.392968908765894
0.035613567628621515	-31.03370451224465
0.03298622525403374	-50.07344564270907
0.031561616847597784	-34.573665444663824
0.0425032378713837	-66.14983158951804
0.049761386340668054	-66.24835568961788
0.03508613697420551	-63.43443572928052
0.03161996561645424	-21.09733409512477
0.05858459477569332	-53.74761428936665
0.05756300040138563	-68.27598578304625
0.03330643385677506	-54.77999846630633
0.03270680735533054	-38.56776214452349
0.03214508591698766	-38.12191481095975
0.03435709234302774	-62.68582261295369
0.049961159139109354	-55.744391882932035
0.033876479874948365	-60.23448146530191
0.034575395188726835	-48.86339701331498
0.032784247876094345	-48.425162036124334
0.03139261378215887	-36.0795560135981
0.062165940476428067	-69.00093626276386
0.03382049591994977	-58.451671933486764
0.05286266463949708	-66.36657066868165
0.06158139743149686	-68.73435959151305
0.03471846379985721	-64.54928737364929
0.032914376509826204	-50.26867354100334
0.034159574733578946	-63.527549905627325
0.03349510667814956	-55.43532519302271
0.033897619726752315	-58.73978600768338
0.03999274604477188	-25.63462982737236
0.0339026722451359	-58.61396278039484
0.03411778331037172	-63.63154806843877
0.03304839598513269	-50.94827127325225
0.06005297118180853	-69.72280827819323
0.03217066122065273	-45.91513144473144
0.031880502392593275	-32.428093081356884
0.033032918753659	-48.12611201843612
0.03267105122305402	-49.40439375131223
0.03448657045333421	-56.45914749179987
0.03235485879304934	-46.84954234970395
0.03120185209089064	-14.437747340657332
0.05151346045807244	-66.67892725817623
0.034954628827118375	-65.29601341994965
0.03303051532799454	-48.78070141766274
0.034016838505724	-63.44808627781914
0.03133830794181475	-26.02904841590903
0.061344467467240246	-69.69727411803225
0.03264658337834612	-47.300679524626105
0.055827371195028085	-67.04961353579115
0.03382548840397802	-51.49273583761816
0.031514007873647776	-20.84886488216084
0.03141296269696039	-32.690891156770235
0.03769592534683368	-25.256651355555594
0.031778659371064805	-31.924660486968936
0.03356717583556435	-53.88525067157321
0.03152927598153885	-18.836904273368035
0.03418392156261231	-61.61432979833208
0.03195388672040123	-41.83608169651595
0.03465992118037509	-41.60606240970889
0.034748349786897705	-40.945684119084774
0.055354313519740656	-68.95099229588918
0.05541696290543304	-65.299438836389
0.03373164047226003	-60.06384837583602
0.0325150925982245	-39.35974773887528
0.04354553915194469	-42.19951164764215
0.05489936885134156	-38.86012170001853
0.041638216579979674	-35.587695663467194
0.03567903716861463	-63.279982684963045
0.03422812220026444	-62.04625270361477
0.03132035355251487	-15.310639760319603
0.04514279731543703	-66.66784310440582
0.05344500918161519	-63.69735973407994
0.04390807129240342	-64.74438279211718
0.03294714803464363	-48.10399023954867
0.033889559535927746	-30.103273834013
0.058826716736165685	-29.558851456441964
0.03565218308391153	-65.1883004501177
0.07400173284690238	-62.004725349579466
0.031194001414636855	-34.0340603929749
0.03145615202957624	-14.904809583160699
0.03382264075507527	-55.51766307383261
0.03330922032492796	-54.38319368112925
0.059088282831905474	-65.79860836161508
0.03393363340207754	-49.31389056387986
0.03262873158714596	-44.37331517161262
0.03261726637120111	-40.633527800810405
0.032542729332420244	-27.493576793088472
0.03492101987427872	-43.37318543055133
0.03172137132339409	-38.10884236330253
0.039395801213230074	-64.08607603559672
0.034278263937522264	-62.28048200151048
0.0429134645696035	-58.29716634282215
0.03119015657490977	-15.678121423772094
0.031181061261102885	-12.811715540933179
0.04338991214308948	-67.78293209382765
0.0445082510157478	-64.94657652438285
0.03241363764730744	-47.268437484203346
0.03376811589292023	-56.1348478964188
0.038913017060032466	-65.1817836213691
0.04687288474226522	-35.95407696221796
0.03470069153692282	-64.6746393542492
0.055828259728873494	-67.04845460000739
0.03411778331037171	-62.72937296832358
0.03265011723282184	-47.60629206107537
0.032396082165028935	-47.03163993295252
0.05802509648275421	-69.43703292896191
0.03177006944633591	-40.19946476082935
0.05758008402392367	-67.30066493329967
0.039695098522464306	-68.05200170298617
0.04660685277445737	-64.79054511144821
0.043381388859199545	-68.67515287619115
0.03401469071782504	-52.48462988164852
0.06005280079331648	-69.72301390592607
0.05795801982725782	-69.54274335477416
0.03471946327794489	-65.05570813589502
0.03472147753627888	-64.93955539109172
0.03366157384179112	-56.53834422648247
0.03262042537800266	-46.32784663245089
0.03429515288914715	-63.66274955336372
0.032256413618482284	-40.883814655025844
0.03470111542825448	-65.08229345110598
0.03387095753935794	-58.0078625005435
0.03775729538306328	-14.807772874060024
0.0340281065607945	-58.1798006211161
0.033650674621800894	-49.554729469564215
0.03252630723558088	-50.95175993689051
0.051514540159397694	-61.57145905782534
0.0580913435572113	-69.09658395614093
0.03273198094025244	-47.870789563501134
0.03398373021490148	-63.41554905740308
0.03330383249199963	-54.44286523409714
0.03210828429621899	-47.81667654300918
0.03202485699918849	-20.59232862251731
0.04065913194483644	-41.32819339964363
0.04514279731543703	-68.64970354324741
0.03471846379985721	-62.805811500644786
0.04635508077471376	-68.90025330053659
0.043932503181239445	-65.64750044025519
0.03384813042928616	-64.10428864729626
0.0347616371260247	-59.39855204971828
0.06273997318529233	-64.03050813988145
0.03234988701846684	-45.168988523651436
0.043233905787519844	-69.10196141172779
0.03233414213776591	-36.24281745390755
0.03322029959870361	-55.601549958655944
0.03471946327794488	-64.35926670647031
0.032439879330359675	-37.82565044205863
0.03146662081318683	-15.10685357544686
0.05789614476834151	-68.71506134512549
0.031181061261102885	-13.278469138492289
0.03279910013097871	-50.238828475342295
0.03259654460539403	-41.59938838399368
0.03565218308391153	-61.95064789875869
0.03139428287185002	-36.07763398040818
0.03573282696794286	-46.398662472728326
0.03119015657490977	-14.625586255999123
0.03480663668061374	-64.9488240492714
0.06391276023060077	-71.23008243692301
0.03214508591698766	-37.459702344751925
0.031194001414636855	-34.0340603929749
0.03548938750893382	-52.549810113955814
0.03577329590795433	-56.70132036312071
0.034171383369102575	-61.082048701675426
0.03292221479530415	-52.3653110752042
0.0332202995987036	-57.66137047305083
0.03297787552315719	-48.47619672567191
0.03489525970373297	-65.21959059898734
0.05720431250523215	-68.04558443418794
0.04876059114367125	-40.09726537075353
0.034888755613221314	-61.41487453331418
0.0325377310885255	-40.668446942569794
0.03122408516417364	-15.528067620139186
0.031222261394107956	-20.042571966105374
0.03312993969313245	-40.44689689738749
0.033734838508899204	-50.31469897238129
0.03320647485075213	-48.73481430483965
0.03172137132339409	-38.10884236330253
0.031255407519358125	-15.562356338438214
0.05683913841279283	-69.08263543805245
0.03420020221103125	-63.41099431165564
0.03216519318111948	-45.919828364115745
0.03321637859337396	-48.89430792671657
0.03271121804911827	-49.464828535518606
0.034824365833579264	-64.07816227794537
0.031181061261102885	-13.278469138492289
0.04450825101574776	-64.51138076508181
0.057639544915225764	-68.70397587816495
0.031366936026085375	-36.502590084796275
0.0391671951082298	-37.61754449611223
0.0585227332448862	-68.82343478199145
0.05804865615155377	-69.18324637823781
0.03217066122065273	-45.91513144473144
0.032132248039768205	-44.53096463718701
0.03414148819440624	-63.91152580661116
0.033897619726752315	-58.91349712594155
0.03240869186443532	-50.59679926354301
0.03150478081806848	-13.008714420204441
0.03547978147762362	-64.3784118272981
0.03897604218651369	-44.221158367817885
0.03263062706042993	-49.333953960397956
0.04340316994968532	-65.61008037686877
0.0313937886654651	-36.07820306153438
0.04377753627791444	-67.50417805923747
0.05426587674341295	-52.94919522768785
0.032720659609417065	-49.95440401829027
0.06594956832033863	-71.81531276182679
0.05683913841279283	-69.08263543805245
0.031181061261102885	-13.278469138492289
0.033837130076298516	-62.60228460687636
0.060098370273467226	-52.53424330174176
0.033054422000161794	-50.93889234112577
0.03353576382840195	-48.291786495566484
0.031194001414636855	-34.0340603929749
0.03620079931230254	-45.76374869191525
0.04654047403526059	-50.52374634731068
0.05382224307669436	-65.62862515045312
0.03623037340740327	-64.78436410355697
0.03679915028166208	-66.42740664702325
0.05340915785424403	-66.56312963437777
0.031181061261102885	-12.811715540933179
0.03319745630093132	-57.47948121445883
0.03969509852246429	-68.07273291480283
0.03693242609216427	-38.68484279383448
0.03164078284751965	-15.476884279636453
0.03787777574506853	-65.40555819834788
0.03301202312064395	-55.84169333419372
0.0427528071164113	-29.130473286262472
0.03509038041319502	-32.59347935146612
0.03385123191530558	-58.745037405161355
0.034908703342861905	-63.58765667621169
0.034076263866777735	-59.58262329677568
0.0405990930332557	-65.47683833499201
0.05683913841279283	-69.19983199999565
0.05955503681453969	-60.12807549359073
0.03327820767621414	-54.268361041300594
0.03302548306674133	-54.117896194254655
0.04093003891519494	-56.26416346153169
0.053240697867364364	-64.8909079920469
0.03688559658732862	-47.9884327116979
0.034081020688885494	-57.90033006075728
0.039695098522464306	-68.05200170298617
0.03342902048126858	-51.026869522415666
0.03317370338861225	-42.951971615872935
0.03225254844189831	-44.545520467074205
0.05786830281971797	-68.76828094133381
0.05510906773097728	-68.89402342668713
0.0580199406775116	-69.44340310508193
0.03123338773868338	-13.199958954176253
0.04016776752730185	-60.529075928422294
0.03135093991332956	-14.512094717103325
0.035126144895608204	-62.762586685912325
0.03472820526308525	-16.164634650173042
0.03152475509688325	-14.271175062279392
0.04483265674484114	-64.13838090754106
0.05683913841279283	-69.10239316928474
0.03259508938358458	-47.9107534347367
0.03251827124890675	-47.63432797220311
0.03122407992871291	-13.260111092223003
0.0330954365657801	-50.17676808047313
0.03149964090118896	-36.345054862548636
0.03457313622852238	-46.79212409881975
0.036389828158337495	-39.03521106473767
0.043594917415503816	-62.146153994262825
0.0338349763565767	-61.66091519795873
0.050725998261829885	-68.49064653008995
0.03615167832593671	-65.69359468271291
0.03209142072654709	-17.67894857983023
0.03146232522422641	-27.45802347381056
0.03197788868181994	-45.928752124669636
0.03299182342798511	-50.22211006382904
0.034108717023227125	-63.613652495865324
0.03216519318111948	-41.7571718182365
0.031988832860788914	-16.38672259009965
0.034556281596074864	-56.822368298881095
0.032105011572534814	-46.710195090117836
0.03971240347568295	-64.59192211507656
0.03126061992955578	-25.87700364328084
0.04323204518453196	-69.15673341939082
0.03241038823541962	-51.574669432046335
0.05775244898265247	-63.80832183533733
0.04107997492256871	-67.39873519591076
0.033816974446805155	-58.621915922136694
0.03235485879304934	-44.91776117591594
0.03409041332024582	-52.20044701352225
0.03276118629564918	-51.73204486552166
0.03340682811669222	-52.66949032740479
0.03713034263241633	-67.44372443516289
0.03787248030202606	-65.81902989177124
0.03276130372756618	-51.73185924358421
0.03589374403420388	-14.467988188110203
0.03382662038987437	-60.651099065505235
0.032617157387026446	-17.925979213332297
0.03397258224105562	-12.92158055129294
0.035025391706262295	-59.450351559144586
0.06439398633001092	-71.50393358975901
0.03494004204738433	-64.54249903931505
0.03172741797221361	-22.524191009092274
0.056827035979224165	-68.64506629514554
0.03470050002586628	-65.08345317205247
0.05808315102871224	-69.38805750797485
0.04279105362768684	-17.560657546621293
0.04216981936138351	-46.29145341799352
0.06004340284993767	-69.87901330471743
0.05803238973754657	-69.28294937581788
0.033876479874948365	-60.23448146530191
0.033288639420189337	-57.542562120773326
0.05807806581084057	-50.66457259120839
0.03428700325484612	-64.69013155185361
0.035098933263896376	-61.56119278203962
0.061344449852228825	-69.69834076201076
0.03383906404023124	-58.7889888848577
0.03274010498610225	-47.4969708615197
0.03129039989028951	-18.24485192284021
0.03243967171546522	-37.69517106735436
0.03220764077461535	-47.75898121705522
0.03122292368191982	-15.291929280420705
0.034932116748286425	-65.7805871144543
0.03285617088153608	-50.54059445118592
0.05751491095165058	-69.37575345484004
0.03202931831684551	-28.80884314151615
0.04326077403888416	-63.08718294129219
0.04104970466262281	-66.1435071764825
0.03787777574506852	-65.37325372592609
0.04640620967941026	-68.85527091643115
0.039768823352065184	-68.00678871208599
0.03868841685842866	-66.66815595425798
0.031304214313750765	-18.145259016157382
0.032776819969094255	-43.05230610781492
0.03210764626040355	-47.19054576297823
0.03151752428642149	-33.75964515661513
0.0372581240717672	-63.79627403212722
0.03204590205652778	-46.79150297489844
0.031190156574909762	-15.94082007211872
0.05683913841279283	-67.3418826703274
0.03295675184156747	-55.69515383503784
0.031181061261102885	-13.278469138492289
0.05304020583769628	-68.27670096866525
0.06007213878328746	-68.8018845730491
0.03240797187828573	-51.590298363104836
0.033423995399963116	-50.78487816722457
0.03402568820640219	-66.12010895111978
0.06389721249228847	-70.25482551848141
0.03285547329535125	-52.55169977871564
0.03197788868181994	-45.83017307776604
0.03139870472149874	-29.74569734733697
0.03208257973580201	-41.99399112088835
0.0345970218706393	-62.580392065601664
0.03470111542825447	-64.33595036211256
0.031190377637172792	-16.23764068187288
0.049636332099625216	-65.20842523949138
0.032862595476515245	-51.17136084080824
0.033991003915594176	-47.81038701865338
0.031193837050839723	-16.128607383446234
0.032426166448556226	-50.86453217104274
0.03629030816071187	-66.54505113535753
0.047175450511297914	-60.073246550555666
0.031190742036709303	-25.116233111611194
0.033838415268262735	-35.37460213639572
0.039152856165425125	-66.59943122742617
0.0504195834853978	-47.15467583976016
0.034873563869835936	-65.21097850802443
0.031191114555416108	-15.32494491733329
0.03248815386694973	-51.42926395638776
0.036206076641354806	-33.752715110218986
0.03493211674828642	-65.29992197657769
0.03322029959870361	-55.642952203567724
0.03896877448874285	-63.37999916542136
0.03183097943765251	-44.26876243191854
0.05801966723436751	-68.6747971842062
0.04058505920324066	-65.39292171921083
0.0320516628479487	-15.56980849092917
0.033277714642081575	-32.043886569321735
0.03297617301814398	-49.8611422607457
0.043233905787519844	-63.96848073692516
0.03915531480384298	-67.03677028327157
0.03628391165705525	-52.670370278931756
0.03392287391503316	-32.48363802008079
0.03180528760273304	-36.14155268569222
0.033661791545113555	-56.720444863464884
0.03217103113217678	-46.01503122324114
0.03384179388788343	-63.69479330808993
0.031194001414636855	-31.371126207843375
0.033944326393717625	-63.370976126021205
0.03130949262615505	-15.489755067287962
0.04045157853684501	-67.8768857224018
0.03195376119861655	-41.83598859512509
0.037728177830915095	-49.35782069991576
0.03160488767011897	-15.857985251212005
0.03416558032482819	-26.372615072070882
0.03597535235477957	-39.95116615060195
0.044585613323783434	-69.84580726304412
0.057396973523447366	-70.62211036606685
0.03969509852246429	-68.07273291480283
0.034032406945976756	-63.87412745485828
0.03969361918115413	-68.96883543591508
0.03381303195730759	-62.61555500254259
0.03342051712581869	-57.66617298510886
0.032569560830281966	-47.13708158282265
0.05245215083704437	-71.30101767216496
0.03910456784145367	-34.140508932352894
0.03495745758692859	-35.54667734790805
0.03247048746343444	-47.336600529558616
0.03311592267713301	-55.67344275519362
0.03500900310379972	-65.26993851485446
0.03868841685842866	-68.68748903698975
0.033288639420189337	-55.84577128182713
0.035639226299048594	-49.41093983316776
0.0342529083200581	-42.070563444666746
0.031185102009289364	-13.355704960501956
0.032978130062186826	-52.032488297097935
0.03346907596067876	-59.24831559188025
0.03350635247542156	-51.5963167680256
0.032766044571315316	-53.51653360168942
0.03220563133826395	-46.76929019590336
0.033822815771745014	-63.73059578394593
0.03308412669802389	-15.1858097438695
0.03281537191249169	-52.95434427019343
0.033811625474849304	-61.50936044834196
0.03732623433307923	-17.672438699108575
0.03383829245038003	-44.570603290706465
0.031332895952295874	-16.746499305673254
0.033629549176548264	-62.36754938094502
0.03390188722321633	-16.733027163732384
0.031192122423691376	-30.476183159681238
0.03861837816866669	-66.39406782495813
0.031181061261102885	-13.603362650701607
0.034777626008404235	-66.14855188646403
0.03628693522035072	-66.50749065906291
0.031094732326513545	-13.143081044940093
0.03283891770826991	-15.252969625957713
0.0339630380537675	-63.087205587887176
0.05673851100468982	-67.31766328325347
0.03267409434078012	-52.30369236573339
0.0377127854339582	-64.65146096141335
0.03339310395567211	-60.72916348808189
0.03444213406218086	-49.43209684306172
0.03139121521831764	-37.475223627435824
0.04760477287259798	-69.57432805158152
0.03183799984217737	-44.2589523371235
0.058013027270985465	-69.45194567562778
0.033807252660726185	-58.80056771111311
0.06397537986208095	-71.11330015578183
0.03119125114274498	-15.961088985952264
0.03297059576234038	-47.71218861473793
0.039919488401861415	-67.6606027037622
0.03436691170183089	-13.1850084605497
0.03274678003517163	-54.30135414374679
0.03485602333657814	-64.65572790780554
0.0332202995987036	-55.974052707503894
0.032409583105514415	-48.9169710137759
0.03416376295590848	-63.104648337475346
0.06388823909290815	-44.194184839191635
0.06240569887165876	-71.4225091416777
0.057121836870540704	-69.08528603805816
0.03285718537341447	-54.39540202921419
0.031357451474328474	-33.85592850745157
0.03324554258294995	-55.60055243850106
0.04665700065348424	-67.67866243944165
0.033862903214882556	-62.8488332891747
0.0327967078437302	-50.17732139167418
0.03183658939013039	-46.25783757292641
0.037095298412041684	-60.29454678755324
0.033050150920583436	-57.99376843539565
0.05711754987645016	-68.66782290187308
0.03283088781741447	-49.47059220230205
0.031181061261102885	-13.278469138492289
0.03969509852246429	-68.07273291480283
0.03629030816071188	-65.75191164433723
0.0330670269607339	-58.05336930511321
0.03399068290595854	-63.27992415805336
0.04570297360206263	-63.02787509749834
0.05550916686997899	-55.04788083956317
0.0316277336839823	-40.05774638467232
0.031237225924935347	-15.374439512757375
0.03874552410376539	-49.428532023347
0.054388257116435086	-65.08156071645296
0.03508236264631127	-14.459694742351363
0.04215455524246921	-56.662447737818496
0.04578279006918493	-69.92351522027406
0.04704758733325791	-66.37928457855577
0.044109461449126385	-58.11909919034375
0.03834353437314406	-57.01914691102095
0.033941127797900976	-62.381493458440374
0.046355080774713765	-68.10062389767837
0.03492672862963063	-65.3102076693886
0.03209507229200919	-43.473590701094025
0.032412576707642485	-50.96230325201962
0.031499640901188945	-36.145629358553464
0.03559663640152102	-57.734207103915935
0.0321985131260115	-45.21373158721651
0.031190377637172792	-27.384045653771786
0.033837130076298516	-33.59466326209226
0.06227228768613572	-71.66113753036092
0.03173049444605881	-44.05914454482323
0.03675155612776468	-66.41588532701381
0.03633289341027471	-66.95494365759122
0.03611209365103211	-67.98477296272945
0.06926387313446286	-69.69460115832045
0.036298445640514314	-60.78755823189536
0.033629549176548264	-62.36754938094502
0.03629030816071187	-63.755240430851615
0.031185270127430425	-15.181066876084829
0.04122986272117928	-68.79831133746033
0.03141230062665828	-38.226200183061835
0.04071792588614457	-61.16985073982647
0.05166739102006856	-68.81458084517871
0.031843055030624685	-40.24334870238828
0.03300758586488661	-55.83379771487422
0.03267409434078012	-52.70234801372494
0.03161209425078977	-39.825281260935256
0.03348475947962561	-57.41668800967401
0.031191238353691336	-15.961095550931955
0.05245217878625439	-71.3009766475281
0.03482564424438031	-59.40868091323814
0.03341899593344794	-44.78218899663239
0.043390660977016854	-69.29402912317165
0.03493211674828642	-65.75746582765792
0.03250702047590974	-49.668472993298614
0.03348947093769836	-33.83967281314112
0.0311936588832298	-35.08661720556
0.03319869085302609	-53.280986983774305
0.032731742952186	-54.328093578685916
0.03177915748640771	-12.865951662690382
0.033822815771745014	-63.73059578394593
0.03134493424966896	-15.993971392856398
0.03138918615236206	-36.28010555023719
0.032237659272369004	-43.737739679324285
0.031191202516974974	-15.961113946949274
0.031181061261102882	-12.104359432398287
0.032108284296218995	-47.86200984590993
0.04323207240146007	-69.10265477973199
0.03118106126110289	-14.923846869750648
0.031830255272925476	-13.040576352184281
0.04668645817509041	-69.24698237278207
0.04537639618478038	-56.31949916658979
0.06606207957553283	-72.36815222260721
0.031181061261102885	-13.278469138492289
0.03400430673991734	-31.04594362498309
0.03322554839813091	-26.698758232573248
0.03292955607246705	-55.9820503437404
0.045690172390176365	-39.88343181842393
0.03677902619067469	-39.83708754142344
0.031194001414636855	-31.234773028553388
0.032989909638404126	-55.4443453897433
0.06308173554332239	-70.05572200259103
0.03997897008905086	-68.18100985453579
0.032766044571315316	-54.406215907880465
0.03679997651176046	-35.783310858748536
0.03398204219104881	-63.479040134482474
0.03207162879729377	-48.11023103829306
0.03123388087253899	-34.29176583297549
0.032756372042838565	-52.629456812326
0.031194001414636855	-34.0340603929749
0.03287754212698561	-47.16435307214101
0.03317037438275267	-48.62898377477863
0.03118758032498806	-28.304987087252528
0.04683499144099925	-39.346177284952226
0.032918782450391794	-31.607112612293722
0.03147417323845773	-20.864540650687793
0.043233905787519844	-69.10196141172779
0.031194001414636855	-31.371126207843375
0.0562913568930199	-69.49689311157536
0.03215872375381935	-46.85438535639725
0.05128397607444048	-52.89423870299402
0.03557337183262767	-60.486922348783125
0.03316768467607608	-56.230683591469116
0.03487780492348764	-65.47192202846867
0.03350670959526479	-65.1482178131835
0.051119814159487215	-71.17324559602802
0.0463331172060578	-41.6839580564208
0.03177418383723141	-39.62580544688403
0.03211036827126507	-46.72046356044189
0.03197788868181994	-45.928752124669636
0.03969361918115413	-68.9572261725825
0.03328156033152071	-57.05728746163476
0.034667710872120894	-59.74573867039995
0.031360171481759354	-37.13186536497641
0.039612420329125916	-60.236656822811405
0.03210828429621899	-48.17802929396045
0.03915537652027731	-68.88055265174505
0.033847941674014094	-62.38660197578684
0.035442351076542505	-23.108469209286596
0.04279721314162836	-35.685759338933615
0.034385017651135	-42.70497386620251
0.04925376042443431	-69.82631241032536
0.03211222426556592	-48.803346523727456
0.03276288789385804	-54.124377153243834
# $END DATA$




