# $NEW GRAPH$

# $NEW TRACE 2D$
# $LEGEND$: $$
# $LABEL X$: $Objective (or constraint)$
# $LABEL Y$: $Objective (or constraint)$
# $BEGIN DATA$
0.0	0.0
0.19990468097085384	0.049705541430031655
0.06011739032740468	0.010442632144766248
0.0	0.07451415058265375
0.34612302574496395	0.2118402835191476
0.0	0.672408433415002
0.0	0.02713695604484947
0.1722100288249761	0.05233460156932882
0.0	0.037285993467711595
0.0	0.05455234949677739
0.3247718908617838	0.10481643301024916
0.3928180903819189	0.08456421803037664
0.0	0.044533700152711825
0.0	0.029951777869608495
0.0	0.038549184923754115
0.0	0.06313920817976029
0.06429441063429633	0.04590544722960629
0.07899526174440907	0.056241147128099585
0.10350688350277715	0.04395428114035051
0.09500641375169463	0.08837145395347376
0.09099240451876105	0.03655362743574958
0.0	0.0341108484456913
0.10708310247883009	0.05024975075752757
0.0785701308869147	0.03346194262471961
0.0	0.0250041551208709
0.3462752333810555	0.07592029051811802
0.055124869053264164	0.049737622381132045
0.09689162932180385	0.022982508267568626
0.040830568608930945	0.034556001247355625
0.2591506351690346	0.04778939803709694
0.1840515555814271	0.043731470165151345
0.11573646554476859	0.037630654737038916
0.23749061732033108	0.06705516845276595
0.39195270854149333	0.07063242532690026
0.41243678140590784	0.16410850619143125
0.0414985984690502	0.03735767544917463
0.23932894149465692	0.15424527342827637
0.07538761419927865	0.03224813429467736
0.2822535129588395	0.05203029232641469
0.10845048227439096	0.060919266910619316
0.0	0.0
0.0	0.03749764121124698
0.0	0.029427735335146015
0.0	0.0
0.2827413000729349	0.13981173409029546
0.04841358553411832	0.03416464192767418
0.09505326664915888	0.07609863768483613
0.07626047755519547	0.0373622973953508
0.24964567054684894	0.06236699444868627
0.0	0.031244904846375866
0.1063647077399551	0.0335501745672089
0.0453869289000701	0.035376359608000695
0.0	0.0427677182985949
0.05611705533637414	0.06052665608856709
0.0	0.03618085376153507
0.04210725452079874	0.078607170397907
0.063476076638019	0.03277149300876482
0.07842232052261669	0.03661276532553386
0.20588377392486532	0.04480171146577927
0.03554912722632384	0.05914874154991172
0.4083756755545519	0.14679331385947703
0.0	0.0
0.37824300951234535	0.31772678163352114
0.04774026475987911	0.03353754133154969
0.36649229472162764	0.13363848755427896
0.46885621322726584	0.27508936091260666
0.238630486162457	0.0781742694225119
0.1107715752590414	0.04022904547610605
0.10967942546378409	0.04183818751453196
0.0	0.03789947170335045
0.376498191702641	0.07138206502990546
0.10243664624509112	0.03641364648139055
0.0	0.07548072679780969
0.0860861803537711	0.09541378996651616
0.06164912316370195	0.04965088853612865
0.3513378139141809	0.10714304979748213
0.08128716448339038	0.05744298460237967
0.28059547001826046	0.05812174621271586
0.46091404144628767	0.24220636328637535
0.05355491276414291	0.0319565464165573
0.16584166464196526	0.03944601485168669
0.3268710478821151	0.05930609388823271
0.25783563446757685	0.05264474244296245
0.10353904362238812	0.03085326285534215
0.33353825190921454	0.12706528878033976
0.23919064908252197	0.045971509897486156
0.08642902570275826	0.035818408739134576
0.0	0.04547718984797452
0.05245456532619397	0.03412803001288863
0.0	0.0
0.0	0.061469761257967895
0.19148318731745112	0.044142744484952666
0.0	0.03624402740188209
0.0	0.07110100483552506
0.25885770610365416	0.0
0.0	0.033573056254002316
0.0	0.0
0.0	0.0315089101659916
0.050178284236183084	0.037226698398726374
0.0	0.04243437209556047
0.40053722023205357	0.11116394485906578
0.08670906224968962	0.03447231575262602
0.3661181701356259	0.09356583149921373
0.03443598679001999	0.03279781990529392
0.38292338984457325	0.08349142843646985
0.08959862421256634	0.05512440329799593
0.0	0.03361269582130949
0.04328676916370761	0.03436015493027625
0.4510748923082098	0.3239861248826512
0.045859180567856025	0.033588759880323664
0.10956469045564801	0.06176547232125215
0.08949196846000443	0.03897682688018497
0.16739511617575972	0.14860463790163667
0.0	0.0
0.0	0.67380790916365
0.17837687117493378	0.04364634783266833
0.26133739148807095	0.052613899522008754
0.0	0.672408433415002
0.12052812370281048	0.04006684405762372
0.29941049254820906	0.25945344541018833
0.22570237724401362	0.0740594332799119
0.06717536490289915	0.03213987653646487
0.0	0.0
0.2827413000729349	0.1429829422558413
0.0477402647599613	0.03359994431140991
0.05512485167520707	0.0498849700601629
0.11825112713434772	0.03988538961873002
0.07087156521637954	0.034813032873890704
0.0	0.040459652768838374
0.25826726077857604	0.05556422157391698
0.3692705175466432	0.11270983877674219
0.0	0.0821633112326927
0.21269279641512986	0.04289379145875444
0.4520906895754687	0.1897337040185338
0.05085037360456816	0.034734434139385206
0.0	0.06997399419645452
0.15565621607351707	0.03884300286970103
0.0	0.0
0.21721179637544283	0.052489577064275955
0.25947559914327606	0.053267312928367685
0.0	0.029354072586255324
0.38898644716287967	0.09553607378246562
0.23932894149465692	0.17795414362392423
0.07842232052261669	0.0359093832192629
0.0463295482198497	0.03340706024420797
0.20151353145842474	0.04989478682510736
0.18972505004874385	0.0414986546932925
0.0	0.03913827509361616
0.04548979505855857	0.03196187451462335
0.0	0.1303223384185603
0.03554912722632384	0.059203765591866186
0.14068049091010784	0.0
0.23811064285165526	0.05032910986865625
0.0	0.03262414074246308
0.07473475318816244	0.03726828335001571
0.25573050161002164	0.050808945735154785
0.0	0.031248963734495743
0.34612302574496395	0.21187413535453867
0.10747577623089734	0.03733033958791217
0.09099240451876105	0.036326778217233714
0.11907291419115675	0.026360241975778978
0.0	0.04145887672625206
0.27225314993678695	0.05499127559456432
0.05101419957508922	0.03607548788153823
0.31180186641627833	0.08581074113201592
0.10163253216514795	0.04036315674635684
0.31100365317104695	0.058310847239414564
0.0	0.13914293138313394
0.0	0.03745184545063945
0.0	0.06331669101727627
0.3134813453124995	0.05772134177383958
0.05355503840632929	0.031955181394369765
0.2477413397319227	0.048094898549765216
0.07184601297367742	0.058790836301592465
0.0	0.03264697657038443
0.4060685458082546	0.09795288288475701
0.0	0.03187759265120862
0.24820123745782702	0.048284738251640695
0.16584413467855835	0.03944630860398105
0.08608229282917955	0.08245449246899933
0.25783563446757685	0.0526679426760867
0.0	0.03183004068026423
0.3581615249377715	0.08101575338956983
0.0	0.0
0.09947949445261679	0.03573769343600867
0.0	0.04204475208124082
0.09689162932180385	0.022982508267568626
0.0	0.029951777869608495
0.06718391081429609	0.03628602134618298
0.19899177445379762	0.038813447865731515
0.3100388018827899	0.055614466691791244
0.06971474783863653	0.09907052852487501
0.07626047755519547	0.0373622973953508
0.0	0.06313920817975736
0.07747004596887393	0.0308204622212274
0.30649078020939075	0.055366018031604465
0.0	0.0
0.03646872336213549	0.050933603915193144
0.40837567555455195	0.14884398712874805
0.0	0.10415343755776182
0.19254351502809083	0.04544017014269982
0.04103537706627603	0.037561503675351555
0.0	0.03660422019021548
0.3377134268741828	0.05948764054847855
0.0	0.034936318086613294
0.14227260078230536	0.03819918412421175
0.0	0.04634575256487015
0.0	0.10531660188559316
0.0	0.030551415426687423
0.15875588829705295	0.039027607314665064
0.16317512998672548	0.039123131555192675
0.07809208777995547	0.036947085985530155
0.303768228816137	0.056819171496241806
0.14189238575012902	0.0665586906492744
0.04472075088590168	0.033342592698712786
0.10603267212881234	0.03612377226983005
0.0	0.0349696853181054
0.061433548519971806	0.04590377643965676
0.0	0.06313920817975736
0.3389212658712533	0.2299776596504682
0.04585918056785602	0.03361991168897714
0.3764981922194471	0.07041339773453455
0.07045405859421637	0.02992569356484288
0.0	0.03794018659642615
0.05085048715163299	0.03473447291973787
0.15086232950701428	0.04317645288006858
0.046949320600875165	0.031804385933997315
0.052447254853602555	0.03414386968645616
0.05355492585464268	0.031956550322148086
0.0	0.03266090226923809
0.09381730237628833	0.03645121673345054
0.37625375960761	0.21855369486455165
0.043836849719572975	0.032037295654836366
0.2407513625109493	0.17870704275731733
0.2836089429548832	0.08864282977305792
0.0	0.030153530284609213
0.18393184526488168	0.04372951827061094
0.04529526154276551	0.035652221437808045
0.3559903156161493	0.14800752675321016
0.0	0.02333748913151894
0.0	0.03101860141824702
0.08494092491467507	0.04029005275863353
0.3100388018827901	0.055497791949870486
0.11077202968733883	0.04022912799365564
0.3270032481605284	0.060069703320625265
0.0	0.02981013186698416
0.10676839709604641	0.031896864367723265
0.0676905954096408	0.03406572143982638
0.0	0.03309463106683458
0.22609838513689584	0.06882353855684113
0.0	0.032374598333372404
0.045438969856506674	0.03750578942307183
0.08543212428012846	0.03894497733494102
0.4510820070642314	0.32398867997182107
0.2939404591019008	0.06569672048403599
0.0	0.03072614661476348
0.3437868380985887	0.058442131427076376
0.07030505436162336	0.02597560525925983
0.1658416646419652	0.03890775518059551
0.05833586667071822	0.04227796234679125
0.09947949445261679	0.03573769343600867
0.0994794944526168	0.035708997326679884
0.31506149928005717	0.06432355686487752
0.21414066027588555	0.04392042356195801
0.0	0.031024530308998786
0.2515547763414594	0.1128379924160417
0.06139305422486258	0.03546595819766132
0.07392991683476381	0.05223246013916427
0.04537555374790372	0.03350611033180695
0.36785637836888585	0.15606409779945007
0.23756760210132202	0.05132159425591754
0.03281450243121575	0.052678406307752626
0.25954691573352007	0.05327463265875451
0.0	0.0
0.0	0.029427735335146015
0.24102064029520365	0.20918453611569862
0.0	0.031248963734495733
0.0	0.03789947170336337
0.46885621322726584	0.27508936091260666
0.0	0.13914293138313394
0.07513318045969583	0.031291083673291906
0.09837951045448447	0.06985498498297069
0.3260199173572005	0.06922613273440367
0.1102303516998751	0.03339607654649616
0.05490633628904067	0.03509872008889236
0.09278488120665229	0.06901655334397974
0.09947949445261679	0.03573769343600867
0.07673192101481675	0.03200890080791394
0.3537559519698092	0.070410603130712
0.38292338984457325	0.08349142843646985
0.07615826633197716	0.03568283794765074
0.2325778639550663	0.0699695778401831
0.0799692432821302	0.03296795435769224
0.0691303289585515	0.034533507275687075
0.0	0.029386756938003793
0.376426280490073	0.07147534117194886
0.07272962723624313	0.03398148596429272
0.0	0.03360347339994669
0.4468071412223141	0.12025195766778926
0.2385024879867824	0.04692099161915131
0.11548788762740061	0.020274908033723088
0.0	0.03187323723843711
0.0	0.02333748913151894
0.11476188902582769	0.03321391897552872
0.043836860800342124	0.032037299703916736
0.052456496782805666	0.034097271143106705
0.05955949318668618	0.03356871596776201
0.08670906224968962	0.03447231575262602
0.0	0.09584811173429102
0.04383141557058016	0.03413528473256902
0.0	0.03124896373449574
0.09363186970975548	0.06778955622690706
0.0	0.032110686808890496
0.106225419860255	0.037863766427320686
0.0	0.03571037799199048
0.07558986663702948	0.033811936128293446
0.08411435869039069	0.03574392253753774
0.0	0.0390284079021564
0.07626047755519547	0.034606534729256094
0.05355491276414291	0.03273605332633074
0.0	0.031658122514434846
0.0	0.047731472656799855
0.08778573245793687	0.03625352389834087
0.11023035169987512	0.036744743652292765
0.10676839709604641	0.030600000049851906
0.0	0.04225643644666363
0.0	0.031958804541759984
0.04458031813854275	0.03153190697915964
0.08894380228423153	0.03477362078188239
0.044720750885901675	0.0333222200716796
0.08332233109388325	0.031898586539949744
0.07045405859421638	0.030309013800677076
0.19254351502809086	0.045293206489438846
0.05833586667071822	0.042417774799229126
0.03443598679001999	0.03279781990529392
0.3612025806996567	0.21627948523348786
0.0	0.17010174499821623
0.052447254853602555	0.03414386968645616
0.0	0.03134326448348173
0.1810627026140028	0.04368424370882491
0.0	0.03350281864440206
0.16697423871185554	0.03796557652028393
0.08488109033095542	0.03377575558742442
0.0	0.031244904846375866
0.0	0.03745752873569955
0.0409102278039669	0.032176270761680746
0.0	0.03328923188397168
0.0	0.03990644199585869
0.141892385750129	0.07305554270890882
0.08670907544872919	0.030936749830894304
0.04641170639228251	0.036923384245056146
0.05868685635546695	0.03166878862641564
0.10066152449016262	0.03181032471200835
0.0	0.037297383553692214
0.11929099645585994	0.03064302122762349
0.20151539015712966	0.049895016931646934
0.1016325321653598	0.04117268479132794
0.09041837163890451	0.03379563455999275
0.07809210731503016	0.03694709060676683
0.0	0.02421079471633146
0.226373884603124	0.05674879074623616
0.05085046648492373	0.03473446586132638
0.07996926364987882	0.032967958556074865
0.14267784217049803	0.12589718711913367
0.07972867669230203	0.03390621158059387
0.11984140468904088	0.035145508866266856
0.0	0.0
0.07704882122736548	0.03503376510318617
0.03443598679001999	0.03279781990529392
0.2738878542032636	0.04868396878528618
0.08569972360612688	0.032011701534968004
0.0	0.04092885893184541
0.0	0.031248963734495733
0.1107715752590414	0.04022904547610605
0.0	0.02333748913151894
0.0	0.05005343779037487
0.10762994641316274	0.03925371078583202
0.0	0.036491500310475454
0.09949196488972686	0.0355640731820177
0.11023031104183675	0.03339607038748883
0.045361691386570716	0.033582630252858646
0.04537555374790372	0.03350627724754706
0.04516378114515851	0.026240020672793022
0.046977752051937174	0.03580837605692995
0.11903433919572316	0.030901099470464374
0.0	0.06126036623518097
0.0450073817849794	0.03299657070302115
0.0	0.02727837044325461
0.05742505121258903	0.03522485594748455
0.047473879174309265	0.03526147896413472
0.32335455213448605	0.053894005828582295
0.11815983556561988	0.03675003416009859
0.052111559764541085	0.03560816080243679
0.07687800379442038	0.06941865780301033
0.05355134240144436	0.03195994694934933
0.1783809853404215	0.04356531662424667
0.050177197530159014	0.037226295289123724
0.0	0.03706854670374927
0.07294445033163238	0.02998164612654802
0.11460482119921425	0.05155307796649002
0.05868685635546695	0.03166878862641564
0.07996926364987882	0.032967958556074865
0.043076731283591164	0.033271232843591826
0.10069556243948607	0.03231064720124981
0.2107734424138432	0.0369987656640844
0.0	0.03407733806457132
0.059909809603225894	0.03537895871111845
0.0	0.03113415504856162
0.07571980031427798	0.031495674460561
0.044517534939682	0.03972770222792679
0.1165379925536846	0.03202434653102085
0.11470284799393639	0.030903425569430112
0.33791212173717167	0.05121544447568022
0.1565603127322128	0.04165564414046061
0.05245456532619397	0.03412803001288863
0.04697715323636471	0.03580814783526528
0.061496425148146294	0.0354551487786289
0.0	0.02336145830321811
0.08681685800045923	0.030877325764864075
0.05355402963551558	0.03197460470241491
0.0	0.03140803604140359
0.04385784772454796	0.0418179137119316
0.03307655840150854	0.0413559956730807
0.034435986790019996	0.032707566646302186
0.05085037360456816	0.034726323896117336
0.10666813482161228	0.033472551336772495
0.04564674288426982	0.03290688114293798
0.11138842845374645	0.01601266628194464
0.08111449289644586	0.032954583811405626
0.08569972360612683	0.03210035297665699
0.0	0.03118026966080101
0.045652617375796144	0.03365446832554928
0.0	0.03351244024624889
0.0	0.03226647841294527
0.0	0.0257506047912262
0.03191649322451272	0.0
0.0738588853249923	0.034189568558156386
0.15911658812714533	0.03968220032549253
0.04091024019822224	0.031553108508967385
0.35465966312282604	0.06620323947582901
0.04671843907590829	0.03214763043556992
0.17056840598312514	0.041043523963853995
0.4412540105249202	0.0880036141366871
0.06718389084044035	0.035704091355503745
0.05706844863921264	0.03340705889842407
0.03896216680765288	0.03433992328112846
0.04734283601143143	0.03366087363508519
0.061393054224862575	0.035719572235555684
0.29987627233521474	0.0395722249616159
0.08220005811724582	0.028928938621068732
0.26360187901521426	0.054444991435708176
0.4281247095197639	0.09926831551314737
0.0	0.022180084810602158
0.05073568183573975	0.03477387536954095
0.04149319727520368	0.0346310498884852
0.05017719753015902	0.037233572366102474
0.11930988588071259	0.02651880872987713
0.046162840601129726	0.03363018515631545
0.0	0.029263895186080077
0.04365894595519026	0.03374974063152931
0.0	0.09361581675997149
0.0	0.04002812055068916
0.1176682371218212	0.02553035594043865
0.046328693169483876	0.033410700399796454
0.052111559764541085	0.03560816080243679
0.08003926197918235	0.03229273338377375
0.07030505436162336	0.02597560525925983
0.10536675569974786	0.03092020094467447
0.34866051703786977	0.060689134792456315
0.4512449087052094	0.27646635498707023
0.05244725485360256	0.034134451658041326
0.059559493186686185	0.0335690946104737
0.04457344415565911	0.031529434743604985
0.0	0.03168623080122009
0.08670907544872919	0.030936749830894304
0.08670906224968962	0.03447231575262602
0.050177197530159014	0.037226295289123724
0.29111810446551467	0.04073992361363644
0.12077916160079984	0.024430745467451588
0.0	0.02271752561473617
0.08670907534378665	0.026199381810915044
0.04478933650571576	0.03157761976852968
0.05254653864810939	0.031999523867058594
0.06350442075397143	0.03495535761837667
0.0451666667699242	0.03221562359553815
0.06194492904487811	0.03468938575680257
0.07489461080676221	0.02123038380452962
0.08969729774714562	0.040668504233653105
0.06309251751655168	0.034338825363040615
0.039559688891634706	0.033499806436573305
0.0	0.031244904846375866
0.0	0.04012186157783784
0.07178900805615537	0.03596150403600082
0.042370251431994105	0.03404911733347432
0.0	0.02625585110121689
0.04153160587804505	0.02387922682124996
0.34008664777162434	0.07036340409344481
0.04779069052176865	0.037635326526217136
0.1037344414904579	0.031233439885628222
0.04516378116334462	0.026153696145078988
0.04458031813854275	0.0309783812167607
0.11127559182820193	0.03607869326887452
0.04294805344154518	0.020541311309648307
0.11550690068374679	0.015503144698571206
0.31110287047784657	0.05626779058380292
0.05025860514247202	0.03549076905301474
0.05868685635546695	0.03140353281631501
0.0	0.02800964873832746
0.0	0.022893141429682056
0.053554795288000404	0.03195301563701212
0.0	0.02674227204274942
0.04641170639228251	0.03721108099894871
0.039559688891634706	0.033523584014125314
0.0	0.024147350178552872
0.044148376314087565	0.035953113789031495
0.0900561365008245	0.04150362726092776
0.11264976782025715	0.032558470371823967
0.07288473132070607	0.036639914520622936
0.2848229624610224	0.05214563850189339
0.26652581222067023	0.04985856556593385
0.0	0.02336145830321811
0.0	0.03265556637269488
0.0	0.03194139409818399
0.0456896496687455	0.03157464271141307
0.11903433919572316	0.030903599344354434
0.04153160587804505	0.023807678539623966
0.04537555374790372	0.03350627724754706
0.11268332726267291	0.023663478621159518
0.04585918056785602	0.0331971180762517
0.2038821915169425	0.050096563563806894
0.05868870281076106	0.031670705274833656
0.04451753493968201	0.039786445705622814
0.1145336399936061	0.03055570753814304
0.07546628994451354	0.03450440245484154
0.11169714139342274	0.0218798312882303
0.0	0.033386261856869576
0.1929216188912814	0.04197278604799814
0.03443598679001999	0.03330189837524702
0.07514464921243187	0.03493198995900973
0.11488799653412735	0.030666707605089192
0.468705748521422	0.20108685502841803
0.31567851030767924	0.06254280440062805
0.0	0.0246622477573574
0.03887105959472013	0.03279490064794596
0.11929099645585994	0.030719977258110744
0.10069556243948607	0.03231064720124981
0.04182356637187603	0.03399868586552348
0.07555837922056725	0.03659350854067495
0.11709731984012774	0.01576302769790075
0.057440134009487595	0.031847592638887624
0.05487593638771209	0.03504654571182266
0.09005983261873046	0.0
0.06936309888382426	0.032078926731399136
0.0	0.04766602390124408
0.04091024019822224	0.031553108508967385
0.04774026475987911	0.03353754133154969
0.07540466928553577	0.02615591613956211
0.11779601386254349	0.025522522224236007
0.07045405859421637	0.029958810316421378
0.04385784772454796	0.0418179137119316
0.045177598886789995	0.03128944618319791
0.11938786924662431	0.03193447403069132
0.08127536057431445	0.030953986199037383
0.0	0.026220706686639794
0.08943708427459311	0.03437285004023723
0.07489461080676221	0.02123038380452962
0.0	0.023384981538753256
0.11470145536391375	0.03090414955752291
0.056881882472362935	0.029500741271466728
0.05312316568377144	0.03940370304009886
0.03896216680765288	0.03433992328112846
0.19545494699758686	0.044459752642658466
0.04980604671357547	0.03227636442540825
0.0	0.032215623560907965
0.0	0.03464472561649347
0.05378914515169405	0.03331343058289928
0.09010233262355753	0.030999371837467597
0.1193098858807126	0.022874565251872488
0.2658990516690103	0.04396975922929291
0.11782836156154822	0.030618935260549388
0.08276737309112624	0.03966491337647221
0.16146053886079145	0.04164988727378708
0.04383336213718813	0.03107695167980757
0.04366030435829079	0.03426104584771727
0.0	0.0
0.042370251431994105	0.03404911733347432
0.06134252830366388	0.03559256583779557
0.11548788762740061	0.020274908033723088
0.07294445033163238	0.029974609329801807
0.0	0.024660473063875407
0.04338248162350731	0.032454369491871464
0.07512015059260647	0.03255695890345056
0.0	0.06898067027071787
0.04159024480163088	0.03218285018608185
0.04717968840584104	0.0318817898244738
0.0	0.02939117686663932
0.04457344415565911	0.030981656476329524
0.0	0.02727837044325461
0.04458031813854274	0.03152168839276721
0.0	0.026887399764302784
0.06162114686283651	0.03470050470788603
0.040877668886457	0.03221738715224033
0.10179294859273527	0.029870042633120018
0.0	0.03666017337455697
0.2642015651885669	0.037539868345617344
0.29997335898534827	0.06293036868844044
0.0374305022449266	0.03627060783360604
0.04334466035943397	0.03245073264396759
0.0	0.030462106016812658
0.0688764749173688	0.03083568959461197
0.09912000980754422	0.03605390972311826
0.0	0.0278990296154997
0.08836473158924692	0.026575820710557137
0.0500502966876575	0.03157941637832669
0.11665495776705519	0.031161362247911426
0.04478416230589727	0.033411239121873215
0.10696170649850431	0.03261560890180662
0.0	0.04629624545415253
0.04818746243875703	0.03254413885148542
0.060566491158892725	0.05098176596462574
0.2529644693387418	0.04279635747403239
0.12074957693440987	0.027608787562204945
0.044720750885901675	0.03332180085604637
0.1177960150615831	0.025336584589816906
0.044683099190393184	0.03428152647062008
0.0	0.026363995340528256
0.08956639194172153	0.0319413610605043
0.10551728693401012	0.03154737206353129
0.055578281046473145	0.03335527013199637
0.05868685635546695	0.03149354129395372
0.04028515480977837	0.03304185496780939
0.11270222305782952	0.022150269141371266
0.044524656267621865	0.030964287296342288
0.07030510479434543	0.026851079500040526
0.1196080228155959	0.023330941046686718
0.048319354201946337	0.03183310694128077
0.05853216237169482	0.04085745858905639
0.22352320295833547	0.045087036880754425
0.045177598886789995	0.03128944618319791
0.04516378114515851	0.026240020672793022
0.04516378116334462	0.022887874071854154
0.11804396553995213	0.02715738763364643
0.07536038422529356	0.028491365982320715
0.03896217618883497	0.034339927415254975
0.04380363686840048	0.031167816285297554
0.0	0.027537086890776698
0.07030505436162333	0.025965277416396693
0.0748946108067622	0.02124104952499914
0.11442821681440903	0.03189612706168805
0.03263824753317627	0.0
0.09533008572251128	0.030038595078042133
0.043857860060257464	0.04181791959290417
0.042370251431994105	0.03404911733347432
0.11548788762740061	0.020274908033723088
0.04383686656967073	0.032037301812116316
0.0	0.02333748913151894
0.046609780423579536	0.031427875623616514
0.07347545958401736	0.029490247564467897
0.06879096256755261	0.03632814978527581
0.117796015296494	0.024794869030703104
0.04457344415565911	0.03090209023551344
0.11548788762740061	0.05398608203241591
0.04383684969434437	0.031537255618597625
0.08764775642223827	0.02945568117012247
0.04544182180153055	0.03303712494174559
0.04328592793611374	0.03395372626743311
0.04444009455640405	0.03608321910178704
0.0	0.0316372620288745
0.045385964100727615	0.03354770677078389
0.04457347059001784	0.030981665663190845
0.11548788762740061	0.020274908033723088
0.058686856355466964	0.03165852510134181
0.11709731875154972	0.0199312380776829
0.0	0.03199473965213817
0.05356132493970552	0.030537398826666663
0.0	0.03321412071635019
0.04159079657711505	0.031888816618721935
0.07030505436162336	0.02638555222599764
0.0	0.023432946045530995
0.0	0.03384965291305213
0.03248297703300119	0.04269498071775997
0.0	0.027013020356617647
0.04883731117303708	0.03416331617741989
0.23667852439756357	0.0
0.2812267471613411	0.058771185611437474
0.0745148136878342	0.030852856981772286
0.0	0.024189765125947504
0.0	0.024399346836277987
0.11138851831838449	0.016012672741198032
0.042022242569731666	0.03287738483131396
0.0	0.03140353278202535
0.05862755693690825	0.04032378820450518
0.047403717510385565	0.02951506235294104
0.12047251709801869	0.02751170441171479
0.03957112439641057	0.035914793909033536
0.045162401393366663	0.03311018778047224
0.03856102690557643	0.03196212347646363
0.11779601386254349	0.025522522224236007
0.03443598679001999	0.03279781990529392
0.03957112439641057	0.035914793909033536
0.0799497773677357	0.025716392201179106
0.03443598679001999	0.02548458712400378
0.03191649322451272	0.02775202956045815
0.09216237667288164	0.016610694789758275
0.06087178422752081	0.031500860378511
0.07411969810149664	0.029609067178642454
0.08711672097302704	0.03479350936366436
0.0	0.0718538813261971
0.045487150340269435	0.03283217485960632
0.042022242569731666	0.03287738483131396
0.043076731283591164	0.033271232843591826
0.3147106022144197	0.04714270889667046
0.10131949212505165	0.009398710159289158
0.06936666053164735	0.030605617233322148
0.11971999471396354	0.023863121172145972
0.0724188441925992	0.029593066239483733
0.05253015391832336	0.03589920106726742
0.06004436372104731	0.030879177351294078
0.45781540464960174	0.15594330699495296
0.03227074015416344	0.02633153307312777
0.11548788762740061	0.020274908033723088
0.045099777667526396	0.03374815658384591
0.0	0.02240958749195615
0.03957112439641058	0.03626497619289029
0.03307702658400185	0.04078423184394613
0.04518094198101494	0.032914874229052996
0.0	0.03266431104532691
0.13394132512974677	0.037659133742252306
0.0	0.02626518155368226
0.03456572694429278	0.025795170524828895
0.2587728454053298	0.03734441591081935
0.0456483539329045	0.0339533278554551
0.039391236315401215	0.03209041992673295
0.0635452342694099	0.021959093503943372
0.12004520646496694	0.02441147683583203
0.0	0.019297900125341053
0.04400282526788015	0.03152866484416162
0.04516378116334463	0.025853148888483696
0.04533287449947573	0.026135499183024057
0.03641389081921181	0.052235396814844286
0.0	0.022913212184180177
0.04452459577538986	0.030964266261935238
0.04194236304083242	0.03302581434049685
0.1752941585921128	0.032648329174071705
0.04739303228998701	0.031176765335098087
0.04426410889899389	0.030885704664832016
0.04153160587804505	0.023807678539623966
0.0	0.023369592512879397
0.03977279056844677	0.031859540312423947
0.08836473158924692	0.026575820710557137
0.045963964761875656	0.02386555134122059
0.04915511561676002	0.03080532463069361
0.04694104059407269	0.03150857256577619
0.07234918225880085	0.0
0.198335428072169	0.04389795562567726
0.11548784341462309	0.019238135453936447
0.0	0.026860553134857097
0.0	0.023572783601315303
0.045800884942557345	0.043602838121701605
0.056954871394612194	0.031452363496623906
0.04294805344154518	0.020690274230929572
0.03895967514599603	0.03433469479530853
0.030925236088427774	0.02746370141704222
0.0	0.029411702324916616
0.052835763185708644	0.0330998463415812
0.03886044162398766	0.032788878643994664
0.03191653953712834	0.0
0.04457344415565911	0.031529434743604985
0.04449561595911692	0.031513309574063036
0.037616573612352634	0.033266368120537064
0.11550690068374679	0.04544314606168428
0.041590782868533314	0.03188881136334669
0.04458031964066978	0.03152168892382645
0.04509988963609197	0.02809784688815532
0.04165231529120649	0.03117854871571925
0.07030505436162335	0.025650986402727827
0.047403717510385565	0.029528121604280408
0.04454343196716548	0.031286596272555214
0.047089207122636145	0.02093304727133888
0.0	0.0468001171588085
0.04267261345585124	0.040659306725035024
0.040822464134406045	0.034439665387470106
0.044193109629397584	0.008073166136732477
0.0	0.02333748913151894
0.03443598679001999	0.03203041294602628
0.03443588057450822	0.030523393689280323
0.056882736427472484	0.02590868144813718
0.04379807922882893	0.031166563856980793
0.11169966432692498	0.021885433080301976
0.0	0.017733520957945895
0.05837013345543945	0.03287287963485063
0.0	0.025271150082516652
0.03957112439641058	0.03772932728662981
0.07348740402019893	0.029494699394435386
0.07490395397498603	0.021254246517366477
0.04306406154429334	0.03257876291612487
0.06342847239593581	0.022965837463792823
0.05727185935933847	0.03703064580919741
0.0	0.027861531751372536
0.04160882774940324	0.03210652754166015
0.0944934381336031	0.08626885082167492
0.03307655840150854	0.0413559956730807
0.03911641880072962	0.03244782120196205
0.03443598679001999	0.03104537205867118
0.11169714139342274	0.0218798312882303
0.10380196073924491	0.031007963005936084
0.04294805344154518	0.03704132533934545
0.0	0.0
0.3263764284378799	0.07099844996509216
0.0	0.029880050667831844
0.034565730308086406	0.02074928051280719
0.040753280437406156	0.0313983871614275
0.03086996419117393	0.027443525981442517
0.04517484455601331	0.031116443286622823
0.06342847239593578	0.01955070418321412
0.04449564402478094	0.03091875728128957
0.03248297677058321	0.052013599405723206
0.3716610286844152	0.16398611645271594
0.03698193619189295	0.03240327978718952
0.040901378645464614	0.03167195912411085
0.03956221730942483	0.02865838825028548
0.04016929594323713	0.0361253747396191
0.0	0.05492872908823379
0.0	0.0
0.03263824753317627	0.0
0.05355231711523211	0.030532948015313397
0.041598627037322665	0.03189181839299065
0.03761635488456942	0.03326634600283035
0.11550704298517109	0.015503645026455577
0.07023348304369903	0.029403515341713295
0.07320818135063675	0.035633116532487685
0.09591236630771925	0.026717588442971105
0.11548784341462309	0.019238135453936447
0.13780005836378986	0.035496272423821106
0.1472724913687707	0.009395667515772133
0.0	0.025211283018497965
0.09014774090445198	0.024233771408396186
0.050482717352089264	0.03492267333454175
0.0	0.03351982339347967
0.05896376125589359	0.024512781277415845
0.11872715294624475	0.021530004979166205
0.3186860879566632	0.03224482112487718
0.08598923846282283	0.03066965425990518
0.04533287449947573	0.022063517526801243
0.04294805344154518	0.025988784064372567
0.2836599711571976	0.05267477069283667
0.0748946108067622	0.027572757441925527
0.32703330923242757	0.07476555687147177
0.11935624754248061	0.014141331244434086
0.15234663583990904	0.0
0.20452424545525347	0.04469653028592021
0.0	0.02643700135491307
0.032678199788697106	0.0
0.04457344415565911	0.030981656476329524
0.03191649322451272	0.02775202956045815
0.05878331369296092	0.0
0.0972893857603395	0.0014521086349236704
0.25012950826508623	0.03012913571440111
0.079262628190211	0.018189180871724553
0.0	0.030109430640904617
0.06270104607884286	0.030817643250844524
0.06889893624808135	0.02269450123419725
0.04167761369090195	0.03121954632432734
0.04638983185649158	0.02016702363551797
0.10699111092967203	0.0191982987197143
0.0	0.02057984248029048
0.14536669914648137	0.0169564790642257
0.03761669062641267	0.03324779836361064
0.3600466798738098	0.05609203547177205
0.2756371112324991	0.07099663550770108
0.09928525094499581	0.0343966985470688
0.08715625444297999	0.0
0.20594705010662323	0.0
0.03443588057450822	0.03051456119282159
0.10236903612870164	0.03849908326532003
0.0	0.0
0.2644407344700642	0.07365163474116186
0.0	0.03439569765856527
0.09080194672565887	0.03247695342080794
0.07322777466564177	0.014782479419008681
0.040506199383242125	0.03298006851792673
0.07489461080676224	0.013732561180457568
0.07402103043278746	0.030473956580712735
0.03191653953712834	0.0
0.036413890819211814	0.05867874089725001
0.04516378116334462	0.02972258154752512
0.037616573612352634	0.033266368120537064
0.04383336213718813	0.03107695167980757
0.11709731875154972	0.0199312380776829
0.03263824753317627	0.0
0.07490411007903236	0.02125432898389024
0.08225110380984207	0.02695377843652021
0.045117074926105	0.024876795616357215
0.0	0.02873416678528055
0.0748946108067622	0.0
0.04516378114515851	0.026240020672793022
0.05183518918327773	0.026479481384704105
0.031916588850952166	0.027752071134978438
0.1155015660279145	0.02141004371712854
0.05402051598233417	0.028911474049589308
0.24776706731637502	0.0592637852055248
0.0	0.0
0.0	0.023101903041161942
0.03093420263430487	0.027467682579649315
0.1190531071396335	0.014546155568122502
0.03339159379781146	0.0
0.059137125429973646	0.027400996697795242
0.04511717137007363	0.01979281665862994
0.07062103953312335	0.027568425260676047
0.11548788762740061	0.026371641752485738
0.040753280437406156	0.0313983871614275
0.11070740831630625	0.02947845348548033
0.1867287406517137	0.05594233778258173
0.41111670418040613	0.0311477672544602
0.046859409106324	0.028120696742004153
0.09022078200600366	0.0
0.04457344559564122	0.03090209073467227
0.05875384351168799	0.031226265511527438
0.08421349685475929	0.023661200340039972
0.03191653953712834	0.0
0.046083174477046886	0.019196784494063982
0.0	0.027165153055415017
0.0	0.02789891685443355
0.0	0.009696588274706269
0.04035967892482543	0.026018718015621493
0.12521275592177739	0.0
0.03956221730942483	0.02865838825028548
0.0321689892838927	0.0
0.03514239658474472	0.019591992723098882
0.11702192340906462	0.015490819805265147
0.12223506291374553	0.024715795537632704
0.05475725260338162	0.02444214142173927
0.06806568457635635	0.013904856322579874
0.11775320778764979	0.042400642398668725
0.27363132148273106	0.0
0.04533287449947573	0.022063517526801243
0.07975597318922707	0.02985637965071864
0.045109286479193586	0.02471779309071811
0.2293124840257064	0.035922221597130474
0.090487286533607	0.018109508117923175
0.19624747344333024	0.035603572868498266
0.054904218344495104	0.00759630807443172
0.039772790568446764	0.031842973678363425
0.036752071233644566	0.02958912648009382
0.0	0.023106081180552195
0.0	0.0
0.03086996419117393	0.027443525981442517
0.11138842845374644	0.0
0.04158074224037502	0.03262267380183982
0.07832535588381379	0.03126406531888103
0.1052037458910021	0.016981350568995725
0.0633931807410196	0.02475495898976897
0.16782305972323178	0.04723746224877796
0.04516378114515851	0.029187852087538057
0.04379983423435408	0.03114382897274517
0.04075328043740615	0.03141204555142955
0.07490393898037978	0.016042101680148677
0.16318589300024428	0.030595210238692164
0.042947853976256715	0.021455712450764153
0.041179215028975126	0.029564437944331782
0.03276844657872027	0.013431967903362086
0.0	0.030006120088362117
0.05681839005443939	0.02701496911812047
0.08536472469787497	0.016329453685209914
0.09965954853342705	0.03516764095522689
0.20995326089953018	0.0
0.03191838325976186	0.042486176319058024
0.04499640676648635	0.029869817572693375
0.031920802317736634	0.02721993425359675
0.04103111942357952	0.0
0.0461010207538968	0.03129156100984198
0.03279099027745928	0.06124674373325921
0.07030505436162333	0.025965277416396693
0.04153160587804505	0.023807678539623966
0.03970953822071413	0.0256078365252838
0.04444730849079479	0.024295397037857557
0.1923196708065334	0.0
0.11548788762740061	0.020274908033723088
0.03789808113259574	0.0
0.11744943576742671	0.017416409592102805
0.04426410889899389	0.030885704664832016
0.03263824753317627	0.0
0.03263822953304134	0.0
0.03443595295761573	0.030523425768856756
0.0972893857603395	0.0014521086349236704
0.08120944558614715	0.027102059676478808
0.19760494319011487	0.0385796964380206
0.21399877678020293	0.07544730050479727
0.08227173010331928	0.018678641788430563
0.18401661069782335	0.03665807201170908
0.035119193066523016	0.02574726549338289
0.08274967069671589	0.0
0.0	0.028130461979585734
0.11872723674183336	0.021530012576919024
0.04608992312066085	0.021505968441958772
0.04516378114515852	0.026000213986945846
0.03191835448466805	0.0
0.1052037458910021	0.016981350568995725
0.07000400179469338	0.03363828563888535
0.08141037470097062	0.0
0.3621835910665775	0.04530095736096751
0.03816289361454111	0.02248429364679966
0.042805934621669	0.0
0.03292303434979992	0.042601028538152064
0.03086996419117393	0.027443525981442517
0.03279099027745927	0.0628968002212605
0.13099239733812526	0.0
0.2944840000854023	0.02216316257066167
0.03227074015416344	0.02633153307312777
0.03191653953712834	0.0
0.3023786987970366	0.0
0.0479015339757592	0.031393974308975586
0.03970953822071413	0.025600894800082628
0.054904218344495104	0.00759630807443172
0.044447184168854244	0.03242916855818231
0.06467981990302883	0.025008544895415135
0.03138203051761979	0.0
0.0	0.0
0.0	0.021719999415142452
0.030869964191173934	0.01735494995660681
0.28528090705181586	0.053294395256331735
0.0	0.02259527199225612
0.2938600829838848	0.04058588884683186
0.0901844470249544	0.022670825421996534
0.11935624754248066	0.013927995899060797
0.09728938576033953	0.002144977062576917
0.15151091834960603	0.03388999560668168
0.06540073072650629	0.0
0.0913727718489131	0.0
0.10097341702566506	0.02150465483849252
0.04209455758049083	0.018856608873938686
0.11945267542029316	0.046938166942065436
0.03140123838442426	0.0
0.04658016136955176	0.021545704139428426
0.10025691294216647	0.024510411874512025
0.1152800413861526	0.02421286656996907
0.10728200122603235	0.032736851889062675
0.15514343579323694	0.0
0.031115844998326047	0.025611700290449464
0.13125033012408066	0.019648097984341154
0.05553703921325804	0.007615940524176583
0.03971634808458389	0.028709730620948604
0.09249110987121502	0.012173731007748557
0.06875452308639642	0.02223723730650007
0.04095186370748945	0.02299204999992809
0.0823484715118862	0.018985892507668793
0.20514809099187445	0.0
0.3205279497951977	0.1407077688802285
0.03191611232074062	0.0
0.06806570216648962	0.014160648450425375
0.0804168468796664	0.03309314988461654
0.046649985937414144	0.0
0.18215882339367342	0.0
0.345451710270244	0.05255859127123866
0.07029715307511225	0.022157193940422294
0.034156371376124595	0.020885899093484334
0.19008610467532724	0.0
0.05167408970144829	0.027030293622493703
0.3184568825510459	0.043656712696095425
0.07123856209930847	0.018374343430861098
0.0	0.02602766087287298
0.4172391792175013	0.08182937803257583
0.05034804766414437	0.023283371869240878
0.04153160587804505	0.023807678539623966
0.0	0.0018420827749903198
0.032510093665150466	0.0520622568778874
0.1142367044831001	0.018155072210505347
0.031077976603902706	0.0
0.05720430734118827	0.021633778870720505
0.032656837923219884	0.040707597934296916
0.0	0.033303772466701576
0.04986728396956587	0.05755255411940077
0.032122647270008874	0.012576839863531256
0.051277496803496594	0.023678693002874583
0.14556585025586974	0.04422542744023759
0.036752071233644566	0.02958912648009382
0.03248297634887014	0.05129956749637414
0.03279099068659767	0.06124674411535185
0.03191523435551582	0.027751049188944006
0.03444374723703588	0.02549079775281011
0.034565730308086406	0.02083995594967627
0.2531082678222692	0.020049744377425877
0.03443598476012858	0.024428519175274003
0.06806568539595743	0.022096232185302076
0.25428527398332446	0.0
0.04421179498658396	0.023044997648524794
0.0351423965847447	0.023813279707611105
0.04035967894209237	0.02101981468728165
0.03929949960589603	0.02370105384278133
0.059027215885020905	0.0
0.047089207122636145	0.01814097320763602
0.34538138337180696	0.046960913246876936
0.09728938564989333	0.0
0.03456573038196744	0.02074928053498202
0.03205324509088932	0.027817484273669035
0.07575464933585034	0.0
0.0	0.012860337998268764
0.07790546431031925	0.03315318134840798
0.17466651036376626	0.0
0.08965305469025453	0.019105801560260212
0.030869964191173934	0.026783445384801666
0.29280946248691075	0.032807659706547476
0.035246728094087104	0.014395518174952951
0.041686440525000985	0.025711351950722803
0.04035967894209237	0.02101981468728165
0.08513904238394893	0.013652545271021872
0.06370138032807879	0.029036863877085192
0.07774771659531386	0.0
0.045963964761875656	0.02429595543001443
0.04294805344154517	0.020504780025572503
0.05107172779382523	0.028772306193367403
0.04526931975163336	0.025576613760391907
0.034705439063291404	0.0
0.0719923462964759	0.02614396561862244
0.03701528607212419	0.028007116772381414
0.0699641907297627	0.058294730968589656
0.04549485033398289	0.03403865431130317
0.33490982167276756	0.0
0.04421179498658396	0.023044997648524794
0.09728938576033953	0.002144977062576917
0.10131929731752266	0.02384158533009008
0.12064728119135891	0.0
0.11550704298517109	0.015503645026455577
0.11504426442195298	0.008762613918420809
0.03361144687387952	0.0
0.11856179229840752	0.02718907436110944
0.04294793494555767	0.0207967601910517
0.06806570216648962	0.014005489488485044
0.1170219234090646	0.022764613994295507
0.11388111125091793	0.018185464262827553
0.034601352645127766	0.0
0.30291038642860524	0.0
0.044193109629397584	0.012225233940156037
0.03193125574686288	0.02775844697305064
0.04293573953346222	0.03186832131506977
0.08904822282159434	0.0
0.03514239658474472	0.0
0.047089207122636145	0.02698937275799683
0.03930478629872978	0.023702647959866086
0.0	0.0
0.07489461080676221	0.02122344206138069
0.11515250282884505	0.021335084525054657
0.08162218474675531	0.0
0.0	0.0
0.032887262582141884	0.027164535634505375
0.2734809820155955	0.024016592149193515
0.2469431574641615	0.027240751654550657
0.032053245090889325	0.02780744078988874
0.04294785397625672	0.016895622972115183
0.04153160567396067	0.023883441730300298
0.03093421115131975	0.02746097042967246
0.07000469673011035	0.030369088719417146
0.07355396440323692	0.01773719830580451
0.030869964191173934	0.024230228764473394
0.09210279135107262	0.030941484168163395
0.08478247978738153	0.008601643212064303
0.11654297585506233	0.01855282682816467
0.06342847196754464	0.010207151276988697
0.0356052473760422	0.02229211539965114
0.04501060522362068	0.018116990218778835
0.0326218323218469	0.012695209809256784
0.09344842633080722	0.025076460740269382
0.030925234665056475	0.02746370078501722
0.0	0.009696588274706269
0.04209455758049083	0.018856608873938686
0.03086996419117393	0.027633104980142906
0.11533004803694394	0.0
0.030828924914195227	0.02747500240098226
0.0	0.02835792976114548
0.28445246385884626	0.055813639366351205
0.1324212027201617	0.01928502691841592
0.11499259949947715	0.015548047650981427
0.0648699340362556	0.019507432195242515
0.035318068666363785	0.024017174220267
0.03734995536280843	0.03168413633923775
0.08450618450119878	0.02694009274553164
0.0692147871048724	0.003571147722376969
0.03086996419117393	0.027443525981442517
0.2684526560769869	0.035828010865582134
0.08210426257466981	0.0
0.0	0.0
0.03178240193498446	0.0
0.11015986799176958	0.02538208263980624
0.09119639608213777	0.03023791294953771
0.07169016760316034	0.0
0.04294799076613898	0.03150676283606041
0.07322788288233223	0.014782490341847839
0.0	0.0
0.037423541437057985	0.02562050290532672
0.09728939556020616	0.01452794108963467
0.11427556940085633	0.0
0.031916493224512725	0.0
0.08847396704350978	0.0
0.0	0.0
0.04939494110431731	0.04891084336041663
0.0692147869913849	0.007007376593209815
0.031115873647530448	0.02859694766980933
0.042094506009488455	0.01885659732310439
0.30331885688999327	0.06840103465451582
0.03227074015416344	0.026032334897109707
0.05880673643024034	0.025656368839107525
0.18162957406033886	0.017113230994839277
0.23846323667106256	0.06428868544778402
0.044193109847194594	0.003915765024884299
0.3073445877416045	0.05361724720600136
0.030360627097388022	0.019594225508172292
0.040580375245410534	0.014579339325256468
0.11144085591279179	0.030682124590914104
0.33969727705674385	0.0
0.04195742679550469	0.03150345042625756
0.08413474765677173	0.0
0.06342847239861911	0.023908473397876984
0.0749039389803798	0.0
0.09252348409257762	0.012372448158268174
0.0	0.008844132114385854
0.030869964191173934	0.026209194809636942
0.11276644885222109	0.0
0.06342847196754463	0.012558590950166235
0.030869964191173944	0.030688824361345297
0.040486735590602674	0.0
0.2316443755943932	0.0705194163706717
0.0	0.008292347614576109
0.03748771997473329	0.026281139829827493
0.03524672809408711	0.01445525095522443
0.11882141212701225	0.03156246636070969
0.04288363522233976	0.020499603754166314
0.034469759292435495	0.025489150343781408
0.07414458598082051	0.01989400004686371
0.06806614970058646	0.0
0.031719052103957486	0.027627743813395497
0.1027846118018276	0.0
0.0700967364413188	0.021016108394695757
0.04935438554034374	0.015978222504564304
0.030069775770190522	0.010152965292371405
0.030621739388743827	0.027227555990346812
0.038188700016423806	0.023801111521779883
0.04195465641254598	0.025359345443675588
0.31421107135430243	0.01483272334991785
0.03867394482756774	0.0
0.03105978175833407	0.047709077673072205
0.0332613272675906	0.0
0.04494241860328938	0.006404659632095858
0.0	0.01228096393580443
0.03285498102039871	0.018280332515693287
0.04456333737479394	0.017649987034122107
0.04537728366677743	0.019359105707476336
0.05898019424482485	0.023161753355396282
0.0	0.019780281515801853
0.03341354865126039	0.0
0.4287363122702123	0.08703825961501965
0.3312708878441436	0.0
0.06646839422116836	0.04042083008966614
0.1404967551939485	0.0
0.04294793494555767	0.01659915373621742
0.07490382446374311	0.021213897600345234
0.03605563743828448	0.030663618006954118
0.0	0.028277463966896805
0.22947694236499708	0.03896067136544497
0.27738994072265033	0.0
0.031119182400459338	0.025640391279239408
0.11275964686687633	0.031086385997525362
0.0985359513458106	0.016937648420353973
0.0	0.0
0.16966323219520346	0.0
0.1169580650787408	0.02261365152580175
0.04833993235447167	0.008861293512656439
0.04504026095548769	0.018180274583513515
0.032122647338769184	0.012576839876991966
0.04325478348443387	0.028508011177127708
0.03140123838442426	0.0
0.09728939556020616	0.01452794108963467
0.10312350744822439	0.012857816183724242
0.03636799628060951	0.02979578385873502
0.0	0.017339993396075507
0.031008178919012228	0.02750050736777301
0.04950626108602765	0.0
0.039397200463331415	0.025419168524960026
0.03217806506331578	0.027056368442987234
0.031776819965733956	0.0259393512012816
0.037311245580429066	0.039069490036908495
0.03191757630345858	0.027752500435873306
0.07754349345546785	0.028178575847655547
0.041162529275206416	0.0
0.03583998709883229	0.02479336492115873
0.06834756412393926	0.00349424586937412
0.18137820034181196	0.0
0.11838051782386776	0.022134887487036767
0.040853729751363796	0.0287189863242518
0.09367265460159784	0.0
0.0714500793791546	0.03150535846289599
0.035813246034030764	0.0
0.3220510185473148	0.0
0.055287493667733896	0.031286314796728686
0.04708920712263614	0.02898587340131559
0.042947853976256715	0.0
0.06834756412393926	0.00349424586937412
0.24743026927872735	0.050319984739221474
0.2610181751551197	0.040978392316524725
0.05353194187552968	0.03172049700063721
0.0895007634786337	0.03372111739120938
0.1472724913687707	0.009222764237128407
0.060709091519995186	0.01913958207727186
0.09968582598113525	0.0
0.1532594732159315	0.0
0.031116218799790325	0.02561185412947341
0.12705376577932304	0.027003140527095827
0.03547589289953871	0.0
0.19319776906340058	0.03539921087713566
0.0680656800282681	0.016085653624249734
0.04315512474934127	0.015384107133632745
0.24250419669797169	0.04166542157328904
0.035720420313770256	0.02309276263569876
0.05319674866495032	0.0
0.0900180633999907	0.01569001101063323
0.1782170321350139	0.0
0.03070355030105763	0.0426323025295783
0.20292491514853075	0.018270403465348726
0.032270740154163445	0.02556926928727389
0.030869988720826008	0.027393906765735998
0.03172002001607538	0.014256418899722224
0.03276844657872027	0.013431967903362086
0.33908771719848474	0.0
0.09210668866448418	0.03270872357359921
0.0	0.0
0.03128562521672322	0.027371747565078826
0.0	0.0456955619086484
0.0	0.008812300990076991
0.08725077868418173	0.03206311686187046
0.0	0.0
0.032675251372237216	0.03842121898374051
0.0	0.0
0.12870663203783092	0.01798946917688048
0.041611655615135974	0.016146664706676785
0.03243368047742237	0.026826963537927125
0.08847682382630682	0.0
0.31040140984733083	0.0
0.3922557876152095	0.06156133538123784
0.03012121952347918	0.03741925403848721
0.03955423468337524	0.0
0.043590912986959655	0.004829798995915282
0.22719861221292903	0.0
0.40364090257549096	0.0
0.04366362709908618	0.017863543138071734
0.03777726531036978	0.02837946976575185
0.053774992146524724	0.0
0.14392819759263728	0.0
0.0	0.029502409923164122
0.07136660021368679	0.025434897861578355
0.09911815401404866	0.008454055077782408
0.031188721433346295	0.025681211028067724
0.040359678942092365	0.021252307229384555
0.30139251070786516	0.058071347922454865
0.0	0.0
0.03827780762441169	0.0
0.0	0.028035237075535083
0.040815394835479635	0.03111094501816154
0.07330968878752091	0.0
0.0	0.0
0.05382931149845168	0.027030888436006352
0.24209721231233347	0.0
0.06504066342786093	0.0355500128984053
0.11935624754248061	0.014119255860256667
0.10131949212505165	0.012410823224350923
0.03908776880465498	0.03774244229913429
0.0	0.0
0.04153659598498869	0.022368179319021596
0.12465406503023874	0.023172459163644257
0.03920027501852987	0.014895586942048532
0.09249118356596867	0.012173735857619697
0.032876553789460645	0.02570354660688516
0.03514246158225983	0.013059073212006486
0.030621715561879693	0.02306800839578609
0.0	0.021569570005554567
0.04209450600948847	0.01911822091564669
0.0358868723761008	0.02580495219314488
0.0	0.026556830058651348
0.11699608195620656	0.0
0.11058920378886798	0.015207116139511203
0.26730377794960214	0.021174974715754743
0.04705235130699348	0.0026590979464121683
0.03609001688001195	0.0
0.08478247978738153	0.008601643212064303
0.07514281420113253	0.01710656607931865
0.033531705810568906	0.0
0.11128763874888338	0.06011973912744849
0.031356185105570075	0.02532064471716358
0.09744637314744439	0.0
0.09249110987121502	0.012173731007748557
0.1193562470157063	0.0
0.0	0.010127148253231098
0.09572169394730785	0.002441808512632296
0.09728938123595023	0.0
0.06342472060237556	0.014186050217090742
0.16958597584138685	0.03736389561157818
0.0726163188625866	0.008646805812605544
0.04358996125025584	0.00529405349551421
0.05522704700939746	0.033632059552962876
0.11516000189524835	0.01097002638779015
0.269190035864425	0.0
0.12049699935993899	0.02279692634767957
0.05553703921325804	0.004670318300794022
0.09728938576033953	0.002144977062576917
0.035598643594241225	0.054865196296857
0.0	0.014332519148851447
0.03248583210236693	0.024977430995653842
0.04190264878310759	0.026447947843093764
0.044193109629397584	0.012236250400855663
0.052625123676333825	0.040215041745892126
0.03217040365144434	0.0
0.040359678942092365	0.021252307229384555
0.0372957216248361	0.026901381764507487
0.03952814158704978	0.0479068042549171
0.03227074015416344	0.025524971445331376
0.1181188842243969	0.026709980347411677
0.05217571565123039	0.02610954064460525
0.0	0.008628110736932463
0.034436086357366405	0.025484623966724382
0.09140620433518246	0.0
0.15825165020457072	0.016157338910861675
0.0	0.0009940163488671866
0.035492996284637576	0.026249515959976027
0.10147282903883645	0.020013967209411444
0.06342847196754464	0.019089510753972798
0.04705235130699347	0.0
0.08598745013090144	0.020691661814682023
0.27681750687801326	0.0
0.035893404333944716	0.029300888761844515
0.1422293412548269	0.0
0.0	0.012812397887275418
0.10133198861466731	0.01123741827333053
0.04762294057672433	0.02888586061574587
0.03086996419117393	0.02647045075521415
0.06307639212938032	0.010241602172871189
0.06658768558646731	0.017580610992709654
0.15441492183273894	0.027869616997787932
0.03214205171986987	0.0
0.043590912986959655	0.004829798995915282
0.05553712572647619	0.007615946456067054
0.04419312128785019	0.0
0.04494176652125752	0.008843692369676472
0.03334562749595034	0.026776329136778906
0.09026285994942038	0.012076828823674895
0.030869972890122995	0.01735495240186094
0.0326218323218469	0.012695209809256784
0.0	0.0
0.0971742123397069	0.0
0.1073306130382232	0.025945725069337462
0.08937642549780117	0.015181149895266947
0.08211929663614641	0.014778212633820845
0.03443598476012858	0.024428519175274003
0.046706906616823904	0.043391557844712714
0.0	0.015037297896605838
0.03788558783110398	0.018388784925797406
0.08956924730990454	0.01709785781429493
0.036975496530721	0.014641468923576246
0.030869961212235036	0.030139036111791175
0.04493086954966406	0.006237447956109174
0.055520340372330855	0.00776759948428111
0.030360627097388026	0.02113474170597585
0.2374669690064121	0.0
0.09677772504394361	0.012580559352295
0.03141877698990482	0.012316923902983931
0.1472724913687707	0.009395667515772133
0.03514233130136569	0.022263513079670866
0.04276562162417618	0.02556741822928752
0.03155518396553843	0.027656385532576315
0.2073753914000344	0.015971072682210402
0.08462065090510468	0.007190028328522751
0.03499420409433272	0.01956753866150523
0.04419312612328135	0.003915765745961925
0.036903151170043676	0.0
0.03337046925372706	0.017767022515922482
0.0456474047175075	0.015149457000881156
0.07395108339467191	0.01608407308375689
0.0	0.024941929282671433
0.030598978609623132	0.026617420117679497
0.030621739388743827	0.02031904950207464
0.040359678921134665	0.02101981468182413
0.0	0.022883547812704432
0.04419310962939758	0.0
0.032339836207153284	0.018301318697551625
0.03261181812180648	0.012521842893433477
0.0972893811531377	0.0
0.04419311103056956	0.00391576507731123
0.03061961655203834	0.027309191757395
0.030316976987921244	0.005664406602841962
0.04161121811767966	0.006396181645150691
0.04419311034071714	0.007935643386625987
0.0	0.017100722762338153
0.10841022476899881	0.021791995047724222
0.05072825396413914	0.02270432728782306
0.05641204919753224	0.0
0.03685313805546218	0.027547568498982974
0.29823788845639176	0.0
0.20921064436575365	0.0
0.07820381156742241	0.027583971173596032
0.03891680984154353	0.02544376171484786
0.11990256552121122	0.006607017860049003
0.06173763016041308	0.03824982943529
0.03276844657872027	0.013431967903362086
0.11172453497032253	0.029838169526211232
0.0	0.0
0.05914548269734184	0.024759681511245517
0.06834756412393926	0.00349424586937412
0.11582151412346077	0.0
0.030368224697966024	0.04247927877478046
0.306251956180848	0.0
0.032151658946234035	0.0456140144982225
0.03247110116513854	0.02743709703332223
0.030679221237675563	0.017545934604872797
0.04658811681023999	0.01253350130813624
0.032343789272487475	0.02391750518245993
0.030360633040028326	0.021134743774381112
0.30741665289378617	0.0
0.32826261919658417	0.045524566552144444
0.08832869303480086	0.0
0.05496438193931334	0.015699761727580506
0.08849157917860791	0.03561350122554319
0.11294367300370092	0.01780648232973848
0.05579066618741178	0.02163407173070101
0.2667550528473261	0.0
0.0	0.03932096084632721
0.32484401593676004	0.031067306751181443
0.04358996125025584	0.00529405349551421
0.04419311034071714	0.00784707132586504
0.07749802336719097	0.0
0.0369755081453083	0.014579596742352952
0.033683755442897874	0.03050448514892642
0.03713177060553237	0.033834041534841305
0.05332391095943218	0.0
0.05937023013065308	0.031118062385667864
0.09000240709486827	0.01675091842363479
0.03354670859910705	0.013474514370515776
0.24941748949324316	0.03409736806566854
0.055520360878564774	0.00796383095041429
0.031119182400459338	0.025585186142649055
0.034565730308086406	0.0
0.043589961250255826	0.014620687782661996
0.04339684714007472	0.002196533771622045
0.04493596744546921	0.006237801799249829
0.0952698082303115	0.00915323195371984
0.03507262451636039	0.006809607617297996
0.035245261276665635	0.013208891980371878
0.07606340052590042	0.0
0.0	0.0
0.03096000449017507	0.027479135515547797
0.030843022103634828	0.006872364992704751
0.03069074863995245	0.039880151919077136
0.030069775770190522	0.008603937417783328
0.054904218344495104	0.00827483182435742
0.321576371548363	0.0
0.0341563713761246	0.020884544320292825
0.2616816950982548	0.04058689161031316
0.03444663885550569	0.022442409249292115
0.0911364766581896	0.0
0.03580562627276648	0.026313831461846477
0.054030685449506344	0.017209860023495623
0.0893158774798789	0.009997943257028252
0.04494524482564414	0.008844034595427855
0.030243305171224658	0.0
0.0	0.0220099383733409
0.07229447962536718	0.02446155286389053
0.04833992652790136	0.008479682170299848
0.03524897944234025	0.014610413459782487
0.03456573030808641	0.022938299652400507
0.031720020016075386	0.013233666646396306
0.030869961212235033	0.03015705637689589
0.0	0.008487419882552498
0.08263526651154664	0.0
0.050962846016318945	0.023305088674944182
0.03748775766760349	0.025622538101358786
0.0	0.0
0.03626967140675134	0.026176755395266513
0.051700738364424244	0.02403406730599043
0.03036062709738802	0.019611542066713072
0.06834756412393928	0.0033219751251304004
0.0	0.0
0.10745205783830239	0.0
0.1477002471808962	0.02460512193056212
0.03290687828092615	0.013588928673947566
0.2433037284806014	0.052994758854840576
0.10644864220701607	0.0
0.054570548953992395	0.02591811818076141
0.07261631886258658	0.0
0.11878051428020504	0.043879497531847035
0.03974096542358011	0.04844605143743404
0.04872890321781565	0.02811048851715152
0.21467290642007983	0.0
0.03086996419117393	0.02647045075521415
0.034565730381967426	0.028715444874991815
0.04359091298695965	0.004580361508335721
0.09601808468998467	0.03938413035106772
0.06342847196754464	0.010584180680667889
0.037504316574690486	0.027894605601340657
0.031386452938658146	0.03448634797079801
0.030109152487255382	0.0
0.03762819254586372	0.04116505474343447
0.03445563701137621	0.03168858372528745
0.03148789332473233	0.012796671589424028
0.030348364353360347	0.019379230991796472
0.036686124296652224	0.017208870351381297
0.06834756412393926	0.00349424586937412
0.20717716659368623	0.04926095142117022
0.04578923742694241	0.0
0.03260957799023972	0.0
0.09572895404565565	0.01917420382656811
0.2384728989413834	0.0
0.07743935156385164	0.01934595741295447
0.0655705699761412	0.010159440297029533
0.08275142488517678	0.0
0.030069775770190522	0.006336761375113384
0.030069775770190522	0.007257872551208054
0.07173033558361208	0.005531718268046771
0.08514469993880829	0.0
0.030679221237675566	0.017433210246356964
0.032122647338769184	0.010480751489334363
0.03036062709738802	0.0215650567845813
0.03212264727000888	0.0
0.06540272532826723	0.018265110373498226
0.09051381014223853	0.0
0.09728938576033953	0.01895279826842205
0.044193109847194594	0.003915765024884299
0.030621739388743824	0.02676810475913468
0.030869964191173927	0.017947680350678015
0.05947782798467875	0.017275776483198644
0.03264669153839101	0.028480195213434197
0.0328707348909586	0.013618809079627044
0.18711309147961433	0.020434872235167167
0.0972893857603395	0.004381523390941785
0.03212343998280591	0.012576995046264416
0.030876798270770223	0.02682748423496673
0.03707073874605014	0.0
0.12898959493193396	0.0
0.11436957564614324	0.0
0.041614336470566435	0.006396421306218856
0.039585389791456906	0.02605704015531915
0.2428424449882188	0.07834870915688828
0.049608468507361926	0.0
0.04657533650292341	0.014484419778548335
0.0	0.0
0.27939976063033595	0.04311017689576422
0.08945711108603147	0.03119134153642112
0.03119613708784026	0.0388094200661228
0.032798416466694576	0.023340766051442956
0.3009939921814438	0.02144009682060797
0.09251558651844201	0.024563717858008073
0.03366763367143763	0.019961108785208372
0.048144442490097965	0.008939412815296265
0.06921478609248245	0.0070073765477069085
0.06921478599251621	0.0
0.04661321984879497	0.01659866811236869
0.08615228353632763	0.0
0.08911729943974075	0.028175385422663183
0.29814028441544255	0.0
0.030869964191173934	0.01735494995660681
0.03233983620715328	0.01721387159042152
0.048777915682197914	0.023765438587320744
0.036079264869227336	0.016012559198303713
0.07260642508684426	0.0283473027231896
0.0	0.0
0.11445259106458659	0.014398278027798857
0.030888690733059183	0.01200462735182105
0.1630431586223355	0.03216066173879566
0.13398987366050266	0.0
0.06465917087048278	0.022392911337334353
0.03135618510557008	0.03069438369603768
0.04491997393568119	0.019300678918103168
0.06444478175801348	0.024970198233936553
0.038544817440414506	0.012189121633189245
0.0	0.0018420827749903198
0.05127035379835558	0.0
0.03447205750923691	0.005784681373805275
0.11990260119959208	0.006607018843045826
0.09728938576033953	0.002144977062576917
0.10200567679649927	0.022909099330599727
0.05826968666610275	0.0
0.04358862381662042	0.004829672176160093
0.11990838515961609	0.006607178198522337
0.031540592690005954	0.033470470342212726
0.05303796208096048	0.022732408060722492
0.09728938576033953	0.002144977062576917
0.29390872875585533	0.020038863907803062
0.0	0.020715766417468508
0.0316643588448253	0.02002985255651614
0.04419311034071714	0.00784707132586504
0.09610728652708496	0.031880241326915894
0.06572621504502715	0.02690708802081337
0.03027428524750263	0.027361286973720835
0.04690752900858683	0.01784492430946165
0.2610290179958486	0.040529091315976616
0.09572169394730783	0.0
0.06834756412393928	0.0
0.05949901850451789	0.0
0.06834724748872992	0.0036779747338590604
0.0435887372492722	0.0
0.030869964191173934	0.02717018018581043
0.0458416910277583	0.05455492863279044
0.06258087560030572	0.0
0.05062001701262218	0.000957621203939504
0.030843022103634828	0.006872364992704751
0.0657161317294627	0.0
0.06961353602926898	0.0015414910244730138
0.21349471400532652	0.03672211294674317
0.044000427246953	0.003455058044480479
0.23139640759887997	0.015209927152508077
0.030368214174166176	0.04247927141439806
0.030398952543800515	0.04420288196967714
0.03170523955644445	0.013780535067500157
0.09728938633374486	0.0014521086392028978
0.04358996125025584	0.00529405349551421
0.0692147871048724	0.012078819711453154
0.0685787531731681	0.0
0.0484032482303129	0.0
0.031757008460425305	0.02854888157150885
0.03419769068100264	0.027406892438125163
0.15276428696584765	0.0
0.09745272163957383	0.028894630162712532
0.07466298950826239	0.0
0.035971378380085885	0.0
0.04150345706720123	0.0
0.044873103158078846	0.00831620374347607
0.06974900031466895	0.0
0.09728938576033953	0.0
0.342292838677784	0.0
0.11401234319156295	0.015197697400649657
0.030087284205006788	0.005275951019849195
0.06126813972537805	0.0
0.043590912986959655	0.009098380249939687
0.044071887171349904	0.0
0.04419311103056956	0.00391576507731123
0.03227484246278087	0.011893031226423073
0.031634237053210355	0.0
0.06382697706985674	0.024848402657668713
0.1596182295867963	0.0
0.043590912986959655	0.0
0.03061961655203834	0.026651784764664066
0.04358996125025584	0.00529405349551421
0.1137503636004264	0.0
0.059200070454494595	0.0
0.0351669726463809	0.016163881907294286
0.0649560115400316	0.007960055012035538
0.0	0.0
0.03416252691000825	0.023099735561759118
0.030360627097388015	0.02117411331880605
0.13320128813151655	0.030721186451231557
0.04715213341664012	0.0
0.069434793850778	0.02324964130469527
0.041261625104528014	0.03205602793237805
0.05464062702516952	0.0
0.08967856759336162	0.0
0.06662337775874017	0.013312660233946193
0.0672435304531784	0.01250571111674095
0.26901365365870866	0.0
0.08354545328295417	0.0
0.03196202872301057	0.02017884174276042
0.2199844213405664	0.0
0.048723910123839226	0.003937011358566693
0.03432324183069527	0.02295319651675921
0.25859893700768183	0.01629564904539749
0.037785132822413844	0.019508828295293795
0.08481037683660755	0.027424045356164172
0.129553344411708	0.011566099211575887
0.035072798483239735	0.0
0.055537037056481345	0.006819427962782372
0.1707260771948833	0.03114195821551178
0.3064473273171419	0.0
0.3132193412890283	0.03451783397246885
0.03776212758890045	0.00967539696080494
0.12134467803635482	0.0
0.030316976987921244	0.005664406602841962
0.09389482875498058	0.01486976419418601
0.08234250051626778	0.0
0.042550171904846966	0.0
0.04493080540691813	0.002269137111320299
0.0692147869913849	0.007007376593209815
0.09290881564292856	0.0
0.03024328453477789	0.0
0.12177913423267457	0.02113649183164885
0.030755164927670654	0.017525276406980764
0.12960603406868126	0.0
0.05141297649126621	0.013393287728602918
0.05800239945852209	0.0
0.04494606054331113	0.0
0.03036064213242523	0.021324359256536963
0.04816642705848417	0.0
0.051427482352422275	0.008902167463842073
0.0	0.0
0.04914415168895355	0.0
0.03472248387257053	0.0075933367344928684
0.04493086954966406	0.006237447956109174
0.08891151182509893	0.015571637749172642
0.031033073764702126	0.0269043957270607
0.0	0.0
0.044193109629397584	0.008073166136732477
0.03008728420500678	0.01714560077750486
0.030843022103634838	0.0
0.0	0.0034550580325731304
0.03062034511071507	0.021348906302237868
0.12348772526970886	0.044532400098529185
0.2230264867370396	0.0
0.040912906182621424	0.001762109830545496
0.09519373170195564	0.016107145107506323
0.08481866647265675	0.0
0.04379190862345928	0.0
0.04812533421445837	0.0
0.08768775230757321	0.0
0.08465124393374145	0.0
0.04359091298695965	0.004580361508335721
0.0	0.026064058725308214
0.07618862362234698	0.0
0.03560768262311237	0.0
0.0828144926151847	0.03873292368487942
0.08944141404415742	0.0
0.0683475006995532	0.005539093923742147
0.030121219523479188	0.03588761955636229
0.030109152487255382	0.0
0.03121613956783689	0.00956588183629163
0.03329586669580388	0.013104305927103153
0.06092171046047523	0.025697873198985744
0.11557844781289471	0.012799101539242803
0.0	0.009098140106782775
0.031215189826514427	0.017451770013177693
0.04455035976457082	0.00180580196412106
0.05870987120427045	0.0
0.08225540793443092	0.026188282708675993
0.06961353602926898	0.0015414910244730138
0.030108551261737268	0.0
0.06856602716370185	0.0
0.045019703070892605	0.005108780766692292
0.04351683406589033	0.0061008520936092145
0.04837482045933249	0.0
0.0453994825823408	0.005220184706685004
0.031539486243080644	0.012543094124271102
0.037337323129598525	0.02395203048184456
0.05671010761024037	0.006570559888152489
0.4406035352872345	0.04107956304558986
0.04951958451844558	0.012051125608423632
0.03388333679057238	0.029803295904072408
0.0428696452763878	0.027892575687115687
0.0	0.0
0.06989454350447045	0.0068716056177901726
0.03559504904702526	0.0
0.030320503403608305	0.004713174031466409
0.030316976987921244	0.005664406602841962
0.05834527289468284	0.027403100943866155
0.0	0.0
0.0318223817594138	0.022860354047385435
0.0	0.0
0.06666789802388129	0.005312610895794741
0.035061736888988206	0.03106382413395052
0.030069775770190522	0.0
0.03261181812180648	0.025031283641901395
0.03036062709738802	0.020523053374262076
0.03148789155364571	0.012796671229539452
0.05142527528114471	0.022006799751234308
0.06834756614235812	0.007293008217147385
0.06274636299520221	0.0
0.11769275342825262	0.024478592983270906
0.07195634077846126	0.026661273729024177
0.15856970124831757	0.0
0.03009600128629194	0.027142399964258296
0.2949544356919878	0.03883632527113869
0.09888348630083779	0.01586304862695501
0.030069775770190526	0.014227303986882295
0.044193109629397584	0.012225233940156037
0.030069775770190522	0.007257872551208054
0.08112799350065647	0.0
0.048723910123839226	0.001811868554354651
0.21207007185621382	0.034126373308316124
0.03706366016492619	0.0071692698821195855
0.08065839791120215	0.017669618061041694
0.050645388764314875	0.021601305092552293
0.06764769361172812	0.0
0.09559760969846132	0.0
0.044919869525480084	0.011206593984548678
0.031585186525253314	0.025529670527360583
0.06635132062224705	0.012117022384487237
0.03112033446328605	0.04017636284132759
0.030360627097388012	0.021434218279902
0.06834998977016063	0.0
0.032611750849501714	0.013591650665119914
0.21058711622624351	0.0
0.09728943837730648	0.020252102570335124
0.043590912986959655	0.0
0.08931176748526135	0.0
0.37726883809589423	0.053548318152149096
0.03006977577019052	0.007260956551339661
0.04419311033039608	0.0027482811344395593
0.03086997374000455	0.017392864652411473
0.04359091298695966	0.004677315523472643
0.10696689427649209	0.006393299420602994
0.03212307090854976	0.010480820588791325
0.05880588946076458	0.0
0.16492515206703803	0.015419681966266115
0.07149821324127022	0.015626486735577778
0.0	0.0
0.04454995445858129	0.005024557565530431
0.2503066747214414	0.017628341000629315
0.07006965572577957	0.0
0.06941653481834707	0.0
0.05225185152596763	0.00734493784732117
0.04069922856675384	0.0
0.06030223659548243	0.0
0.03084288209087668	0.00687234939404087
0.058693495979945054	0.02590136041561717
0.10702136201836343	0.01242574941517939
0.16918533019744894	0.06820408913907276
0.0	0.0
0.06866246982491855	0.0
0.039237613823156325	0.012141542890559636
0.06062565083033537	0.026375443932865533
0.04350038878315484	0.0
0.05085371332811108	0.021898308418132506
0.07863335903218045	0.0
0.041614336470566435	0.0
0.03006977577019052	0.0
0.07019494165543493	0.0
0.031766768113383186	0.0
0.04419310984719461	0.008448646711082369
0.09728938576033953	0.0
0.09529849624227227	0.02570957530408928
0.04526561644181068	0.0
0.03004384179848026	0.0
0.08320455192978422	0.023912708548251557
0.07988108861407527	0.010805925092951498
0.0554823038497752	0.0
0.0	0.0
0.0	0.0
0.0972893857603395	0.010288907223126073
0.06961353602926898	0.0015414910244730138
0.14155199451859124	0.022246313950885253
0.04419312612328135	0.005788258624833198
0.03909016804496304	0.004662047878709329
0.030269114907312714	0.0
0.04419311033039608	0.0027482811344395593
0.06961353602926898	0.0
0.030085926262277247	0.021322303344140578
0.03088872191299834	0.012004633410728813
0.24235909900038777	0.043226780296522285
0.04089792836955937	0.0
0.3099519824485721	0.0
0.03454072310185404	0.0
0.030316976987921244	0.0
0.030888690733059183	0.016949209724238624
0.04358996125025584	0.00529405349551421
0.06878326713936016	0.0
0.08312558687648834	0.0
0.17420475138834327	0.0
0.04493086954966406	0.0050869425513331125
0.04339684714007472	0.004263342180513328
0.08690950385626474	0.017882724147772585
0.04433827820275285	0.005811261352104594
0.044193109847194594	0.003915765024884299
0.03009600128629194	0.027142399964258296
0.04358996125025584	0.0
0.04455035976457082	0.00180580196412106
0.08856896618872347	0.0
0.04081671076943211	0.0
0.03148789155364571	0.011009733650307307
0.03984813802789613	0.010877562327922431
0.03084302210363483	0.01713689936656625
0.04501970307089262	0.0
0.038928210886104916	0.01813515251389677
0.044893358774242956	0.005959924045591034
0.05493871657059981	0.01583576642650356
0.031216139567836896	0.0
0.04755737119526823	0.00513608885366372
0.030276599092011972	0.0
0.3066867132445909	0.02259061397381412
0.06152876057752464	0.0
0.09938666022312416	0.020904177906436592
0.11734465609045809	0.00794505790331305
0.07056736495448068	0.011371286577972458
0.09513343422167768	0.02288130346232815
0.0920267206363781	0.01604104935049664
0.030127557026993827	0.005393936194603233
0.030320503403608305	0.004713174031466409
0.09091651788250746	0.0
0.037776350847803	0.011915948721213133
0.04171852139934481	0.026436830656881953
0.04358982590446879	0.005294045276553049
0.04358861964630648	0.004829671945122176
0.08174833975441383	0.014571702299865723
0.14677757590248566	0.0
0.030069775770190522	0.013539800536816627
0.03525887906552039	0.02064141632628749
0.13708139313264592	0.022651462096720313
0.041621650830325735	0.006538578062402028
0.030670459500594563	0.0
0.033850680978371545	0.031741494146049286
0.0624731001454141	0.02596016371912116
0.035909447790765416	0.0
# $END DATA$




