# $NEW GRAPH$

# $NEW TRACE 2D$
# $LEGEND$: $$
# $LABEL X$: $Objective (or constraint)$
# $LABEL Y$: $Objective (or constraint)$
# $BEGIN DATA$
0.0	0.0
0.03748045090836378	-1.1136101745927065
0.05459385144462235	-9.862119626924652
0.4304140852193014	-0.0780833527286365
0.34932844797169527	-0.06282066581175483
0.0682202376067126	-0.5924794920664781
0.06793196957406557	-2.047668750397002
0.332727366052376	-0.07122331036528966
0.09085844935419049	-0.43585286260576783
0.07357693951449036	-2.336692788631548
0.09613258074023626	-3.103797711990862
0.03296264057988518	-0.9309335904210749
0.3442634210243123	-0.29753481921969754
0.043289979063753634	-1.1562781228706047
0.07521555248326668	-4.72519137718684
0.10236034352491978	-5.232200967073171
0.046005564126262034	-7.876548602069689
0.14510126397824277	-0.02071558046750018
0.1581161325091419	-0.07266659433976065
0.2588417288756558	-0.3676652273102977
0.050969860420377	-7.625959335308616
0.09044058775160911	-0.11120538901411438
0.09851552529331559	-0.3066415522066307
0.23645851266563894	-4.401809775262852
0.1923604896273944	-3.794479553009769
0.08742203171017573	-1.4270703689256907
0.031957251557335684	-1.3015686953344032
0.06912689657088728	-6.023729331715641
0.1398125349932938	-0.3178136596604236
0.07665840909142385	-1.463095467294197
0.12018429120771756	-4.826574330317363
0.20873906764593253	-0.2932961239321136
0.12410259304000622	-5.77029065056303
0.042833972406019875	-4.535978050908901
0.10355141125000315	-0.11603526254894742
0.27977536591522917	-0.08334443576229501
0.09634599973413258	-0.024287292175467375
0.03575232986032032	-3.6840750718858426
0.08945016384964428	-0.45258746999493454
0.09500634910226742	-2.267687343778439
0.10929156955476946	-3.3818395077367978
0.04612240728241561	-0.3153694734684957
0.09852050124290267	-2.8593069952326258
0.17888493165251257	-0.21328339047057737
0.12975257051053848	-2.2474496577820666
0.06990478759270627	-0.17736359385790243
0.0682466752094167	-0.31041269911535246
0.07102790579467858	-0.19858888807643668
0.09699979292408557	-0.07960002070728134
0.0919719535195106	-0.021971468704109907
0.08869420313295913	-5.024159366262257
0.09810658999429225	-0.03942931116337219
0.0743807803282949	-0.14338380182815458
0.05339592381935063	-7.366901270188129
0.09510017927835065	-1.34262652238899
0.09538227416568143	-0.8238923895465986
0.09637450804183431	-0.1093560867664657
0.04955655375502907	-0.01953845479620279
0.06249344875722654	-0.45425535767221703
0.05146659490463425	-0.006694359814968855
0.03981406450919615	-1.1466667424880688
0.07057615841606854	-0.8853981953676245
0.09647588501515002	-0.22922699714835218
0.08580107956667267	-1.635323504966139
0.18173435484526798	-0.03575003688971552
0.07373071650545729	-0.22831621036760832
0.05873553973305418	-1.4041909793072525
0.09563552350254233	-0.7673555963733538
0.0926662713606113	-0.8923495995174566
0.2572907919369105	-0.33371991137167845
0.03391107604807178	-0.08886551059606955
0.1825315747901321	-0.5319626386635393
0.09530715995808492	-2.0985896259856154
0.24592773033158657	-4.051603591633929
0.0894562976414869	-2.2209113071502333
0.09197053079977874	-4.106809558168387
0.31909744820153507	-0.23749038383577678
0.034863396635215003	-11.786528285793045
0.0636025087829665	-0.03983773159881756
0.15220541693638245	-0.6493502268931344
0.09726421119247657	-4.442383972007658
0.12133080060597475	-0.06656251778221402
0.054050231841115425	-1.5563519945745001
0.04869092413614142	-1.930873818064741
0.19287019224702046	-0.20945252100200762
0.06520417879903694	-1.322552564059066
0.07091847784740489	-0.027162572642371745
0.03534337222622925	-1.0033222642685022
0.11514866915530239	-3.1373831180847747
0.11173782739299433	-0.8411871222818557
0.09846684808877841	-10.81719355936561
0.25689361179459624	-0.019213709312119888
0.42509556318373365	-0.005237326597353177
0.051114993824437883	-3.4216631863681477
0.04761317755271436	-0.42145555100489906
0.08649953262788643	-4.079033331366503
0.09540588241581484	-2.4317307533060823
0.13656588068485856	-0.08032176712262303
0.18528907828558716	-0.9855928346725374
0.039238617854375976	-0.04057177651430143
0.07057615841606854	-1.169527894329201
0.0991394432387254	-10.072133511900235
0.03392440540293904	-0.08879235568194564
0.06776380391808087	-0.24977565811405342
0.07525933336939743	-5.488202887106454
0.03391107604807178	-0.02806905574682807
0.08250477123345008	-3.9947310478812112
0.06319444561679206	-2.762529325078439
0.047592583184206054	-1.0634835142835442
0.1416001804611181	-4.488711296906331
0.04546213817486889	-0.6873184567955922
0.04627413348366375	-1.9314693285407423
0.043436023571164176	-1.952714699223643
0.1253243652832199	-0.08396525663418845
0.18742797364430722	-0.2128768939781614
0.18771445374298773	-0.5246151455361192
0.048697999495126744	-1.1561243750748231
0.11143500551739766	-3.0811882715579157
0.03413299357834447	-0.09391681356212747
0.05505022841868334	-0.9967594039407578
0.11767546219005273	-3.075277971183663
0.09135619652509619	-0.01262939323626103
0.14000205058089088	-3.9648915836437095
0.04326914728459616	-0.04083327741336357
0.050969860420377	-7.625959335308616
0.05146659490463425	-0.006694359814968855
0.049012149130967374	-1.2921593642148905
0.07521555248326668	-4.438395729351162
0.06805344006645403	-2.174722980242479
0.04797662401982537	-1.8330883643875164
0.054050231841115425	-1.5504280012162612
0.054050231841115425	-1.5563519945745001
0.08590687039847812	-2.0599973149564477
0.1296592852556231	-2.2388716131210713
0.31232480639344906	-0.6316167573944771
0.06992652038107892	-0.3161460835496582
0.1389480932427691	-0.31841188634470396
0.09859414991568188	-0.03936994190797089
0.09249233516448112	-3.0098025395995873
0.1179545379842725	-1.2746794155282786
0.24448099380112104	-4.241697961134308
0.043289979063753634	-1.1562781228706047
0.07199851009439903	-1.295784109315579
0.05609690778992349	-2.1389589668137807
0.09852050124290265	-3.277606996384637
0.09630656209665961	-9.650843821265534
0.043289979063753634	-1.2563248685745756
0.0926662713606113	-0.8212013698820677
0.09501131348069779	-2.2672656401538487
0.06913310121221225	-0.5846614076807938
0.11471633840822222	-5.573039283704002
0.2255941861890526	-2.105252535580897
0.07521555248326668	-5.6464905763945925
0.0894562976414869	-1.5933529815775063
0.03543589483566207	-3.7268892877018818
0.08869420313295912	-5.426867231016592
0.03923861785437598	-0.37915297031125733
0.09726421119247654	-3.7657977735027597
0.0475203576283166	-0.19328174276707613
0.052774250999719524	-1.8432911682757036
0.05086292435002046	-1.9398679361118987
0.4341255471015369	-0.0038984551694715677
0.09880392303905425	-3.1170778382921465
0.051602400069600235	-1.8773048242851476
0.046196618606382016	-0.19269626559048902
0.09613258074023617	-3.122260146649384
0.05223448719875029	-7.641080184254558
0.25683401187151994	-0.019224784633887895
0.06984552946127726	-3.7284463664336394
0.06755149234886881	-0.48745077702164225
0.17890068511398335	-2.0408870183423367
0.0432873507346075	-8.307116610508288
0.05610156007590998	-1.2950553468533206
0.09207625729184844	-0.872972289371009
0.07696189413434239	-1.7754568683644185
0.09386872966233051	-2.5704853019443155
0.2161898026775352	-3.361356464578225
0.0678252258137076	-0.6200514130788538
0.05765644192353962	-0.10041224934001557
0.15982831621443608	-2.156649273954971
0.05852220184437602	-0.4432714008522283
0.12458970946419892	-1.9571868259345382
0.03575232986032032	-15.624134660133212
0.06824667520941671	-0.05233928326399942
0.08719185241962164	-1.459765795216505
0.03591361515042966	-0.27836151054805525
0.13978067724549983	-0.25046042807893343
0.06518929185084689	-1.3662300590721155
0.05445152981692068	-9.857169332044704
0.042986816840642574	-4.519840473346374
0.03959299076142238	-0.8583570920880922
0.068936547455673	-0.10414719945297499
0.03203492445319033	-3.065946670452768
0.09515745393396921	-0.452079654941761
0.07410479327282725	-5.036809854667242
0.11018717498871848	-1.438433250265111
0.04047490524059703	-3.035164092459799
0.08840185230332001	-0.509835885183874
0.04434234685534415	-1.0428652730369792
0.10309243060872354	-2.0296861531072703
0.03981406450919613	-4.129398115937097
0.08703981343967745	-0.6018823167279345
0.044269945451551745	-5.182800578577426
0.07379338538707181	-1.113506272622609
0.03963489596061985	-5.054280512088225
0.08649953262788643	-3.053118952458838
0.0825047712334501	-3.380162722735135
0.037480450908363785	-1.0466670729238021
0.05022260472927296	-0.01961264938495411
0.05325290198306698	-7.609762296468082
0.09818857710738416	-2.364929215388939
0.06856695020110366	-3.6441884591110814
0.08559799339105112	-4.146286620222869
0.05805074002122595	-9.70954662951545
0.12264327111686295	-5.843253578858624
0.035764995698107364	-3.3339387585229505
0.040632177146701365	-3.0813349082971206
0.1243775714441414	-4.540618035550065
0.04462495310882022	-10.294393325790335
0.037183397307052536	-0.8073686756800053
0.04017104272875542	-10.320563211712745
0.0965705965070411	-0.4037680579357455
0.05279701761519412	-1.9783499706454473
0.0474644152637619	-1.9255324978617925
0.15828007619711368	-1.260751990812515
0.10032932914028789	-0.9534355049899768
0.09443912482672377	-3.5667711790536822
0.04982717593862942	-4.929831213745589
0.0691607953598907	-4.949802905989394
0.08731830027905585	-1.6381292746607186
0.09303309492454481	-1.8597501310465545
0.0894562976414869	-1.5314497718420927
0.031429936091417386	-3.3999102512152506
0.03586899835130306	-0.8229020492913369
0.05905255650553994	-11.100851124864548
0.040942398791124546	-0.9582829359079518
0.035435894835662056	-3.7708121026370125
0.07977373223180811	-3.009965379259073
0.04817521709958777	-1.8255118410648024
0.09613258074023619	-3.170106519603333
0.04434172647753218	-1.063705997284132
0.06703007403888306	-0.8879776198877037
0.03240563262554454	-4.67558156686331
0.039564298095233014	-0.12515343494211015
0.09630656209665961	-9.650843821265534
0.06297028626557423	-2.862702143294495
0.13755798921305554	-9.787412440382743
0.10236034352491977	-2.2446881535456633
0.06857662220467667	-1.8765025499244128
0.043882359870849694	-1.091290892739543
0.04414442173428577	-1.2295503153801577
0.04761141866445961	-1.8322279694273322
0.0415150977650402	-1.3768419456410905
0.042377229993519526	-2.851685587386675
0.043436023571164155	-7.76680652923017
0.03647639000233656	-3.3835154984317186
0.07357693951449036	-2.336692788631548
0.09861304942927644	-1.9761093629970385
0.0658368708269369	-1.3541466077302131
0.06853398115340645	-4.601626600727596
0.061194160562686006	-3.81649834897508
0.0691268965708873	-3.1691787195662102
0.10766265107526371	-1.1811386707658016
0.037970108906896394	-0.2121549794793134
0.0622878270139864	-0.06838714371557328
0.050752265777808545	-0.979799833373665
0.0741047932728272	-5.00118713175194
0.035752329860320314	-4.138513709043088
0.044304474436885254	-5.785855618569406
0.10771956601192062	-2.848116796174612
0.08469367068587878	-7.608076538726634
0.07089940341435762	-3.168609519524397
0.03923861785437599	-0.5253399773134844
0.040043362759526906	-0.07106538058638473
0.06149433899839984	-9.47099056814879
0.1293466054164918	-4.270523167507573
0.0918102706326811	-7.923793072200521
0.05339592381935063	-3.8027484820415256
0.0801309617318144	-2.224823672357323
0.11619732852109248	-3.3653125387226726
0.05505022841868334	-0.9856649240549551
0.03575232986032031	-16.24998219153789
0.105308720216436	-3.5767218549195587
0.03449826958518738	-11.301356756759484
0.07521555248326668	-4.475555123030701
0.09700432672700937	-3.632343398230249
0.06719391547942082	-2.808665061482163
0.03510432015827032	-6.08638193645618
0.03888894064331761	-0.6647808786042321
0.0696336613639922	-3.4612215282236445
0.04770828065796554	-0.42172512666474976
0.035431224230194416	-1.0026583225370362
0.049975328507925625	-9.485490774108523
0.10843034743149181	-0.932372306840023
0.05088449103505049	-8.532490921081443
0.03543589483566207	-3.7268892877018818
0.08178660043038034	-2.421664273003923
0.050638499771469704	-1.2537476817923658
0.043436023571164155	-1.9294241739773434
0.0490121491309674	-1.304820516886836
0.032683257352059576	-4.0089395735639926
0.0358038082189349	-4.623476723201127
0.03981584767353218	-1.4179652067477604
0.05066469018189546	-6.5405759255999065
0.052131158148281495	-7.252096836520623
0.03575232986032031	-16.732669252280953
0.04327378281700264	-5.82327381536605
0.03575232986032032	-3.4204515247707348
0.03631165441389656	-0.9061125895837551
0.05373886039166152	-9.749755122713308
0.07226844055791916	-2.8674173291319454
0.05784018157394904	-3.6947256588604778
0.0340002766915005	-0.16410047993723045
0.043379075198451536	-6.292947024893942
0.03530575649237769	-1.765854769781568
0.035406627420006394	-0.012440038837888679
0.03510316351498098	-8.207723974346727
0.03309772707503402	-11.041754116798938
0.03948228520218121	-4.826680916044276
0.0994802045179298	-9.607953788515944
0.04627413348366378	-5.0272467694742735
0.05038917561136956	-1.3086040855676673
0.03836109812345626	-0.31208569262720637
0.03203492445319033	-3.1303785363523158
0.04125108964579254	-0.48392183001120626
0.05021046000239037	-0.44429759496692733
0.05344437341814763	-7.360134262172948
0.03646438567896922	-3.384630524445216
0.04159491985379876	-4.501660239405255
0.09632698500193826	-3.013703349571676
0.04322005705169777	-1.9789870890867078
0.039460932098877924	-2.03757288163886
0.035191305414656315	-5.809022929478424
0.03320105677513861	-12.595527881555633
0.03598798870366795	-6.09229175866733
0.04019517226316927	-10.334217566310677
0.032332309995201314	-1.194187551678367
0.03960415064403065	-2.0183157238475755
0.042702982762156096	-0.9835748007784815
0.04603523500446767	-7.965934001390539
0.07074113020247731	-9.975887589053919
0.051480323626478655	-0.2429931509586224
0.03723139577285292	-3.506579241584451
0.03575232986032032	-15.624134660133212
0.05088449103505049	-10.76597994551582
0.06912689657088728	-7.398820043462795
0.06736912259282274	-14.064915042946792
0.0952000095765535	-6.161710635630467
0.06297028626557423	-2.862702143294495
0.035686872881528386	-0.9657812164595526
0.04071543279341638	-0.5931477229151255
0.05038034417912381	-2.256525132496921
0.06597653588098124	-0.8447843867442273
0.03248336471660687	-5.085145416243277
0.035912362213780684	-0.27848619317210216
0.03669464599086922	-3.073114260326847
0.034961362637441804	-9.219450032324103
0.14070616204073536	-4.671504526756671
0.03575232986032032	-15.624134660133212
0.04139911033085185	-1.1366408591200123
0.04410861172922615	-8.384328876755852
0.03195163028070139	-0.9052101770479273
0.04355177041989142	-1.1480179079525163
0.06895135884523833	-2.031893361607693
0.050969860420377	-10.481068475584749
0.058050740021225955	-5.668259735295101
0.03476237266595001	-4.5647347434897
0.045286758964018285	-0.3064378211584763
0.035784190959263336	-16.427677117947688
0.04006480009382626	-3.8794400726067906
0.03610961099342777	-3.813609763368301
0.03681264862284425	-5.335616085184482
0.10149248638733081	-4.840083213925197
0.04778258210410694	-7.18698700202924
0.06518590680785448	-0.10741106164314806
0.20981302865545057	-3.3481839401200104
0.03930118739007413	-3.185635622215546
0.050125654674264816	-0.09882356232454857
0.03425672240705187	-3.5749568315866975
0.04144593422192753	-1.0766384304173002
0.059542784630933356	-2.9886823192751475
0.10355707209990747	-6.924765418767862
0.04282976189070419	-4.550453821697528
0.050035882505994556	-9.471256796231463
0.05339592381935064	-7.794594859326199
0.04802719859961106	-11.438636536437485
0.06778007692440012	-3.2862635628928945
0.08748227928655813	-0.6615628006769145
0.04219302342001058	-4.325080558938567
0.03251274420994018	-2.0756671655851178
0.07524776444402365	-5.7533417820516
0.09846684808877844	-10.822570252581322
0.053455392837023274	-5.846641611033648
0.1248751201085688	-3.202298510101141
0.039910805946305965	-0.6445194885774124
0.034976113868442966	-5.86725894045102
0.04898201879516948	-2.5044324680753705
0.038401327987964605	-1.2024398536456968
0.03242614113220467	-7.349367965857749
0.03564556406497577	-10.368311012917674
0.03219106091392837	-8.030484375498546
0.03197397533474242	-2.2908854603015163
0.09846684808877841	-10.693320625400641
0.05477029646849344	-9.88095034392871
0.03510432015827032	-6.08638193645618
0.03302522143036855	-4.822979210141695
0.03174797259962614	-5.205677403911109
0.036094841700353215	-3.1266974375893826
0.0533714959833493	-7.731720275846509
0.04282976189070419	-4.321811788511375
0.06508494899135533	-0.0205473179326358
0.032433194249741296	-2.436728600132414
0.0524443974853265	-8.22652233558218
0.03534337222622925	-1.0033222642685022
0.06172977784470706	-0.07195632299710135
0.03726878877753632	-9.756625151431248
0.03240563262554455	-4.673343800925885
0.03166400820269121	-1.499492312007423
0.03575232986032031	-16.24998219153789
0.03570454825913782	-15.645058247891637
0.03537715203227732	-0.0026394970229346205
0.034125250081906554	-18.91760040908138
0.033755854890554014	-10.323198842691394
0.0380228607814435	-10.847558701792243
0.051584103304940135	-10.6235264619073
0.03203492445319033	-2.204772942560767
0.03617853865017408	-16.82005866228914
0.03564556406497578	-9.595040474837612
0.05360290808586632	-9.423110559101124
0.0932739487471238	-3.6503877759122783
0.07115591386014962	-13.993969757973174
0.036411268070622727	-5.692353142394336
0.04283397240601987	-4.442883399641378
0.09853572934261041	-10.833488050532344
0.03694254103015789	-15.766493878519292
0.03273477869023908	-8.99333869485097
0.033268931903003604	-0.5008080668322731
0.09926275396488302	-0.6728535670536757
0.08259735599280713	-9.68246930264763
0.053265881253074104	-8.395456233648984
0.05049825624417089	-9.175810904955412
0.03162412480337727	-8.029000644940902
0.03575232986032032	-15.624134660133212
0.03457171793200305	-3.9846273137004036
0.08049475889752347	-9.979892832996729
0.03242939264250889	-7.35055666223756
0.03227704165250774	-7.383528095383933
0.035822545612278364	-16.306413335938046
0.03566625804201808	-20.05837521636994
0.06352368241581871	-12.445802921197167
0.03510316351498098	-8.207723974346727
0.03563512888251712	-6.245527394302686
0.03613436410511157	-16.506535787456123
0.03542814258354481	-1.0027455397371483
0.037988483640011846	-15.583562692506558
0.04751935337067006	-6.146107053388527
0.042394053521558915	-0.28670166487948096
0.03299481530215821	-2.4989823359966024
0.04018690316010954	-0.05156683652935522
0.03966428639835578	-3.056878796177697
0.06736912259282274	-14.76028058111428
0.03575232986032032	-14.888754071582602
0.049975328507925625	-9.485490774108523
0.03391107604807177	-0.09015196429341607
0.03280266846334918	-10.603888560315232
0.04653832801429237	-5.088596084544983
0.0324122228691538	-11.46571884058222
0.03533995296373439	-1.8505031304566817
0.05233744839484022	-19.237931483192746
0.051302380059149104	-5.43641886183367
0.03943764796518873	-0.1141535721589293
0.053148337766019745	-11.401166051379622
0.09622450749098539	-9.992108069859595
0.057313271267923044	-5.299223919064336
0.04282976189070419	-5.331896269145685
0.03425672240705186	-3.5807245016962037
0.043887536032753624	-6.412126412770699
0.043162637226287257	-0.8233577688499847
0.04600556412626206	-10.275759329520097
0.032683257352059576	-3.0682790773373108
0.09338945981124988	-9.904303178579147
0.05211711264059009	-9.536155063907307
0.03542877205842542	-3.732357182560903
0.035727437706371504	-0.9633100400469664
0.04260784836138079	-6.257191802632334
0.03192425145083488	-7.467426033385202
0.0488705876188907	-15.299098992833905
0.07714538755093808	-11.542226075243764
0.03558105966477457	-15.916742342054595
0.03445753407150182	-11.062300477365884
0.05380995435420224	-10.342872039567803
0.032940241426342554	-2.479048030855518
0.16339806972471305	-9.30600581707059
0.06293143120183237	-10.580185182631297
0.05223448719875029	-8.282709019162589
0.0358038082189349	-4.669093470198747
0.03824452607344875	-6.074546829334344
0.040718982252601336	-0.9735665656291255
0.050840240916007806	-14.669105047543894
0.04372103701368189	-5.009059592541123
0.033881999513035645	-2.0932723415299113
0.03620171463238149	-1.8626543935666218
0.03265794537311134	-5.120225531624831
0.03524221664005647	-12.298181435072728
0.05214994520135694	-19.41153907579442
0.03299481530215822	-2.4856672081046285
0.03696478656852756	-15.757482074384068
0.031959215614128574	-0.8458618795595743
0.03499214425659174	-9.127432588851557
0.04014588049385364	-10.392012166803019
0.035784190959263336	-16.427677117947688
0.0381947350619191	-7.693213548488446
0.03750980691987292	-16.894105079786005
0.03190702681240843	-5.225847172893808
0.03570454825913782	-15.64582325121216
0.037533241782430934	-15.696698575682403
0.03628897664056312	-6.40574131903272
0.037278356255335106	-12.617585154638398
0.035191305414656315	-5.803297430798634
0.03264056602113188	-4.705755681451322
0.03240563262554455	-5.4639827021352145
0.03240563262554454	-4.896729093723417
0.033001300454529786	-16.895169522496985
0.036700309371128455	-6.34613404798335
0.03407500183079615	-20.058477049105658
0.0358038082189349	-4.669093470198747
0.031193200566401114	-5.246914628094158
0.039125130538005336	-3.139381989887627
0.03510876617775434	-5.835165812677101
0.03373051634402967	-9.716322258619824
0.06736912259282271	-13.461999296015016
0.03824452607344874	-5.476402701669032
0.03549278665058028	-23.2234396362272
0.03364646594707777	-9.645299161899588
0.03543589483566207	-3.770807410575949
0.03582254561227835	-16.306433618539007
0.0626621795995145	-5.351472335366038
0.04931228843823164	-12.137349004782411
0.04462495310882022	-11.017008348587915
0.03309772707503402	-10.191072414013055
0.032061410394368835	-10.542713344212013
0.03574758816208734	-3.442263748858566
0.03499666598785393	-13.969209411810896
0.033504649530365666	-11.809968131733559
0.036172083698911506	-10.605065941826501
0.03565129320577335	-16.70830530516178
0.03209493489557538	-6.473006049541204
0.04802719859961106	-1.4553268917421067
0.035960733257699565	-16.23168018887695
0.0371756409720985	-8.995680895606855
0.03624206539689819	-14.5633575557952
0.05207773940380743	-6.817387438104044
0.03582311220083008	-13.989213038649504
0.03366849552151545	-15.356887066501494
0.0393003717906086	-11.08530286488603
0.0331796160752042	-2.452129943113351
0.03611103704023082	-17.629969912488185
0.04163035724813378	-2.77154206949431
0.0324842323601755	-1.4126381961052008
0.034125250081906554	-17.92761384926186
0.03304346935542195	-13.18406096901867
0.03597113558286908	-2.0530035024878104
0.034963180536964684	-16.155657438160368
0.0322497308426537	-4.730330455617422
0.03617853865017408	-16.82005866228914
0.03558105966477457	-15.880384918747133
0.03598867981534249	-16.543202284069118
0.03578419095926333	-16.399808179116818
0.03369159666865659	-3.2610265675334595
0.039983718130507245	-16.420141623275377
0.035748566087852124	-15.644853762669916
0.03425672240705189	-3.576359611520335
0.03395609042013802	-12.996658948517037
0.03192425145083488	-2.775279713821284
0.0359956631048146	-14.85939575543314
0.06405673759438912	-12.439927386426032
0.03494901793392081	-2.0368884347798737
0.03309375492200826	-6.2120385702419725
0.033082435264681125	-5.75570813918925
0.038626387266537485	-2.801263156289121
0.0426078483613808	-5.428213646242688
0.03297129990202888	-4.733907550633959
0.03566625804201808	-20.05837521636994
0.03558105966477457	-16.71640904648611
0.03210493248406322	-0.8145761923008392
0.035957768652518	-17.133279575678614
0.059082740127181115	-17.035553690413995
0.035216455673490334	-5.887269201110236
0.03658901650230628	-15.844063775571168
0.05316262220049245	-19.25808203464688
0.032402404135414974	-9.294480252878914
0.03523192257239407	-3.2299839318050734
0.03333456733638928	-4.989288528292642
0.03478471545523539	-4.773183298347713
0.03189692012785285	-17.229000758722616
0.03560551209039045	-4.889160750483519
0.03126390576413405	-5.662855320635166
0.038414359984427285	-8.478275309180273
0.03726785970480883	-16.85447323344288
0.03953681812169507	-14.270757535464885
0.033709395842487604	-19.115728172000086
0.032015889171816365	-2.293812121836575
0.03195163028070138	-2.605981049301397
0.03240065848708658	-1.6576628022686948
0.03304346935542195	-13.18406096901867
0.050612085386697286	-6.749740279020436
0.03309772707503403	-10.125854615637998
0.04002996465713676	-16.597270453319815
0.0444657484085256	-15.42046159804026
0.04589494363904997	-14.421627903819738
0.03181955178404637	-5.269674123626188
0.03195163028070139	-0.9052101770479273
0.035577835081582035	-17.427434817700842
0.035825920693202694	-15.724156598446088
0.03554912747858584	-25.463977469633743
0.03610308851206532	-16.375611026904483
0.03575076236121664	-5.804194662253781
0.03259387603039098	-2.3821707605945517
0.05050132709223576	-20.255375571042862
0.06950076380122623	-1.6744934523244528
0.03198669236993682	-9.164370507756992
0.03763356911763261	-11.4080992088027
0.03225934833419084	-7.016949045106496
0.031907823251041634	-17.270486515346793
0.0315996040688778	-1.7715338707741506
0.03555070020711652	-5.672969922426879
0.03549278665058028	-22.855960765305095
0.032470260032098394	-7.580015748048212
0.03516777050102255	-9.436154941148208
0.032418987986393144	-4.678503973661909
0.031683283079764854	-18.33168025970711
0.035837697916001575	-16.485771562106454
0.03617996072129746	-20.676203247205322
0.0317542427941665	-5.191278986567931
0.07086757214643777	-14.305938174357587
0.0625206162568487	-2.4404639556958077
0.03273477869023908	-8.55250921592561
0.03516593186987772	-16.990762328946822
0.03280266846334919	-16.586465518631314
0.03333456733638928	-3.248795852324564
0.03578419095926333	-16.85430146271441
0.03582254561227836	-17.170925905905726
0.03201011547270105	-3.9995917522940316
0.03492307021916175	-10.240435911122864
0.033443110167931715	-8.792741088216664
0.03280266846334918	-12.1500260227494
0.035784190959263315	-16.597886683975418
0.035957768652518	-17.133279575678614
0.03280266846334918	-10.606438005611047
0.03347951993465213	-12.618389905023468
0.05585093246588875	-18.01522833833155
0.07039810067391218	-2.0993473841222916
0.03210575512381861	-8.439733332885368
0.039657118172967784	-12.748668566783623
0.03300130045452979	-18.20220224558219
0.031202657229805707	-9.492342903566263
0.03496136263744181	-14.816120571936235
0.03598867981534249	-10.117192583283533
0.03248336471660687	-5.8777574724569455
0.035822545612278364	-14.110500199894394
0.056171951263364425	-19.289025027129888
0.07033928485543599	-0.6527667723887431
0.0347830421086744	-16.21084207512059
0.03580300171709205	-15.629195270826946
0.03195849598672409	-7.306927515647072
0.03242614113220467	-8.013582899298285
0.05214994520135694	-20.164118443258076
0.035752329860320314	-13.594448755432643
0.07984344520616356	-3.9538745531826516
0.05122118935904761	-3.6324437096043543
0.030951782592922198	-3.4502479227586975
0.05214994520135694	-19.495021771146543
0.03174452567724008	-2.3991548514387104
0.035372544626852916	-17.622402821561145
0.03268325735205958	-3.121553965456995
0.032426141132204676	-8.695444570217317
0.03476237266595001	-4.176741142237289
0.0322497308426537	-5.28576426903646
0.03677797840492868	-17.726258417426262
0.03225461974339698	-7.375888480276573
0.035525666356448445	-14.595185751668106
0.03236634082346595	-1.1948228188161585
0.03104037773752218	-4.826776388379779
0.03553613578564853	-1.2968596477342298
0.03445625159258117	-8.837939408573208
0.03309772707503402	-11.21175109451646
0.03195163028070137	-3.3672772108176656
0.032094934895575376	-1.8228852520327374
0.03315780035108932	-11.496389217349497
0.03255750140088697	-0.8883322249156085
0.03127228144824578	-5.652946613765483
0.03445105052091352	-11.08034566221654
0.032471713370727275	-8.915156200799428
0.031429936091417386	-3.3849391403233877
0.0328030770266446	-10.464435682948277
0.03219106091392837	-8.10848031744218
0.05305274613899337	-18.69693877565599
0.03698293640996018	-17.447898383106523
0.035345991409235125	-5.169338231837754
0.03392214798642404	-17.60181860485259
0.05214994520135694	-20.164118443258076
0.03205216415776302	-7.0236933511337165
0.03240381218998841	-8.686491497536911
0.0339950461815762	-7.206603523034858
0.03454272843655549	-14.62655992068686
0.03856856750403746	-16.9510573853023
0.0427558212809104	-19.36775115136449
0.032767518583621924	-10.016372400252797
0.03120976885597251	-18.70028710958683
0.035784190959263336	-8.501556049220566
0.04507946568861459	-11.18606148030084
0.03455015440095501	-4.693629803857918
0.05104419219123827	-20.757828681255493
0.03307243001508122	-17.698774278326603
0.033204516120745556	-13.378056928730295
0.03677797840492868	-17.726258417426262
0.03591046760917076	-21.854399267160222
0.03180751772220666	-3.4165719465640323
0.03936224104670926	-11.490942580010692
0.033628354380139176	-15.295056881476517
0.033624065092754535	-10.252638307263654
0.035281503477667335	-11.789418187221903
0.03510991742785293	-16.4293251296933
0.03322652473197347	-12.5858622122063
0.03530117188723095	-9.553956784603756
0.03261552366691491	-7.142940839053359
0.03227513282169242	-18.599192584945847
0.05505948988893246	-17.95555985971689
0.03580238142590919	-16.765819347988195
0.034727835602877406	-16.10910065467416
0.031754242794166505	-5.032767874721617
0.032061410394368835	-10.542713344212013
0.033359151833890086	-20.2580796462576
0.032407523183499015	-7.019627287995979
0.04349246203749617	-16.87554615365846
0.03244982758431269	-10.547316048524689
0.03189692012785285	-16.44000508184336
0.03668753181172277	-20.24593381908162
0.033012630018130255	-11.402145177490096
0.032412222869153795	-10.958103396845415
0.03198669236993681	-9.016286301444115
0.03219106091392837	-8.10848031744218
0.03782523116206888	-17.658819688304927
0.03558105966477457	-18.06334714926658
0.03210657768707412	-5.2093431344490835
0.03126390576413405	-5.8220865836488205
0.03347855583653698	-14.63015021122618
0.03174635392564793	-4.766714412867628
0.03259001469590869	-3.453840114462403
0.03269543442329941	-13.620694851137845
0.03445105052091352	-11.079366219331698
0.034863396635215003	-11.787547807523843
0.031630650261290624	-18.09021022471105
0.03365894700358741	-5.405564409350596
0.03575338775432571	-17.24562522509877
0.032361742456222566	-2.569533202272715
0.03524309410765697	-18.622312696401984
0.052145705829504514	-18.701371002688724
0.05729091205702766	-19.951172330437785
0.032259241403683726	-9.08778779854054
0.034863396635215003	-11.2925648530482
0.03280266846334919	-16.586465518631314
0.034231048374824456	-13.306655247417464
0.03411968770733914	-17.932872299350187
0.03392763127550026	-11.817677713162837
0.03423745759844237	-18.70002309515557
0.031099843123521438	-6.604880017558428
0.03236509528241832	-0.9565408202867421
0.03273477869023909	-15.368285580893826
0.03309772707503402	-6.459382655431953
0.03264860049163098	-18.527001998758045
0.051964400297025606	-5.579331393148385
0.03299296731049469	-20.346351261794485
0.03274173816580516	-10.085281508659483
0.03347529602316149	-10.863285666357088
0.031593319663738996	-5.982079524175411
0.0341156386346301	-19.536482974700903
0.031789679448138625	-11.336139214868092
0.03395156440282286	-13.128187599042779
0.03300360986146792	-16.890309335712352
0.03416681855145635	-19.1007269881161
0.031541653815929306	-5.1764633734918695
0.03273477869023907	-8.546265943161972
0.03280266846334917	-10.61381719946113
0.0420660993521981	-20.74682865995475
0.032412222869153795	-5.8187669497973875
0.035957768652518	-16.790250312292592
0.0371523080036177	-17.984388664801433
0.032920495305509834	-9.30134306697006
0.033044657751541855	-12.616803765793918
0.03078462170566581	-11.788529692142117
0.03567071982717097	-17.908514169420176
0.033886458602609804	-2.058901545817296
0.03445787300147227	-21.20891780560296
0.0319544268573488	-4.654814006401212
0.03292660237040763	-12.21231409507908
0.05216453298712856	-19.573551353865934
0.044431771560070075	-7.621425158736539
0.031429936091417386	-3.0417387124679656
0.03209493489557538	-6.473006049541204
0.03295890159734057	-22.159649925887113
0.03516593186987771	-9.754369741682872
0.05221549890544839	-22.25310262191952
0.08023742103760266	-4.063343520520636
0.03285263888905943	-23.619346092630483
0.03345456025519273	-9.76261590859351
0.042273564677585355	-19.445959588771412
0.0444183894318399	-13.335844064520726
0.05104419219123827	-20.757828681255493
0.05050132709223576	-19.94367052095539
0.05191113904990857	-12.939077490161099
0.03193664374387221	-16.656951284577282
0.03768586418159446	-22.113159343438024
0.03211953057619963	-7.49993254419655
0.05303441503742179	-15.146253663121085
0.07216051508355444	-3.05884592586374
0.036429795265620825	-18.699254193311873
0.03348044737713698	-18.966635847783063
0.03228655448822976	-10.511931586201976
0.03138597019119962	-18.132888238491972
0.03365917500380091	-15.25269717660108
0.051474376176865934	-20.38063251870856
0.03412525008190656	-21.801139822662467
0.03549278665058027	-20.347867742425677
0.03304465775154185	-11.757348977441545
0.03510991742785294	-16.09387942161396
0.037330379908281516	-21.54134343966483
0.033573982564769254	-9.257095719661276
0.033628354380139176	-16.320139470547847
0.035248980189327594	-20.060357465468886
0.03174797259962613	-8.971598561615263
0.03276107476406147	-6.441283711035694
0.035315966734990364	-17.102030586747603
0.03300130045452979	-16.92137080462372
0.03178074466038305	-6.115650571082
0.03343213021078825	-12.133080701204431
0.033159907852413587	-19.7468014532645
0.03445787300147228	-20.039501097425486
0.03315179710391569	-19.137085555166983
0.03143424379624033	-3.375571091598401
0.036687531811722775	-23.525423861929337
0.035284156738469775	-20.362259286986593
0.03299296731049469	-16.481674577079488
0.033254779307598785	-13.357804500203958
0.03304365123720865	-13.798056530722707
0.04269157274432556	-5.512911781031724
0.0320128282234151	-19.436773596728983
0.05381401160320795	-5.446413194263151
0.05583697346012647	-9.706776956194384
0.03452718814588771	-9.970248048144805
0.03350086650721502	-19.684251542779446
0.036404607666527526	-20.55242737215847
0.03205527147745497	-18.487132564359317
0.035570649192489326	-17.595500681359056
0.03258696019704781	-15.62094899940129
0.03347855583653698	-14.609878902055886
0.033475251678702016	-12.619031977673568
0.03378057466065375	-16.501789583008698
0.03510991742785293	-17.744582948587002
0.03450116141102721	-17.31687750080375
0.03304411723577923	-14.629799156256436
0.03590801186482979	-19.693930460152096
0.031541653815929306	-13.851479348210761
0.05798232746785197	-6.381314147285438
0.030785235529942022	-9.406205908482502
0.0737994813947664	-14.431294840935786
0.03495301744308868	-14.581517773326008
0.032727565940675385	-13.730512840057097
0.032242669339428355	-18.97713952417815
0.03665233608603822	-19.272934411535136
0.03083188258196968	-9.139087648459167
0.047847840171627944	-10.206117628715079
0.03159570601227559	-17.44110474806733
0.031481615583630704	-9.408150078765772
0.03511088430850425	-12.765680979822076
0.054117843957032126	-24.416010837794953
0.05204238154098737	-21.68664826130703
0.03631414593429925	-3.0302638366350334
0.03315547372489351	-12.754783805817187
0.03134684289940855	-18.706894812618515
0.035815302748793354	-8.033267825389363
0.032259252358823404	-9.099966902606166
0.04237190916495184	-19.55005149244396
0.032397503162601315	-7.976361602840246
0.03168328307976486	-20.016294815225653
0.032859626245349424	-14.736597636666982
0.03351233958860547	-19.96446914755838
0.0327545390059631	-10.613806162466519
0.03126390576413405	-7.6696149061298575
0.031407297084536774	-2.346989672901424
0.03640746365946259	-13.360036182954895
0.03192425145083488	-7.467426033385202
0.03300500235118605	-16.889596551707054
0.034165542004940846	-19.101441420081155
0.034051518297751	-19.374061897654062
0.032908327694766634	-16.34680726145415
0.03407500183079615	-19.76418581849349
0.0317836763817616	-10.58465552178054
0.03174797259962614	-4.884764046565885
0.032259241403683726	-9.409768491567657
0.05016212802086109	-20.354746485176605
0.031936643743872214	-19.18621955033504
0.0519089286737425	-22.56862131598012
0.03236117803583023	-17.12024785307675
0.03258696019704781	-15.62094899940129
0.033001300454529786	-16.895169522496985
0.03178074466038305	-16.08414253768546
0.0341156386346301	-7.40761225176001
0.03160530254124159	-18.39089905395029
0.03235038704652653	-17.714546594270182
0.03290672297025583	-18.135569564292982
0.038212179447999865	-23.704198624484018
0.03295890159734057	-19.86636964170713
0.03169093068905667	-7.899326825732281
0.036973958766738736	-14.97347273868893
0.03826718719782959	-18.336053930224868
0.05050132709223576	-20.255375571042862
0.031039017365733494	-4.695643868056769
0.031819343480720366	-13.235644113853207
0.05236660508196845	-16.165422699268078
0.030985156579626947	-5.90742688622968
0.03171384032622644	-8.127514055074752
0.03092948085540731	-12.9647161992789
0.03440591438971981	-3.657161461503409
0.0761511987581533	-8.155631802758833
0.050323384893968946	-6.277287231668107
0.03171663733854991	-11.783937032917756
0.03205803010265646	-9.792230931614831
0.05104419219123826	-21.81723332118004
0.05104419219123827	-20.757828681255493
0.05446332477419719	-23.64023449151691
0.03231959880745192	-23.00213238445648
0.031202657229805707	-9.56462871180125
0.031211199557937712	-4.6335223555339935
0.031896920127852835	-18.96785891550621
0.035470646883554474	-21.856619997280294
0.03312105830643885	-20.22905646006464
0.03285263888905943	-23.619346092630483
0.03264741901615345	-23.594735188947197
0.03217058371567837	-18.978969677333268
0.031893859958785874	-5.2112949346745765
0.05235856268958841	-23.51742963838819
0.03392615579805133	-8.880076529967468
0.03407500183079615	-20.35994823146737
0.03228313233233762	-22.915873574021635
0.05070943710941095	-18.82030713080092
0.03257784929744333	-16.879227941695213
0.031488440508795755	-5.586697326462919
0.03549278665058028	-23.2234396362272
0.03104037773752218	-4.826776388379779
0.03668753181172277	-20.24593381908162
0.03348044737713698	-18.966635847783063
0.035087664751436556	-16.12475865467991
0.032807872798201354	-21.495084925757414
0.05264143911923347	-20.90888146971765
0.043808502411019634	-4.864689540799947
0.03451336749404043	-20.955541874513184
0.03137990716232024	-3.857391904033911
0.0313730386983951	-10.960362507917305
0.0522154989054484	-16.873853899336584
0.03235609174482064	-4.06137814189835
0.033132971399940744	-18.64813300842408
0.03166456049204162	-6.287027964766636
0.03282699612722237	-9.099057430565894
0.04376404088024908	-18.382880156975936
0.043414970280624014	-12.520515801051989
0.03150774272999664	-13.220684944392724
0.03228312448011793	-13.358492671399109
0.030486197428507732	-18.6555557189926
0.03524898018932759	-10.602560305133183
0.03403672319429008	-18.291092981006784
0.03362223274462894	-19.106737855315917
0.031010689570668788	-10.53421850977453
0.032654975954118454	-21.616720640829975
0.031896920127852856	-17.685810152600617
0.050332734384329794	-19.57505854202889
0.0402803003342924	-17.211214227422182
0.03489415305772389	-18.82602592775624
0.033500866507215024	-19.74347468557667
0.03302439002085832	-17.671345779773073
0.03560167152965158	-20.309768441580758
0.0525419860208501	-23.252360079352727
0.045532223237833694	-24.76812552621964
0.042555533412989635	-16.709560883946605
0.03135052736437857	-15.786497896195074
0.03311382556051929	-11.884896579245844
0.03551194967037953	-20.061451779795085
0.0315839573920787	-6.688575272739838
0.03192425145083488	-10.485276812723999
0.032802668463349165	-11.91514104290469
0.03086803982120702	-18.595167435652225
0.03283263546410038	-11.235013535651648
0.0323124835014774	-19.715992264434636
0.05104419219123829	-12.079143186642646
0.03229787613476496	-9.155111846208674
0.032259241403683726	-10.125772078494569
0.031202657229805707	-9.479371817238016
0.03348044737713698	-18.99093227066034
0.042073835280579154	-20.74723900505796
0.03227757955787404	-15.16253689104901
0.03533807613221525	-21.898738239269246
0.0309571365983416	-9.132764709703208
0.03090135763575358	-16.469150232363504
0.033601764815199	-18.050222592564644
0.03086803982120702	-18.966519906904328
0.03313297139994076	-18.282867362410773
0.03295720915224281	-19.817085730900764
0.05241937257359256	-23.43534515238378
0.03535848335300556	-20.375740788379247
0.033359151833890086	-20.2580796462576
0.043706153048579235	-21.119462691560418
0.03816342950905876	-17.95901731997435
0.03569135246424155	-25.386725847013032
0.031939964509055584	-19.184221430861044
0.0705313031409923	-19.564732682910847
0.05406923797357944	-16.614323142112
0.03625401198875065	-24.992958109728313
0.03667361365966861	-19.081960813895737
0.03151677683240321	-13.449016932213976
0.03408618993148929	-18.937303130894495
0.03266011583947294	-23.598102045580927
0.03449502188694753	-20.953321363694855
0.042257460575159445	-21.982383696816246
0.03397392714153796	-11.349066730893309
0.03189767960202333	-15.93602474689537
0.03101025137387876	-10.531019331860774
0.030405188532994953	-19.063100281667488
0.03168697334842576	-17.719090835781053
0.05057613506513478	-15.960585160034015
0.047038069616597775	-20.34398230044242
0.03231060682056245	-11.413193396570447
0.03206706519235021	-17.34924026813152
0.03354744569220352	-19.897928876745365
0.03196222653710502	-18.966293679501362
0.032505146284482346	-19.8085484094615
0.05362528688742755	-23.32920644067751
0.03193899498186898	-10.310055596575038
0.03254871060928961	-18.140426775096582
0.03287186403127099	-22.419132950146636
0.03049492026030894	-16.51892246539869
0.03183438617060909	-13.708561252828805
0.03146540291992255	-21.003275407989136
0.033849929718354356	-20.034195418640046
0.03701106095516503	-14.125805334124887
0.03529369955275001	-22.9176744555293
0.032310097276320934	-20.343713189759125
0.031202657229805707	-9.56462871180125
0.03922338739575	-23.963130415485722
0.03177657257562261	-21.623895443777034
0.03311945802249108	-13.127552068517673
0.031937612146544454	-22.060984778745603
0.031767475901646275	-14.168165961565567
0.03554223626039756	-21.820046935282644
0.03142486546957787	-6.639241174809687
0.05421938833231584	-27.981771051069458
0.03733037990828153	-19.243348908798612
0.03546334050662842	-21.934190902511826
0.031204307588493827	-5.3599440605098145
0.035458066604455836	-14.332247064497476
0.03178016058013572	-11.724752193885077
0.03068569917047075	-10.352241359839933
0.052104803343750665	-21.815945554832112
0.03159939385580162	-18.437220790157582
0.031379704413829	-9.633321097263185
0.03178967944813863	-19.07735168863411
0.03264741901615347	-12.20865908805484
0.03092948085540731	-12.9647161992789
0.03110367082786837	-10.902633432895664
0.030877664207718106	-10.816038621184113
0.03948937007749697	-22.151598730228088
0.03134684289940854	-18.709406487849055
0.052541986020850105	-23.250038918515635
0.03156223240670195	-19.33739591052365
0.05221549890544839	-23.66928226199369
0.03178464780846919	-18.702872163237117
0.031775569627936755	-19.313748991338983
0.036373171451403154	-20.57021344541517
0.031932189165072955	-17.66624270802289
0.05211095523887594	-26.622662791353843
0.03285263888905942	-22.470487448629147
0.031919597115673874	-9.274446366802035
0.039786821230248196	-19.156598429912172
0.034234224599806046	-18.855184113236756
0.05073552869582823	-9.400288409436136
0.030951782592922198	-3.3174493451785745
0.03228313233233762	-23.36306062716691
0.04460057393145735	-23.08857159994485
0.0377075045994036	-10.918210984528248
0.03235038704652653	-17.985590627634537
0.031193200566401114	-5.222829008193533
0.03242309851438913	-22.492144582050706
0.03183003364917403	-14.0294487850884
0.030920845634985303	-8.594215578205796
0.03332529480407963	-13.015343040862293
0.035081384723909884	-18.23822857716218
0.031658623276629654	-6.038821879166138
0.03104037773752218	-4.826776388379779
0.031484825622327434	-4.711405954232884
0.03490673198870634	-24.043666854150953
0.03301073528600837	-22.575134248409018
0.05367879602302305	-25.5994597378585
0.03140709860941996	-9.143201505053714
0.03490673198870634	-24.039710322755003
0.030877664207718106	-10.817809604387866
0.05152853758317709	-22.132364178690192
0.031067216726826417	-20.822813112088333
0.03260776539227551	-21.078776779516353
0.032017410642880426	-19.408654540881564
0.031595706012275605	-18.94452415898636
0.03193996450905557	-17.67080565782327
0.03193162723623011	-23.636079514871263
0.04246885422045428	-18.489837540376595
0.03201336217699236	-22.457309106346326
0.03172263838543175	-8.37400159649651
0.03252661947034074	-22.512250184482532
0.03192892876508718	-18.297941770576525
0.031630268511465005	-20.238463776593587
0.037687524425685	-18.980839018856752
0.0844017674013364	-18.251959237899708
0.05181181146281152	-23.778163097866315
0.034125495665061685	-22.385066156735007
0.0431809774363192	-23.282585426248016
0.03221771783540018	-26.6659982057165
0.03097149113704856	-10.004950895050433
0.03090122951609385	-16.497845614022964
0.03272655285765275	-18.351771712908153
0.03120976885597252	-18.711363502886332
0.030405188532994957	-19.051815267079963
0.0315957060122756	-18.08391196739611
0.03352021932161666	-21.92660297414117
0.04451362189804815	-23.132719435069095
0.03549292263865199	-23.224586088536277
0.03139080814717512	-21.042284104065413
0.031413580708792986	-18.587964120667877
0.03163065026129062	-18.149019388251585
0.03538198302802928	-18.52917640306576
0.03086634188761482	-19.02995266348001
0.0313512665433827	-18.69356006519063
0.03094239856222372	-18.42729315621897
0.047228742138353576	-23.64657068753148
0.03294928055491281	-23.63191948136146
0.052152944811627626	-23.48812365204158
0.03577787473879122	-22.946522451766597
0.045122463774011	-21.15210994712529
0.051809803343426275	-24.07692248365018
0.032968612546301304	-21.349490781261306
0.0323124835014774	-19.84075682479526
0.03803067872446577	-23.814096509446436
0.051304744308136974	-23.40604711573811
0.03186610120203684	-18.24354437616139
0.03092948085540731	-12.9647161992789
0.054117843957032126	-23.728238015370007
0.03039592547710555	-20.521033816871864
0.030515719418622307	-16.440967152075782
0.03156223240670199	-22.584388862388657
0.03295720915224281	-16.975580202332694
0.035248942074419115	-24.102898232454194
0.032828193878472176	-23.613159829316082
0.031506372755015395	-19.01071330212381
0.032803095899475866	-19.508676110116884
0.1186251620876951	-13.281988614813912
0.055347189373587846	-22.780126594786513
0.030494920260308936	-18.46085342406364
0.039274985674502445	-21.571062780528596
0.031779307384297475	-22.088723480035593
0.03169223150732716	-20.375798382328504
0.03150774272999664	-13.220684944392724
0.031202657229805707	-9.56462871180125
0.031002327537493986	-22.25777227456888
0.03243707403584198	-21.059183126583694
0.04204505365565103	-21.74923709684843
0.047939208124066005	-10.750807160130597
0.032300413615540986	-20.157468938924715
0.03603866558364089	-23.55893040372543
0.033114651156408104	-20.92048773111971
0.04790801127937408	-23.565063930745545
0.0315957060122756	-17.97712868468743
0.030901357635753586	-16.41321675071533
0.03160381139037348	-21.351744792090354
0.03475005404690194	-19.573879923123034
0.030844391563216157	-10.677293380257415
0.031242103614405325	-10.64417785609687
0.03150774272999663	-15.152589721681172
0.03171754671473535	-15.968859506190842
0.03094775344979152	-11.532889357701777
0.05306143191927628	-21.428154675012774
0.031183770126477654	-23.64437637376714
0.03533939657634722	-19.955616629422657
0.05092067516834907	-25.342864978472686
0.03165545391429088	-22.955442409219636
0.030996421229212492	-18.990990657016514
0.03161055814213325	-11.793372399044785
0.03426971839184261	-20.86934970022308
0.04716195881430582	-20.69335949555646
0.03088471661917197	-17.87563939731833
0.037778865996591124	-20.104271887903593
0.05211095523887594	-26.622662791353843
0.03180761952452287	-18.05070914611715
0.04916082531331956	-12.101913167873363
0.03285263888905943	-18.2130810300604
0.031627017888044874	-22.949047237348392
0.0355639741434523	-25.3244969270316
0.05181181146281152	-23.778163097866315
0.03285263888905943	-23.619346092630483
0.03525001406088032	-24.102163657096273
0.03206834743323765	-22.692271022304514
0.05092067516834907	-25.342864978472686
0.03120976885597252	-18.711363502886332
0.03087555037593155	-22.55686542499189
0.0359023541812505	-20.336559867983016
0.030928210176303907	-26.39203251487145
0.03290764602563089	-19.93136500905153
0.0484940087398052	-18.928684202713935
0.0470384080003935	-19.75142167631145
0.054117843957032126	-24.413695044517418
0.05411784395703213	-22.382771824212647
0.04722874213835357	-26.68493713538874
0.03490673198870634	-21.393902229545425
0.0322225918335958	-27.374896024769278
0.03491078651269013	-23.139053662233007
0.03132597234616695	-23.322328046236535
0.030868039821207012	-19.01099569839271
0.03106852337242686	-22.226567259220275
0.07296046826213434	-21.62760509010862
0.05126000638049545	-24.9423837766041
0.03283320761224622	-21.322250311077745
0.03202013447359715	-19.064438776225554
0.03285263888905943	-22.540618210599
0.030713801654370154	-16.262776024200665
0.031123749206570912	-18.882388301640674
0.0351243528603608	-24.107062475659475
0.03086634188761482	-19.02995266348001
0.04728624312640619	-25.073236075170755
0.035461034585106306	-22.791723909993948
0.03299094261763098	-19.752664957679357
0.05239280283944625	-26.160635757502284
0.04422552739888566	-23.169181281346635
0.032393701032097565	-26.614606034200694
0.032296454782356494	-25.566806564773337
0.05489458256173075	-25.196269917694032
0.042113683589059474	-20.915228119365764
0.0473679753119562	-19.74222319401873
0.03088471661917197	-17.876521557654495
0.03549278665058028	-23.222599172827778
0.03085781129245498	-18.978956138733572
0.031433188530861966	-18.334269007366498
0.03194379964528185	-21.55871933192262
0.033418785396469745	-20.041761375449813
0.032312483501477404	-23.435672609754338
0.03668753181172276	-18.731130751460324
0.05158362690813213	-21.988416784030246
0.05942361459512967	-15.915104691426112
0.0321720227395648	-23.440368848248482
0.031782779162939	-19.204017961314822
0.0607403774332579	-24.081036239790173
0.0431809774363192	-23.282585426248016
0.030866341887614827	-19.91797308548169
0.032526619470340745	-21.74427195235075
0.06620665287374268	-20.671243386111186
0.03146218287798533	-27.23033201564393
0.031146701420652234	-18.49129020941121
0.030547578786315272	-16.218285342490166
0.05443220465899967	-26.164113499437786
0.061765075185382816	-13.85492541468607
0.03300600136226308	-19.33453726471532
0.03193168043889124	-19.77932791231801
0.033834918235008435	-22.45012529564467
0.032374453696791206	-26.8712588051502
0.03108442324883107	-17.0975209303362
0.05183512730723792	-24.079383395750558
0.043897191212882214	-23.63964217620546
0.05181002675100111	-23.168141781003417
0.03163093015313965	-20.24748235529412
0.03172602259621405	-20.02725287012908
0.033814716739793485	-22.577132850394165
0.041324756527990246	-21.652363019494
0.035549127478585824	-24.49749200561103
0.03098398053991017	-14.463735062603902
0.0324343974514712	-22.507966249000354
0.031354457075578435	-19.996998791064197
0.03207821590987018	-20.512675489310706
0.035492786650580255	-22.802108753532494
0.030884716619171977	-17.865690557000192
0.030685699170470742	-10.357849931782097
0.03168328307976486	-19.82281051319293
0.031067216726826417	-20.46933685243831
0.030808025949153224	-10.700492642295904
0.031651395332343533	-19.162374175712166
0.03193162723623011	-23.748123433742844
0.03221771783540018	-26.54018964483952
0.033797715079663025	-26.98717921004796
0.034528619337085675	-17.397698863870414
0.05092067516834907	-25.366465942505958
0.04318097743631919	-22.114216885584344
0.05118913404113615	-24.980022575065604
0.03113453917535319	-18.083113832358926
0.03096347240000473	-23.19495994780804
0.030485853289986653	-16.48331169231929
0.03189845776698191	-24.832600011018215
0.031002327537493986	-21.746549801761653
# $END DATA$




