# x	y
1.492711544036865234e+00 0.000000000000000000e+00
1.509458303451538086e+00 0.000000000000000000e+00
1.525730848312377930e+00 0.000000000000000000e+00
1.542031526565551758e+00 0.000000000000000000e+00
1.560064554214477539e+00 0.000000000000000000e+00
1.614175319671630859e+00 0.000000000000000000e+00
1.631811141967773438e+00 0.000000000000000000e+00
1.649691343307495117e+00 0.000000000000000000e+00
1.676553249359130859e+00 0.000000000000000000e+00
1.715500831604003906e+00 0.000000000000000000e+00
1.734037876129150391e+00 0.000000000000000000e+00
1.751517057418823242e+00 0.000000000000000000e+00
1.768643379211425781e+00 0.000000000000000000e+00
1.825840473175048828e+00 0.000000000000000000e+00
1.841970920562744141e+00 0.000000000000000000e+00
1.858729600906372070e+00 0.000000000000000000e+00
1.875025749206542969e+00 0.000000000000000000e+00
1.931140422821044922e+00 0.000000000000000000e+00
1.949351549148559570e+00 0.000000000000000000e+00
1.966883420944213867e+00 0.000000000000000000e+00
1.985351562500000000e+00 0.000000000000000000e+00
2.040253162384033203e+00 0.000000000000000000e+00
2.057256698608398438e+00 0.000000000000000000e+00
2.074421882629394531e+00 0.000000000000000000e+00
2.091416835784912109e+00 0.000000000000000000e+00
2.153598308563232422e+00 0.000000000000000000e+00
2.170844554901123047e+00 0.000000000000000000e+00
2.188646793365478516e+00 0.000000000000000000e+00
2.224006175994873047e+00 0.000000000000000000e+00
2.261609315872192383e+00 0.000000000000000000e+00
2.278429746627807617e+00 0.000000000000000000e+00
2.295164823532104492e+00 0.000000000000000000e+00
2.311791658401489258e+00 0.000000000000000000e+00
2.369415998458862305e+00 0.000000000000000000e+00
2.387646913528442383e+00 0.000000000000000000e+00
2.404585123062133789e+00 0.000000000000000000e+00
2.439114093780517578e+00 0.000000000000000000e+00
2.477590084075927734e+00 0.000000000000000000e+00
2.494323253631591797e+00 0.000000000000000000e+00
2.510972738265991211e+00 0.000000000000000000e+00
2.573835611343383789e+00 0.000000000000000000e+00
2.591237545013427734e+00 0.000000000000000000e+00
2.607978105545043945e+00 0.000000000000000000e+00
2.625199079513549805e+00 0.000000000000000000e+00
2.680187463760375977e+00 0.000000000000000000e+00
2.698258876800537109e+00 0.000000000000000000e+00
2.717074155807495117e+00 0.000000000000000000e+00
2.780065774917602539e+00 0.000000000000000000e+00
2.797696352005004883e+00 0.000000000000000000e+00
2.815986394882202148e+00 0.000000000000000000e+00
2.835720777511596680e+00 0.000000000000000000e+00
2.891483068466186523e+00 0.000000000000000000e+00
2.908430814743041992e+00 0.000000000000000000e+00
2.925248861312866211e+00 0.000000000000000000e+00
2.942177534103393555e+00 0.000000000000000000e+00
2.993162631988525391e+00 0.000000000000000000e+00
3.014568805694580078e+00 0.000000000000000000e+00
3.031678438186645508e+00 0.000000000000000000e+00
3.048641920089721680e+00 0.000000000000000000e+00
3.109744787216186523e+00 0.000000000000000000e+00
3.126837015151977539e+00 0.000000000000000000e+00
3.143956422805786133e+00 0.000000000000000000e+00
3.160892724990844727e+00 0.000000000000000000e+00
3.220913410186767578e+00 0.000000000000000000e+00
3.243376493453979492e+00 0.000000000000000000e+00
3.260152101516723633e+00 0.000000000000000000e+00
3.328523159027099609e+00 0.000000000000000000e+00
3.345789909362792969e+00 0.000000000000000000e+00
3.363021135330200195e+00 0.000000000000000000e+00
3.380368471145629883e+00 0.000000000000000000e+00
3.447582721710205078e+00 0.000000000000000000e+00
3.465136528015136719e+00 0.000000000000000000e+00
3.482252120971679688e+00 0.000000000000000000e+00
3.499491214752197266e+00 0.000000000000000000e+00
3.560405015945434570e+00 0.000000000000000000e+00
3.577802658081054688e+00 0.000000000000000000e+00
3.594835519790649414e+00 0.000000000000000000e+00
3.611960887908935547e+00 0.000000000000000000e+00
3.680800676345825195e+00 0.000000000000000000e+00
3.698364973068237305e+00 0.000000000000000000e+00
3.715087175369262695e+00 0.000000000000000000e+00
3.732201576232910156e+00 0.000000000000000000e+00
3.783802986145019531e+00 0.000000000000000000e+00
3.805689573287963867e+00 0.000000000000000000e+00
3.822470426559448242e+00 0.000000000000000000e+00
3.839584112167358398e+00 0.000000000000000000e+00
3.902724981307983398e+00 0.000000000000000000e+00
3.920831680297851562e+00 0.000000000000000000e+00
3.938755273818969727e+00 0.000000000000000000e+00
3.967680692672729492e+00 0.000000000000000000e+00
4.015343189239501953e+00 0.000000000000000000e+00
4.033330678939819336e+00 0.000000000000000000e+00
4.050658464431762695e+00 0.000000000000000000e+00
4.120501041412353516e+00 0.000000000000000000e+00
4.137896299362182617e+00 0.000000000000000000e+00
4.156676292419433594e+00 0.000000000000000000e+00
4.224720954895019531e+00 0.000000000000000000e+00
4.241571903228759766e+00 0.000000000000000000e+00
4.258429288864135742e+00 0.000000000000000000e+00
4.275515556335449219e+00 0.000000000000000000e+00
4.379871606826782227e+00 0.000000000000000000e+00
4.397496938705444336e+00 0.000000000000000000e+00
4.464826107025146484e+00 0.000000000000000000e+00
4.481415748596191406e+00 0.000000000000000000e+00
4.501206159591674805e+00 0.000000000000000000e+00
4.568390369415283203e+00 0.000000000000000000e+00
4.585703849792480469e+00 0.000000000000000000e+00
4.603145360946655273e+00 0.000000000000000000e+00
4.672024488449096680e+00 0.000000000000000000e+00
4.689202308654785156e+00 0.000000000000000000e+00
4.705717086791992188e+00 0.000000000000000000e+00
4.722150802612304688e+00 0.000000000000000000e+00
4.788154363632202148e+00 0.000000000000000000e+00
4.805420398712158203e+00 0.000000000000000000e+00
4.822267532348632812e+00 0.000000000000000000e+00
4.853232383728027344e+00 0.000000000000000000e+00
4.913747072219848633e+00 0.000000000000000000e+00
4.930212259292602539e+00 0.000000000000000000e+00
4.999429941177368164e+00 0.000000000000000000e+00
5.015836715698242188e+00 0.000000000000000000e+00
5.032392740249633789e+00 0.000000000000000000e+00
5.091014862060546875e+00 0.000000000000000000e+00
5.126914024353027344e+00 0.000000000000000000e+00
5.179019927978515625e+00 0.000000000000000000e+00
5.254105567932128906e+00 0.000000000000000000e+00
5.272632360458374023e+00 0.000000000000000000e+00
5.290714502334594727e+00 0.000000000000000000e+00
5.331093549728393555e+00 0.000000000000000000e+00
5.363983392715454102e+00 0.000000000000000000e+00
5.382753610610961914e+00 0.000000000000000000e+00
5.400221109390258789e+00 0.000000000000000000e+00
5.457576513290405273e+00 0.000000000000000000e+00
5.478463172912597656e+00 0.000000000000000000e+00
5.498506546020507812e+00 0.000000000000000000e+00
5.561150550842285156e+00 0.000000000000000000e+00
5.579638242721557617e+00 0.000000000000000000e+00
5.598044157028198242e+00 0.000000000000000000e+00
5.615103960037231445e+00 0.000000000000000000e+00
5.648441791534423828e+00 0.000000000000000000e+00
5.693687915802001953e+00 0.000000000000000000e+00
5.711082935333251953e+00 0.000000000000000000e+00
5.728115320205688477e+00 0.000000000000000000e+00
5.793049812316894531e+00 0.000000000000000000e+00
5.811371326446533203e+00 0.000000000000000000e+00
5.828526020050048828e+00 0.000000000000000000e+00
5.845898389816284180e+00 0.000000000000000000e+00
5.862621307373046875e+00 0.000000000000000000e+00
5.926049709320068359e+00 0.000000000000000000e+00
5.942631483078002930e+00 0.000000000000000000e+00
5.959640979766845703e+00 0.000000000000000000e+00
5.976578474044799805e+00 0.000000000000000000e+00
6.040346622467041016e+00 0.000000000000000000e+00
6.057499170303344727e+00 0.000000000000000000e+00
6.074643611907958984e+00 0.000000000000000000e+00
6.092528104782104492e+00 0.000000000000000000e+00
6.156377315521240234e+00 0.000000000000000000e+00
6.173331499099731445e+00 0.000000000000000000e+00
6.190392732620239258e+00 0.000000000000000000e+00
6.208224296569824219e+00 0.000000000000000000e+00
6.279233694076538086e+00 0.000000000000000000e+00
6.295691490173339844e+00 0.000000000000000000e+00
6.312657594680786133e+00 0.000000000000000000e+00
6.330039501190185547e+00 0.000000000000000000e+00
6.416903734207153320e+00 0.000000000000000000e+00
6.434017181396484375e+00 0.000000000000000000e+00
6.451614379882812500e+00 0.000000000000000000e+00
6.469987869262695312e+00 0.000000000000000000e+00
6.487506151199340820e+00 0.000000000000000000e+00
6.542032957077026367e+00 0.000000000000000000e+00
6.558955430984497070e+00 0.000000000000000000e+00
6.575674057006835938e+00 0.000000000000000000e+00
6.591936111450195312e+00 0.000000000000000000e+00
6.656229019165039062e+00 0.000000000000000000e+00
6.673593044281005859e+00 0.000000000000000000e+00
6.690408229827880859e+00 0.000000000000000000e+00
6.761951208114624023e+00 0.000000000000000000e+00
6.778828620910644531e+00 0.000000000000000000e+00
6.795918703079223633e+00 0.000000000000000000e+00
6.829415798187255859e+00 0.000000000000000000e+00
6.879610538482666016e+00 0.000000000000000000e+00
6.896891832351684570e+00 0.000000000000000000e+00
6.913750410079956055e+00 0.000000000000000000e+00
6.983383417129516602e+00 0.000000000000000000e+00
7.000636100769042969e+00 0.000000000000000000e+00
7.018324136734008789e+00 0.000000000000000000e+00
7.051706314086914062e+00 0.000000000000000000e+00
7.100946664810180664e+00 0.000000000000000000e+00
7.118702173233032227e+00 0.000000000000000000e+00
7.136859416961669922e+00 0.000000000000000000e+00
7.196666479110717773e+00 0.000000000000000000e+00
7.214083194732666016e+00 0.000000000000000000e+00
7.230672359466552734e+00 0.000000000000000000e+00
7.247987031936645508e+00 0.000000000000000000e+00
7.319983005523681641e+00 0.000000000000000000e+00
7.337822675704956055e+00 0.000000000000000000e+00
7.356298685073852539e+00 0.000000000000000000e+00
7.373759746551513672e+00 0.000000000000000000e+00
7.412356376647949219e+00 0.000000000000000000e+00
7.453624486923217773e+00 0.000000000000000000e+00
7.470792055130004883e+00 0.000000000000000000e+00
7.695741415023803711e+00 0.000000000000000000e+00
7.714422225952148438e+00 0.000000000000000000e+00
7.731285333633422852e+00 0.000000000000000000e+00
7.804332256317138672e+00 0.000000000000000000e+00
7.821785449981689453e+00 0.000000000000000000e+00
7.839102745056152344e+00 0.000000000000000000e+00
7.905163288116455078e+00 0.000000000000000000e+00
7.926912546157836914e+00 0.000000000000000000e+00
7.943720340728759766e+00 0.000000000000000000e+00
8.015420198440551758e+00 0.000000000000000000e+00
8.034444570541381836e+00 0.000000000000000000e+00
8.052716016769409180e+00 0.000000000000000000e+00
8.108331680297851562e+00 0.000000000000000000e+00
8.133675098419189453e+00 0.000000000000000000e+00
8.150651454925537109e+00 0.000000000000000000e+00
8.167762994766235352e+00 0.000000000000000000e+00
8.233319759368896484e+00 0.000000000000000000e+00
8.249840021133422852e+00 0.000000000000000000e+00
8.266612529754638672e+00 0.000000000000000000e+00
8.338350534439086914e+00 0.000000000000000000e+00
8.355511426925659180e+00 0.000000000000000000e+00
8.372701883316040039e+00 0.000000000000000000e+00
8.389250040054321289e+00 0.000000000000000000e+00
8.451431751251220703e+00 0.000000000000000000e+00
8.467256307601928711e+00 0.000000000000000000e+00
8.483453512191772461e+00 0.000000000000000000e+00
8.499532699584960938e+00 0.000000000000000000e+00
8.533349990844726562e+00 0.000000000000000000e+00
8.571161270141601562e+00 0.000000000000000000e+00
8.588155508041381836e+00 0.000000000000000000e+00
8.605027675628662109e+00 0.000000000000000000e+00
8.649873495101928711e+00 0.000000000000000000e+00
8.688513278961181641e+00 0.000000000000000000e+00
8.705219984054565430e+00 0.000000000000000000e+00
8.722919464111328125e+00 0.000000000000000000e+00
8.783831357955932617e+00 0.000000000000000000e+00
8.807012557983398438e+00 0.000000000000000000e+00
8.824026823043823242e+00 0.000000000000000000e+00
8.840677022933959961e+00 0.000000000000000000e+00
8.914224624633789062e+00 0.000000000000000000e+00
8.931177377700805664e+00 0.000000000000000000e+00
8.948242425918579102e+00 0.000000000000000000e+00
9.008567094802856445e+00 0.000000000000000000e+00
9.033541917800903320e+00 0.000000000000000000e+00
9.051915884017944336e+00 0.000000000000000000e+00
9.085743904113769531e+00 0.000000000000000000e+00
9.143272876739501953e+00 0.000000000000000000e+00
9.160659313201904297e+00 0.000000000000000000e+00
9.223973512649536133e+00 0.000000000000000000e+00
9.244067668914794922e+00 0.000000000000000000e+00
9.269759416580200195e+00 0.000000000000000000e+00
9.344256639480590820e+00 0.000000000000000000e+00
9.398684978485107422e+00 0.000000000000000000e+00
9.417991399765014648e+00 0.000000000000000000e+00
9.437373399734497070e+00 0.000000000000000000e+00
9.481040239334106445e+00 0.000000000000000000e+00
9.520864248275756836e+00 0.000000000000000000e+00
9.538693189620971680e+00 0.000000000000000000e+00
9.557291984558105469e+00 0.000000000000000000e+00
9.626215457916259766e+00 0.000000000000000000e+00
9.642489433288574219e+00 0.000000000000000000e+00
9.658845663070678711e+00 0.000000000000000000e+00
9.731950521469116211e+00 0.000000000000000000e+00
9.748807668685913086e+00 0.000000000000000000e+00
9.765542984008789062e+00 0.000000000000000000e+00
9.782073020935058594e+00 0.000000000000000000e+00
9.855897903442382812e+00 0.000000000000000000e+00
9.873697996139526367e+00 0.000000000000000000e+00
9.890125751495361328e+00 0.000000000000000000e+00
9.991108417510986328e+00 0.000000000000000000e+00
1.000813674926757812e+01 0.000000000000000000e+00
1.002507996559143066e+01 0.000000000000000000e+00
1.008613276481628418e+01 0.000000000000000000e+00
1.011054182052612305e+01 0.000000000000000000e+00
1.012657046318054199e+01 0.000000000000000000e+00
1.014394545555114746e+01 0.000000000000000000e+00
1.021674203872680664e+01 0.000000000000000000e+00
1.023367953300476074e+01 0.000000000000000000e+00
1.025079345703125000e+01 0.000000000000000000e+00
1.026786422729492188e+01 0.000000000000000000e+00
1.033272719383239746e+01 0.000000000000000000e+00
1.034912705421447754e+01 0.000000000000000000e+00
1.036670327186584473e+01 0.000000000000000000e+00
1.038297772407531738e+01 0.000000000000000000e+00
1.044914579391479492e+01 0.000000000000000000e+00
1.046644616127014160e+01 0.000000000000000000e+00
1.048417329788208008e+01 0.000000000000000000e+00
1.050017642974853516e+01 0.000000000000000000e+00
1.056219601631164551e+01 0.000000000000000000e+00
1.057849407196044922e+01 0.000000000000000000e+00
1.059483504295349121e+01 0.000000000000000000e+00
1.064435577392578125e+01 0.000000000000000000e+00
1.068192648887634277e+01 0.000000000000000000e+00
1.069845390319824219e+01 0.000000000000000000e+00
1.071522593498229980e+01 0.000000000000000000e+00
1.078561449050903320e+01 0.000000000000000000e+00
1.080156350135803223e+01 0.000000000000000000e+00
1.081722331047058105e+01 0.000000000000000000e+00
1.083357429504394531e+01 0.000000000000000000e+00
