# $NEW GRAPH$

# $NEW TRACE 2D$
# $LEGEND$: $$
# $LABEL X$: $Objective (or constraint)$
# $LABEL Y$: $Objective (or constraint)$
# $BEGIN DATA$
0.04466431839989476	0.1649830638605658
0.0	0.8623921877362494
0.03390967662881195	0.6716922939587275
0.0	0.46442252993330113
0.0	0.1316317538361816
0.0338440983538218	0.19239786371968878
0.0680575720378902	0.19728149022724084
0.0	0.23297233627480937
0.04370197473305249	0.1750990696274845
0.05500355589744255	0.3422790272459501
0.0	0.35320341065685656
0.0	0.19242968523804085
0.0	0.35306067376936406
0.036908309583545275	0.12792565787146248
0.09350444647987288	0.11755125920720423
0.03532407059225649	0.19842135971674096
0.033385819784000306	0.25844783860228643
0.0	0.21006911195965686
0.033641108187075656	0.33008013590071583
0.051448554284133655	0.23658394356581827
0.06928212525189371	0.7637594571511247
0.06757359264611142	0.15545520160363857
0.03937629644621678	0.1484090949635293
0.04897114220005846	0.2374631748787919
0.03937773669517122	0.19474715238384374
0.041817679061044916	0.09041916351289889
0.050416314390889394	0.41385388643547055
0.0	0.20129227943099695
0.05835539524894294	0.09723881244096343
0.03884896993822339	0.2784421862019325
0.4051425182589332	0.5557656237411412
0.07056906126140737	0.24521554612505886
0.40973313824936414	1.0490830631865837
0.0328998133869984	0.38163712477379724
0.27826959862577827	0.42681225002879325
0.0	0.2629019031522236
0.0459348072449437	0.17210923698852085
0.033806827343513604	0.4439613690801411
0.049377899560181786	0.2398096360848079
0.09086223693757771	0.3552656201779695
0.0	0.2566605236778292
0.03963234533507928	0.12120030300276541
0.0	0.2641412263687928
0.03662067925834196	0.09939205632264798
0.05184164084440044	0.13717751170263748
0.0	0.8768603993321028
0.07624272358213563	0.24889119393422407
0.059058308995730016	0.10310884851741928
0.0	1.0342826631515556
0.05466526501215399	0.14779144590555607
0.0991798304849585	0.13186419583946077
0.0	0.1719716606486176
0.12226791922660886	0.34762593507315365
0.04031484588682413	0.6089652295857083
0.0	0.2859117031137167
0.10185739567537601	0.17967761066068338
0.0	0.2305786162060928
0.03518603342388159	0.32543429043224775
0.0715119884420325	0.1319154109713769
0.294964664215886	0.8781057844514574
0.0	0.19190923059685167
0.04610068830247682	0.16649956459246204
0.06488189684363158	0.15567703102109648
0.06953867079841876	0.12281653740419218
0.035342204969315866	0.09299314325856292
0.0301174156304086	0.3119034301382244
0.03641615592991714	1.3200594064675255
0.14056708532541667	0.15656382453856693
0.03209073302441411	0.28831989908302175
0.07049604205462914	0.5697546982666898
0.0	0.4103809520734055
0.03547325611354486	0.13987436697878985
0.33387452253888467	0.7836868137778039
0.08688833455425726	0.2551953501978036
0.046912409415189586	0.19776147907395605
0.03409952820598998	0.1602545730174882
0.0	0.12438521966429082
0.037290479546394986	0.10853210426958748
0.06468075685949672	0.20599995340993907
0.034804487291720344	0.10250561934075259
0.052915767388194465	0.20932392690832788
0.06938644571853192	0.10322484393210511
0.03213104875553877	0.1252663687568455
0.06595811902321654	0.9760885530979767
0.13510768023496203	0.9986360509265567
0.07717625608564789	0.16538452307065316
0.07145742538439921	0.1388703155743133
0.044524734170526464	0.2537339909401137
0.04815880339122654	0.11875097277570448
0.04847894646554918	0.1430055019753299
0.041803334077724526	0.3257535211397814
0.034908075597164405	0.10962260469698995
0.04761783529405401	0.09489014252610271
0.0	0.19737739282842967
0.047038163897543186	0.3465903549785958
0.0	0.5175819590730806
0.0	0.16427904741273885
0.06503697731206215	0.22917019804501493
0.0	0.49085727315819955
0.0	1.8759053704375728
0.03264574109436875	0.2088611290566774
0.04104347322328108	0.16758985737695165
0.0	0.2586272855532536
0.07627778797907604	0.2520211986485723
0.055002132983841656	0.3422745997779481
0.043073079768441075	1.308043453426776
0.07797011722013618	0.20049217065033426
0.036764839111007516	0.2666471673659967
0.0	0.2895367014452641
0.07481432436986371	0.3196199921960784
0.06757359264611142	0.15866539826373635
0.03861153983728924	0.15620538976822548
0.0	0.17576575442570655
0.2179462674552888	0.37626726114720344
0.032420578310881146	0.23986905995584545
0.060340099748643274	0.12684565922231494
0.15977300386792084	0.3772506958609901
0.0	0.6606327302177195
0.032512600376753596	0.2902278580069944
0.09554750882824352	0.2545231438066238
0.034250060666050235	0.19794809734873092
0.09086223693757771	0.3633573882331264
0.3351612193343247	0.46908069121416784
0.0	0.5215411406611874
0.03332730692618785	0.19749733891426619
0.03595042453402888	0.10944465478517702
0.036277060385171984	0.30692486810768127
0.0487886932564401	0.18459348281434543
0.03275916684657259	0.1559550142433183
0.0	0.11487873735845115
0.0501057867767281	0.16574515311879448
0.03063198778522161	0.3347199063516587
0.030398800406862915	0.2674992376912129
0.0	0.22843042234882802
0.05877660039436408	0.19394271339911578
0.09032799573919784	0.8913332010028756
0.046645363312046044	0.29051009734819205
0.037373428840985455	0.1614947078987387
0.1906189629946973	0.2490633692956578
0.0	0.29128069704719034
0.0	0.19135026505371935
0.0	0.23398865971912003
0.039396401004147506	0.12004130555575382
0.04566966363663537	0.17259757152653982
0.03178616284800853	0.24980969944520154
0.035478429975856283	0.10486004995708047
0.08967271551096162	0.25651681083731065
0.29542613903785475	0.8793699751717724
0.03873548303369086	0.12477580651500235
0.04415055369021628	0.4339047891204165
0.06819081683697835	0.1819986174761795
0.0722814500021325	0.3548679347108285
0.13823803370771065	0.2606430447179226
0.06181832081683621	0.21627054819179478
0.053768085567651336	0.2021689845368283
0.0	0.16760406564525676
0.0	0.8753258944820967
0.0	0.2333342573422851
0.035881983405017866	0.14546959965110362
0.05438581306932256	0.17063488119494458
0.044556407098917374	0.30285377729068885
0.0	0.5175819590730806
0.0991798304849585	0.12540654941867715
0.0459348072449437	0.17210923698852085
0.03357099084803467	0.1782184196982725
0.0666875887227222	0.38853480359234155
0.05239350060481287	0.13047455008897987
0.07110602730117879	0.3632523816003723
0.0435527605399774	0.1832591376470891
0.06502318249321437	0.1552394425063635
0.0	0.13170626993914392
0.35230562512532093	1.1078698696889375
0.03012506566111742	0.3120862331457509
0.04235626375562061	0.21875288750045668
0.0433286750105133	0.301158072885572
0.04367978787920285	0.1677651550203323
0.12336642393168946	0.3405631951338581
0.0	0.6020916377793328
0.051220042079021935	0.5612944965675148
0.0338188632186665	0.43122065298232093
0.03399480893052135	0.16187435981708417
0.0459348072449437	0.14018322380997159
0.033983477602930176	0.8374686780965541
0.0991798304849585	0.13186419583946077
0.0	0.19242968523804085
0.04139279270152643	0.14367514580247978
0.4293762978037814	1.705977007061177
0.03475542500158719	0.09972386200946681
0.037281124351281586	0.16257480445626996
0.05827727834623797	0.09749555877323769
0.052991841301298095	0.20879276271513356
0.0	0.21006911636832365
0.0	0.5736102574928978
0.3747301812233246	0.3125692752552983
0.06550028483227478	0.29474684842518173
0.06928212525189371	0.7637594571511247
0.06558240020503112	0.15222024343139143
0.05144855428413367	0.11940349068737095
0.03213104875553877	0.25752225239635734
0.044133333476131735	0.18444534644362373
0.0	0.4672199891358007
0.03380682734351361	0.44389803069336425
0.06554753290572023	0.2943003948979467
0.0950227485590304	0.29654726040275126
0.08962604054783105	0.3896567459485184
0.3870509404582515	0.8079495141072655
0.038286615191616455	0.16267984334556304
0.0768975747288931	0.817127132778256
0.04929925379598612	0.18246390399077658
0.06512104540621659	0.2063288837689261
0.0318090490090175	0.2495821244461794
0.05471836642446679	0.14584423186682166
0.04233891918963951	0.31169386999081206
0.05496849819440235	0.1301032270134377
0.0517270481881681	0.7088497447754217
0.07903489708259855	0.29848475581005113
0.04175757297293276	0.26605982928938415
0.14069029602443694	0.726715994975233
0.052706573297204684	0.3674025746709837
0.10117632163854708	0.11633195056359018
0.0	0.5078479147710673
0.046388726344660784	0.2905867984786155
0.05446301090941126	0.34190408605551453
0.0	0.21006911636832365
0.0	0.49085727315819955
0.031907244458221753	0.2969024993153831
0.047025869894467734	0.21587407259384978
0.04747096475321843	0.28980444844954634
0.03019881020389237	0.3071615075201327
0.03388684798504039	0.14718254837862846
0.09249402196051336	0.34368573071331093
0.0	0.20129227941794167
0.03384868559577361	0.43141076765791153
0.04886811449502961	0.24115313227497026
0.2945426212246503	1.1177861767780297
0.35922448211514363	1.1381703979553806
0.03213104875553877	0.2729347945252841
0.40511263773234124	0.5540854656590984
0.04235977480440824	0.2187619539920365
0.1434380323262085	0.27999489492031865
0.29997913792002645	1.2391122719207561
0.14277924378814807	0.3807645304884722
0.0	0.19242968523804085
0.03222026077010005	0.25764187533021043
0.1298602097805989	0.37523677374677983
0.06649562408003025	0.19858449077798968
0.09086223693757771	0.3641848461634458
0.03519693035872072	0.22756192427362917
0.031225314701096626	0.3860153509026677
0.07788713252431025	0.4406339310725617
0.0	0.5365065614678943
0.0	0.5402723621263222
0.052485858051881544	0.8363699381386072
0.1906189629946973	0.24925949726122515
0.07797011722013618	0.20036023060459632
0.05167008862508829	0.18731776226003113
0.14731391672518968	0.27324829511968696
0.03170000965361653	0.18276494823827588
0.3470622005409301	1.0541617869016877
0.03178983297857311	0.28093746816311627
0.04838818951529233	0.14030439003744483
0.04472504814036058	0.16678774352081574
0.049782759400571946	0.1919467903719169
0.038685774834893286	0.17150646323186564
0.03409102955014291	0.4131437164169082
0.29542613903785475	0.8706371146359401
0.06668758872272217	0.3912004841800285
0.12226791922660886	0.36614303576874707
0.0301174156304086	0.31538504466160283
0.09518965277530315	0.2588532475443153
0.04415055369021628	0.4339444994985103
0.0335540165854691	0.17850027560418347
0.03063198778522161	0.3482305143732378
0.0	0.761784254576898
0.05573138467631474	0.2821795346545279
0.03341831224709665	0.25847039724856835
0.12336642393168946	0.3405631951338581
0.09022441715687002	0.7336569137048364
0.030655957708012237	0.40512826667656104
0.053905232178903736	0.2412554128433992
0.046409815066024346	0.3808754355426908
0.042367444094920666	0.21864874135757312
0.07248404456016584	0.31842572332425334
0.0415763616087829	0.14210837470488688
0.1881008811053224	0.255733173941301
0.03311407835583165	0.16093121982382522
0.03884905202152615	0.2868667483272342
0.053768085567651336	0.20215078040460127
0.04412494819709905	0.15750022327877838
0.08447036764139976	0.3226658175960562
0.06597747811584041	0.2934371945215072
0.04246995747560712	0.438647967932134
0.030851459790187136	0.19695024105072959
0.05174543415167491	0.16396343763176183
0.13571086784438738	0.47219542499404293
0.05119970958470907	0.29291838464364195
0.0	0.6959651082552709
0.043457707314860566	0.21728560858653012
0.09197506585073524	0.38195189401906166
0.03319324908536944	0.2372474011125546
0.13190994476927537	1.0853137587017614
0.19640671728494086	0.23088818766069655
0.04272812093117164	0.18962790353617612
0.04414063445639614	0.2079848190963541
0.15469788996510286	0.4145113519285225
0.41606152598793217	0.7794326929808595
0.0	0.5980320650147273
0.045450377267784454	0.18373436798890674
0.09518965277530315	0.2921130360307994
0.14220778510640467	0.20130906312187105
0.1386838695967257	0.464071929612849
0.0501057867767281	0.16574515311879448
0.12226791922660886	0.34762593507315365
0.04664265612650065	0.23123836113825805
0.08190484893941218	0.8574008452851188
0.03827643669616016	0.17059598027946696
0.05314080164643951	0.3139071541412259
0.039674281344313736	0.23073046398061903
0.04409118772247596	0.4431355771684607
0.05288144005149915	0.20963063570641258
0.03726951010134758	0.1750974478720456
0.047952831076643845	0.7028364930973563
0.03039383078664137	0.2874266596387858
0.06549167432215157	0.20855269525409945
0.032224481052845026	0.25765874807580225
0.03482738348479463	0.32317485054424133
0.0673768924727936	0.28072832942628656
0.03363326157056759	0.43407146250722384
0.2967103415337215	0.8646558683368045
0.03407223655717773	0.6152749427565796
0.0	0.27788885536589747
0.03451727036614394	0.5402724600377017
0.12545463591998918	0.3142374917899828
0.04415055369021628	0.3971517628273624
0.04472504814036058	0.16678774352081574
0.08627892439307899	0.23489735338421547
0.05827773835964723	0.21960393808877277
0.053360916232258984	0.20239643104002653
0.04466560670449545	0.45021085582099407
0.054085138342741305	0.28270817647305885
0.07129677902161498	0.31785124082107385
0.032731549310316584	0.21682846516752985
0.07990527249202806	0.269578159442794
0.049542769441801554	0.2764206692098569
0.031546398497215626	0.2852631337106111
0.06852651836076165	0.5175439119894508
0.3485636969899153	0.6946456541651492
0.21084004215833665	0.46354847874268906
0.03962808668481147	0.25524175740149685
0.10055026199660246	0.2456436075511377
0.04981583631194837	0.2286188185977798
0.03459038437795694	0.4274729602340398
0.04357500562773464	0.4438302643546908
0.08300683953339022	0.21200988679324553
0.03029178670037112	0.4254250632669209
0.05376808556765134	0.20357377559488826
0.12226791922660886	0.34762593507315365
0.056051738602295065	0.11648009984828181
0.0619793885940998	0.2844146425372624
0.043159647304741325	0.19617986364667175
0.04997351152750534	0.17391284564113266
0.03914641589823533	0.17269727026106074
0.15846491510718047	0.3538485389505595
0.036764839111007516	0.26081578181828935
0.09493979754078918	0.3397438384498667
0.0338783584539344	0.32595894628544936
0.15977300386792084	0.4750029876733374
0.0333858197840003	0.25512787016701066
0.13001182386353372	0.2597843270802901
0.036304504239146905	0.24656199496060097
0.03551255858108234	0.2542109360660286
0.14344275926088057	0.36285434388095467
0.037648029081117085	0.12668809291556457
0.048669137494819145	0.26180177374239355
0.17703829681975192	0.5642049494679896
0.08815091312960802	0.3343616215773414
0.2966079783724166	0.8141326168851624
0.03725537455888908	0.26319596085859287
0.03347259839943244	0.4222031783149917
0.0465023174074303	0.13556687638438142
0.037826538319150685	0.5928625432725023
0.033385819784000306	0.25844783860228643
0.033806827343513625	0.40820545805408154
0.03382005668139338	0.21189372539371823
0.03401744297974648	0.31846093280916216
0.1879858701205972	0.22972574649114255
0.06487617572900443	0.24353069091445478
0.05540050445689358	0.18773270314017051
0.05010578677672808	0.25303860801147376
0.1412492288255627	0.2733599491783686
0.042690400830902676	0.2345885049996898
0.1487312165168122	0.36189567079933216
0.13823803370771062	0.26706181500124027
0.09373274081211992	0.25376779846165765
0.051448554284133655	0.23658394356581827
0.033806827343513604	0.42617333014167275
0.08970721660761964	0.7622802081969487
0.4442389792084339	1.593094815425174
0.051448554284133655	0.22611193409900715
0.04138608744781575	0.22305523049815362
0.03039383078664136	0.29901131928509067
0.05288144005149914	0.2067974058454105
0.049032701430332525	0.1936724881584653
0.03678681143620049	0.2657928293343441
0.04266269650640437	0.24054128737446068
0.03617016170980457	0.12249642007931807
0.03444951673495001	0.2646226244572932
0.04855549895498154	0.2575242873114234
0.041273862558400924	0.17306865081782066
0.03338581978400029	0.25957439966378315
0.06481667375630733	0.24083320363390265
0.0380342537510923	0.24991557989753482
0.051424722589411956	0.2563587087000229
0.032126169500435	0.2732311569064546
0.03633983909130632	0.24643150608909703
0.04607277489481557	0.24342888106519645
0.03422032489488367	0.409941163165985
0.08850696218138973	0.29497839569443707
0.041303539698799165	0.6229303366135482
0.05932311940397154	0.31937554458196205
0.05297245138320564	0.2094360585497558
0.038663282653573376	0.17228346899025243
0.06977257281694059	0.2163001673017544
0.04791808175107221	0.17606545215811215
0.0476926941389093	0.23964461658883737
0.03726951010134758	0.17487358309159373
0.03928063584094973	0.36540683863320883
0.03950699484233452	0.22966579199595852
0.057552746675031186	0.3011431304874678
0.039988111524318685	0.2639221106171768
0.05200172432013647	0.3306295432378505
0.0402615099895942	0.4367410637233955
0.045433553530964496	0.6998926192002781
0.04972709360045236	0.15679278581047548
0.04435828906078069	0.42804697106309086
0.06673505136974912	0.17845607923935677
0.17067018384308696	0.4679505580653739
0.03148444545476834	0.28656077964857324
0.03466833699320881	0.5510746600552813
0.03902491929434175	0.6026191239389593
0.0458096866102504	0.23506622461575943
0.0635891715464623	0.1805627679222416
0.05188089239872674	0.2582799020746141
0.03276098499956466	0.1785439527945674
0.05039023092436764	0.25058971801757257
0.05148033055846865	0.21146774500033247
0.049042275706167614	0.25563956525859144
0.14365807777236297	0.20186509550379814
0.050607626534577795	0.16356324559027585
0.047684305010427426	0.20736414445256884
0.034133396453022095	0.22209483879920142
0.03338581978400029	0.25513726602651604
0.038532116433049546	0.1793898413050413
0.035226974619619426	0.20762307728114102
0.03566538305619207	0.1663289353191478
0.03240958456262167	0.2538048128451448
0.08300683953339018	0.21224856298628655
0.04702586989446771	0.21084801184118487
0.030574905578522552	0.4144753741694455
0.05074935337663119	0.18289874690777186
0.039362215990885345	0.2535436225965158
0.043007226099445586	0.19024789986648427
0.058156614350259074	0.4705594360608887
0.05841374942136991	0.20503738879354252
0.031225314701096626	0.3860153509026677
0.047077307020207404	0.13303073222452172
0.04064044439573463	0.2894533614420985
0.0346142347479397	0.5025155522036562
0.04981695090682318	0.5485978007116291
0.0501745215464199	0.16740799526377909
0.03357620104796303	0.4732744749867715
0.033501461067667895	0.27271014066426713
0.03339487341940167	0.4220549366539127
0.05641675122801037	0.16073017192005798
0.17204807398921987	0.336853834428282
0.051418964806979	0.1371892666260608
0.03310814038706472	0.23713947550677736
0.04192031541323707	0.1576144673915183
0.03039383078664137	0.3551140801651661
0.05142832526465571	0.1699827000688821
0.10721185904609151	0.27370713994315793
0.0398405145806719	0.1893007464867192
0.05644010711117993	0.26648333904652993
0.06677773442436798	0.18735800425086602
0.05144379499172023	0.2550641782822955
0.04414063445639614	0.2079848190963541
0.04233891918963951	0.31169386999081206
0.034257819761109164	0.3632938640516847
0.04269040083090267	0.19824356958152345
0.03814062028686622	0.22694526753696445
0.03958684503780585	0.2567104382189475
0.0333858197840003	0.2033364815096127
0.05573138467631476	0.34256577285879086
0.03153952367206963	0.28523204777542105
0.03459532273121623	0.4275034782052233
0.03502671304129771	0.22594314216554146
0.05536116460257761	0.26768217615732626
0.03560702234042529	0.17285884119285416
0.03957669187545503	0.6097573853885189
0.04796011965890178	0.20798982945803796
0.03352577399867675	0.19916782768566899
0.03276098499956466	0.1773173394115486
0.047077307020207404	0.1267150768806385
0.032832132078420485	0.1787008216116767
0.0338783584539344	0.3248812037993545
0.03415236043115314	0.18104933141605495
0.03318932040087299	0.40907923892690434
0.09362214478177963	0.24978268333803585
0.037429573738296355	0.12902300123279328
0.05050165248645818	0.1635395817317576
0.0332565371448079	0.2613182674086115
0.047991247431575575	0.17364236306859357
0.047077307020207404	0.13303073222452172
0.03148444545476834	0.2875112902553032
0.05411665052961494	0.3618146070011314
0.10804127249332353	0.3233608071158429
0.04472504814036058	0.15005911003321162
0.03727581256649634	0.1748883686616807
0.03347394506408158	0.14233760294158254
0.038731077379777656	0.15354790441901903
0.03485187935965717	0.12330286612845076
0.044449851701126246	0.43423060354635484
0.03713285299263898	0.40433363610750556
0.041713959908271606	0.404200708736551
0.0351241938998502	0.18074405905880475
0.03239113933097154	0.31758544859062754
0.030501786914619182	0.2861007673253576
0.05171633944956724	0.16623134944815612
0.05034801558605715	0.48326030666167485
0.0347080588908804	0.20026900474502504
0.07619714997476501	0.19185231298068503
0.03775527650560609	0.12735049197875298
0.03782178608077273	0.23379536497700634
0.05040482248084056	0.1643598822604664
0.03341823240800197	0.2551500845015997
0.031225314701096626	0.3860153509026677
0.031602723927592676	0.2983997487531373
0.03200341732709737	0.253408591571069
0.042169214899123605	0.13437591371007998
0.04799577648228445	0.21256996936824105
0.03426227680252598	0.4211834660119375
0.06252238697080266	0.18002248025780332
0.03803082719079073	0.15302502989102856
0.03926795489684057	0.14998849976730128
0.0341333964530221	0.21933824586791625
0.03633983909130632	0.24540697343890452
0.03137028299957307	0.24365730558295465
0.034695983793026734	0.42812729945349937
0.04207944820056908	0.18249490228453372
0.047069076462431046	0.1776334552673657
0.04088837718406465	0.29395323110823113
0.03444951673495001	0.2646226244572932
0.033566422634637536	0.25568868848023907
0.03717889628358438	0.3159082621776859
0.047461303425664285	0.13594487540991015
0.03317210424829175	0.251155643589735
0.03575033270442684	0.1725791809458642
0.03684044340014946	0.16720338068313018
0.050550385423529486	0.16339767674923525
0.03891069013017382	0.1736592062951759
0.041239238279836374	0.17895325730849518
0.04913986731034963	0.19388429074113012
0.06358917154646233	0.18016561325645722
0.03222448105284504	0.25817624536546707
0.04117457123328717	0.2297550614450999
0.03870943182954938	0.18623384117104924
0.036927096459009406	0.2642886256655036
0.03944287596387496	0.19171909864501216
0.03322183615954113	0.19898185746132668
0.043596668840423486	0.18234222170705885
0.03522697461961943	0.20680563142833105
0.0341333964530221	0.22283858092028716
0.03522697461961942	0.1412833654526974
0.04000239766722024	0.33832949953468866
0.048052966639482345	0.15375915417739805
0.03566133585261656	0.19984619030956682
0.03349054314649575	0.42462923973708017
0.03330174812313756	0.26347323201336403
0.041386336292748904	0.17265939547207515
0.03996374850342259	0.1337458277404126
0.042356984947280144	0.1885949321433315
0.03868810224025414	0.15477667434440678
0.039674281344313736	0.24559497068825514
0.04472504814036058	0.16678774352081574
0.035599027622835504	0.1689684129023382
0.03984766308226806	0.18920430681271225
0.033510718176489075	0.22545578210925735
0.039543253881059524	0.41110957168961354
0.03502671304129771	0.22594314216554146
0.030655957708012237	0.4127131774047108
0.047906829336911094	0.17604477665020868
0.039365072061940856	0.25355282236896204
0.03566538305619207	0.1663289353191478
0.0333858197840003	0.25512787016701066
0.03370643701545603	0.26441212402448433
0.033032302543555464	0.30978761125728776
0.03034272612928092	0.2939308241707244
0.03555694590913117	0.17356590514587977
0.0332565371448079	0.2613182674086115
0.031933300468142294	0.2896058995863669
0.03738754357059262	0.12450463932005264
0.03879544180667674	0.18785575589037928
0.058115370649192755	0.15995957495702562
0.10188986737040844	0.21064187337495655
0.03375923563070748	0.1690990719335488
0.03416868456706202	0.24090788064810653
0.047077307020207404	0.12650981650408324
0.03477329285360598	0.12396744497367758
0.042152575936472314	0.13437171165566414
0.03342835355915834	0.24716243763778742
0.03127493399663203	0.39536395362527427
0.03321016389961372	0.23555743275476526
0.03714784645600779	0.35640419864892436
0.03498971820020786	0.1683937845900011
0.045254678813042834	0.14067061662721372
0.08421619251226671	0.2729617567774442
0.031966722438640745	0.272869760503291
0.031362185536401715	0.3019642405806814
0.03681284799787472	0.16349937157970157
0.0461090481648332	0.16925048739979365
0.03220123667751472	0.2246834407675248
0.035634442306004904	0.19147835510790304
0.032773178152453314	0.4222432900453705
0.04853648761021091	0.13481879537428174
0.03996374850342259	0.1337458277404126
0.031225314701096626	0.3860153509026677
0.03867402758262742	0.1547484681187631
0.030563483733960856	0.43752193320539723
0.03943651435334555	0.16942254061677745
0.036051476268165066	0.1683352472983513
0.03852366659737781	0.16636169104373652
0.033902660550604855	0.2568211773019214
0.04514660532336205	0.17245400878642825
0.033411034808586385	0.19870601075485175
0.03039383078664137	0.2860848117479944
0.031789832978573115	0.3485493956429403
0.033882835397580434	0.12905000302644448
0.040872707604758016	0.18085886059319295
0.03330174812313756	0.1837710875688805
0.033960326064097594	0.4396678104063159
0.03153952367206963	0.28523204777542105
0.03102116833470867	0.40669848471345366
0.03338581978400029	0.2051828168129813
0.03310814038706473	0.2659012480552933
0.0387711338329893	0.16844062280353128
0.03560702234042529	0.17293251649314262
0.033498189830793126	0.26888088770868324
0.03310170763394987	0.2632587334902517
0.03824682092524524	0.17052995415118413
0.03207509903737531	0.253692228866493
0.045561123174434615	0.16554913241710775
0.03803082719079071	0.1616268119755447
0.03185997979155295	0.25652508684825986
0.035292993404669674	0.1797340334034135
0.03045013235453905	0.2853444848937366
0.03725462860246062	0.1265472262076071
0.03573616558788045	0.13433648254715694
0.043376035441921035	0.141985472530557
0.033719341453769563	0.16681850492279685
0.038850035575722044	0.16856165233050194
0.0334956458635252	0.22569219651138864
0.033644432102822384	0.21721657859330107
0.045713282502332774	0.2689001081748843
0.08774622993605906	0.14061882567082828
0.031353139254918984	0.2620694619928971
0.032836613223141006	0.1689382606012909
0.03310814038706472	0.23713947550677736
0.04103668104249795	0.2665261851978806
0.03227180258875507	0.24955838198524596
0.04135578277096185	0.1726705521343491
0.03122231564688963	0.26384468952498297
0.03278343343124177	0.36737493795632087
0.04709269881362079	0.1297282215510249
0.04707428085029748	0.13335936397748022
0.03534509757173602	0.17614817476975084
0.03039383078664137	0.3551140801651661
0.03267765659520789	0.18725760876764186
0.03152889198571034	0.47706306266461707
0.03392921398037462	0.17235644348865878
0.045989154396167874	0.13135126193184346
0.04536075689993872	0.16265997778089855
0.030366089660556785	0.35495878909787204
0.05143737600108407	0.13721382664393975
0.03219922683283949	0.2934401396348328
0.03260317910653013	0.2627981811628728
0.04735130725150645	0.13060977556365785
0.0356315348429573	0.4346813444762741
0.030574905578522552	0.3999546802502057
0.04649074726780631	0.1173910088654095
0.03271877665993289	0.2651722196526867
0.032605490993264645	0.23558387790687693
0.03433942030688495	0.40810342701908786
0.03875752636705792	0.17261352858836637
0.03212009110165928	0.2732053073764818
0.03453372948650157	0.1485776648611068
0.03764333613324017	0.2131906369217976
0.05683883166879363	0.15884134984016696
0.11287058957429916	0.28529313934665
0.03179144862002741	0.34872918852937523
0.030393830786641374	0.3846476994140782
0.03350205174949314	0.17599715163876192
0.0353682156403948	0.17389787369452675
0.0376127416338656	0.14940684294538567
0.03039383078664137	0.3551140801651661
0.031172714089859384	0.2744071041272379
0.035017736741226387	0.1794271297549504
0.037663536404182095	0.1869847560422553
0.041353329093654814	0.1742793946649985
0.033179079839729335	0.20076622365435629
0.03070908751826848	0.2757844461413858
0.038601624870901116	0.12146361522260223
0.045848608183749286	0.1320019542311073
0.03478197113702129	0.14782165509715622
0.03195945222695238	0.2514073491380206
0.034001663506316955	0.14305791308419458
0.045989154396167874	0.15561045856267686
0.03349004292966153	0.15757374813741912
0.053601121726878094	0.16087715974489342
0.03347394506408158	0.14233760294158254
0.03148444545476834	0.2875112902553032
0.033243427696509724	0.16000554229774272
0.044998444961503126	0.13792184609170163
0.032161521397473684	0.2720643869201647
0.0322072500156405	0.23464383060003435
0.04598915439616787	0.13136403154852844
0.034851879359657174	0.12329153262146735
0.03323776158072413	0.2093747306445787
0.03550364498756995	0.1392051766503337
0.03996972203048258	0.19774590355725996
0.06423079756429179	0.2186169371199443
0.031907244458221753	0.2969024993153831
0.03204023316001134	0.2597333510833774
0.03343981193917274	0.14423357052882887
0.034920985355674304	0.151337821183836
0.03348886775760984	0.1423278838706222
0.052249941204419344	0.12968304019593657
0.03973137157625475	0.1280386981955359
0.03288209453996847	0.17671932618962832
0.03074353715309981	0.2903772796489566
0.03148444545476834	0.28656077964857324
0.034868806714711306	0.12333721935970457
0.040430405631975676	0.26402458997160744
0.039758712255196046	0.1250502141052764
0.044571332422047284	0.13102595660565666
0.030366089660556796	0.3701561348319033
0.03050178691461918	0.3319718561287349
0.03376493434324617	0.17237880681417228
0.03387697316457317	0.14057482576291846
0.03276098499956467	0.17831983499598944
0.030367851281326685	0.28277574697179886
0.03466052054197236	0.14639198617244165
0.03130121446027487	0.1996530802616682
0.03579815738720707	0.12404862921787749
0.033846944231075274	0.26060873115381256
0.03305994357947549	0.16495981574861385
0.03344061978486155	0.17942589732869102
0.15941475080959952	0.3748607227068026
0.05381295741696368	0.1416631572590417
0.034990636909021995	0.18136221233783695
0.030619463726852723	0.20016531872249313
0.03143619386157296	0.2434193106742361
0.03736206969577451	0.14678934871072694
0.03414069382014514	0.16157026564059296
0.03193760634011872	0.313334401541187
0.03764941003239479	0.16638687821389198
0.03039383078664136	0.29901131928509067
0.03538510448589628	0.2098461061538003
0.031626992266663254	0.28114217064478864
0.03477329285360598	0.12396744497367758
0.031518547163635294	0.286715931923211
0.03573616558788045	0.134221193137553
0.033606963424644025	0.17181168505560113
0.036653437512578026	0.16677835131461466
0.03486635446538943	0.17312778682309177
0.031037961119428883	0.434414163290243
0.039467390058368856	0.1332009714799756
0.03415236043115314	0.18104933141605495
0.03926795489684057	0.14998849976730128
0.035091083615134175	0.16162343355358877
0.035531991030570545	0.30025297386612926
0.030414510504259102	0.29104946725737807
0.03143631202758182	0.3085503233715695
0.03430638903764329	0.168818833649105
0.03475386453081009	0.34380521311411544
0.03238932070393677	0.16858819385253676
0.031029363564316237	0.38567402233352394
0.0347260982414569	0.1940090038238777
0.037918538433565754	0.1770187546298402
0.03403893802340618	0.3002397790685174
0.038485037985702346	0.2089906755277247
0.03113646921339089	0.21773409037851885
0.030776142713716006	0.32360997081090187
0.034878278591298995	0.12416298467276919
0.03605042175264159	0.18149673712329295
0.03129383416876912	0.2837383575433879
0.030338968419745215	0.29343798738771115
0.03148444545476835	0.24108017920451705
0.049722657662534	0.15030275230421725
0.034013612293982344	0.2251561196235253
0.03046316843708758	0.28778090700150394
0.0313621855364017	0.2831453788274662
0.03220725001564051	0.2500586418200878
0.03378460166428829	0.17206979155111934
0.03262324445532739	0.21259240299186336
0.03478197113702129	0.14777852429086277
0.033719344351010413	0.175635664199498
0.030393830786641367	0.33217072409059706
0.03153952367206962	0.300228615005635
0.03306627386808579	0.1649038139792157
0.03477457356681911	0.12398374282557427
0.03055730221048623	0.3457470773346399
0.038935532448235506	0.2726308937160075
0.046258687719675125	0.16904594932828795
0.06424087209504936	0.21425750629198712
0.03477329285360598	0.12396744497367758
0.03137028299957307	0.2234010338105202
0.030765580368873835	0.24658066363895495
0.030351345600274932	0.32280575337098977
0.0326899838794285	0.21725012908260571
0.035354822879340816	0.29934612148644374
0.03305994357947549	0.15859643539009868
0.03381997632805444	0.16046947136484446
0.040754190812032964	0.27501799420397965
0.05817591914768638	0.21390721489802958
0.03439251893023877	0.21896132679060995
0.03152493847904271	0.2867168260080841
0.03148588586094505	0.24478228807200156
0.03039237760080766	0.35510559012896836
0.031740908550685606	0.2764453833426604
0.03185534284251374	0.2749656027212909
0.030384593798872355	0.35505919076801623
0.030370675978018	0.3845379579603214
0.03147325662423566	0.2711565328862324
0.03168742073729779	0.30087236575675924
0.030891500795924128	0.35711165380138754
0.03039383078664137	0.3551140801651661
0.03185997979155295	0.25652508684825986
0.032003417327097376	0.2479549322712689
0.03370220435332503	0.13594139156542012
0.035506211588269256	0.14933623071681135
0.03331735326343927	0.1659009447520415
0.03148444545476834	0.2648725364668237
0.034674601270270125	0.13148886675541344
0.030280913720654137	0.42535646439868746
0.033746280053830145	0.14217375195238266
0.03043074441431028	0.28546450831053194
0.033889256672370714	0.12440215251391595
0.03540715113859173	0.15970800617083608
0.03032431993374931	0.38500431174559957
0.034445303592767325	0.173036487512829
0.03028791144043103	0.34015737609669333
0.0350026603557415	0.14573825798815265
0.035398866521320474	0.12520709957306791
0.03127863099640937	0.28366941742747304
0.03391917101835547	0.2770204713175312
0.046074929858876026	0.29109940409731627
0.03725123943993616	0.1364809698610907
0.03039383078664137	0.2860848117479944
0.030576183733989317	0.32726117630276097
0.04663737973114945	0.3193106758881249
0.03123161992523563	0.26390466971249293
0.03153838751609103	0.28671192946095575
0.03039383078664137	0.3551140801651661
0.031522052616088765	0.2970966585423082
0.03374624653301972	0.16612440581853108
0.03325537169340017	0.31257305508307015
0.032760984999564674	0.1677929331650132
0.03227180258875507	0.24955838198524596
0.03379489800509451	0.1441563272295055
0.03501948125350496	0.19079121920633463
0.030380053083426357	0.25436795400386586
0.035998515487450256	0.13221350445925453
0.030390968487371252	0.3166162036177967
0.03036570500198742	0.31707843773318045
0.03597817396645751	0.16776046765643074
0.03263324152390021	0.2097446579826088
0.03340190732934101	0.28462456894330473
0.03621679043315621	0.15319320561494748
0.033787543303988594	0.12889229696440796
0.03341893066312439	0.17883185539432636
0.03153065998574669	0.16535621848335713
0.030511748788606043	0.2995908581204651
0.03037604513044647	0.29349874335389176
0.03329280428744458	0.15295408256015572
0.031161066135228784	0.29221531189603145
0.03233574566771748	0.25621028197201345
0.03348886775760984	0.1423278838706222
0.03129383416876912	0.2837383575433879
0.0327594614493775	0.18704962360289445
0.03517241804100849	0.16547863385787556
0.030563483733960853	0.43159695008360965
0.030408885473112348	0.2869361053117334
0.032321493894822875	0.20179777983543867
0.035463281981466685	0.12314840275950087
0.03440141485068953	0.2709826035631493
0.051463503176136745	0.12715414500696595
0.046934810568801125	0.12894853341764065
0.03506608467944183	0.18206177939255536
0.03034287997781649	0.286178487078576
0.0339008817387768	0.13951106406753455
0.03276098499956465	0.16780191968473437
0.031222315646889622	0.26383007803230374
0.06968632983382124	0.3107665129283345
0.042907463462060945	0.22713934333657845
0.030458854514960734	0.2772750010070199
0.030380541384721748	0.2543953614531726
0.0355371986734122	0.13879292766682272
0.03507095681188539	0.2515976162755182
0.03480099618579994	0.16411962858262832
0.030367851281326685	0.27567099092019437
0.031326827976610766	0.3597500288400945
0.03542434592254631	0.17116782006539394
0.03584544432037877	0.12320040394805143
0.03683829102275595	0.2061551501015779
0.030619463726852723	0.20493041390422784
0.03510748245738761	0.20313809826569082
0.03885442958195937	0.32804719802545557
0.031425399630963954	0.19789080131102996
0.03120800050389912	0.26455152367548346
0.032222372128108065	0.23411033050162916
0.03207010860844961	0.24372348455436543
0.031419611150158434	0.2377990868045821
0.03027410834549528	0.3091943711433954
0.0328885118214814	0.2990949332727915
0.033503833463385944	0.17148489045579596
0.03519552284154352	0.16042102487109694
0.030340801442397623	0.22975264769154732
0.03435904720579155	0.1559914668741813
0.032592545065541156	0.28753319872165783
0.031283869181313	0.2748959470380602
0.03298276939090263	0.15914017288947388
0.03403189949534961	0.1431868954064723
0.0334732969143209	0.1451519935569791
0.03528735403146099	0.13300428528506222
0.030395587278787224	0.28775447670679005
0.0310527271003587	0.3037064925941878
0.033499909942283086	0.32217950134386664
0.030339679543246706	0.29595609329800976
0.03859803801231075	0.12724150309492266
0.030344779780908927	0.2744120381145337
0.03824158862260347	0.26730606213189284
0.035056691550195876	0.27589009632754347
0.03256388422130565	0.16963894021837186
0.03051542572376138	0.3181983588970661
0.03274720059096663	0.16775283365470553
0.033160435179216144	0.17828177371378437
0.031049858049546724	0.21948409770264482
0.03376260914177646	0.1548800157462615
0.03049803657977817	0.26615128604012883
0.03039383078664137	0.29958201226230924
0.03276098499956467	0.17687005933431046
0.031269653701682644	0.26975848493058807
0.03326166023077152	0.15555501475169198
0.03376641071280192	0.2465387528051048
0.03268192357507796	0.12022916082600345
0.0414987447182314	0.1716108020912184
0.030370450090188093	0.2684802584431695
0.03448318970666409	0.12114889056683645
0.030327994484331877	0.2870632862495508
0.030526180246890213	0.28678429760451046
0.03568652461954206	0.11813641431176337
0.03931186918759078	0.11929908160465388
0.030619463726852723	0.19623325859217342
0.03050178691461918	0.2812242821592232
0.032594725935187856	0.1582189654483204
0.0344064150039019	0.1967429659617162
0.033518818149172826	0.14208008337556172
0.030363777473508415	0.29128532168901405
0.08703377113998227	0.2691673379908276
0.05238092364180198	0.17299709907749397
0.03572720161027697	0.14145676784127548
0.03331786381941931	0.16222823203053918
0.03061557086050294	0.20117631361875393
0.038977770985563404	0.1756872716465801
0.030385576483218397	0.26127307332597227
0.030380053083426357	0.25436795400386586
0.03276098499956467	0.16768660544344247
0.031222315646889626	0.26401795360151437
0.030440017331617792	0.35840060861905154
0.030342223227128463	0.28124832924606946
0.03484477624056295	0.3041495956995636
0.04937184350306863	0.15397982377385214
0.03612769166276062	0.1382937871927861
0.030772532383454107	0.19827538121960644
0.030448928180062146	0.35195709111149054
0.033501367953689576	0.18007840157035412
0.03336017202608402	0.15234594479865113
0.030324319933749302	0.383654169098325
0.03305988621520988	0.13455815425795037
0.0334738387423145	0.17432601331422223
0.06360267888011785	0.31170379594821174
0.03137028299957307	0.24365730558295465
0.03223348319135836	0.16814197336127673
0.03773536836617981	0.293968780989082
0.04211229279327997	0.2640123110696663
0.05106375261368268	0.15015614344393013
0.0347298955014514	0.1465981325701057
0.034743628815120504	0.12376491744628719
0.034559075124003566	0.1387197965640247
0.03242726933953777	0.21479659560738265
0.032890287055725734	0.1759825147942009
0.03276337363624523	0.16830530974738944
0.03238932070393676	0.1508688757442822
0.0337875433039886	0.1435034093338176
0.03029178670037112	0.44051396445200364
0.03525400359460945	0.12297141293060872
0.033065143437183905	0.1494050799886872
0.03275757211500811	0.17685520724835674
0.03376548913886236	0.1545421534517915
0.030342223227128463	0.28124832924606946
0.030622521487021773	0.2049195425117394
0.030778696861383462	0.1982865295231365
0.03268192357507796	0.12219153641272117
0.030646514236063686	0.29406019680734385
0.03274720059096663	0.16775283365470553
0.030629414179178974	0.31141573219238305
0.031388477627127244	0.17950088194432065
0.03345447973839883	0.16036950880350395
0.03447437095117399	0.12113339764370015
0.03027715685357975	0.2949461619822036
0.034698533418666216	0.1270345486330583
0.03271780709272028	0.17007879994214348
0.030761635616816073	0.24735328169224366
0.038964477789772946	0.1295742931131997
0.03041378479432378	0.2912720717750631
0.03141961115015843	0.23726085121049761
0.030291786700371127	0.2589422933462123
0.0308982899036138	0.4166818260012558
0.033641538337253564	0.12690802670432028
0.03319064270526579	0.16896189067107423
0.040495904380115764	0.22647059807802705
0.035589002087522005	0.3192323052706256
0.030744500875764205	0.22769224622788187
0.033436624291308295	0.1599001675954361
0.03036780927758418	0.25829973913537524
0.04015803054938934	0.3341748091412433
0.03238932070393677	0.16916535745191055
0.03584544432037877	0.12379361311075741
0.06281135737056294	0.18980359768204888
0.042768437542344176	0.23008945377884835
0.04523243876615327	0.2576691876774747
0.04039947646071275	0.1662534060368416
0.03415596718690062	0.26267568462589475
0.030359675967778915	0.22756007107805337
0.030656544835533855	0.2072765354274472
0.03493841338777942	0.12194789027436001
0.03030254747230311	0.2524434553261604
0.030377297402145176	0.3039393446097813
0.0339967007231418	0.14304747253099578
0.030619463726852723	0.1811080394057768
0.0345567122108709	0.1355756391432277
0.03104260246620497	0.19294035823312275
0.03073336318125617	0.27209910927595254
0.03681291390495737	0.23168306691163654
0.0313575290415308	0.28297490564906636
0.035508367249444575	0.17353275593168427
0.03603867609941321	0.11706644146653496
0.033483538005864205	0.15167897829975507
0.030175067775892843	0.3380528785805648
0.03503211675363112	0.13185533173773054
0.033333860512954845	0.1219605064043876
0.03417837059287045	0.14553587522303962
0.03951906652206653	0.11731182618807863
0.03035134560027493	0.2858984586843591
0.033992349213998886	0.14303831733158406
0.03576921861034117	0.15321054599143866
0.030689151353539588	0.2903731474539099
0.03374244648056277	0.14382672059336313
0.03568652461954206	0.11808314214683435
0.03600574222642577	0.1161066394578264
0.037317185126474174	0.13758131614341662
0.03066326244315784	0.3181514256939605
0.03343981193917274	0.14423357052882887
0.033439074607360265	0.14372104786274423
0.03499540387979476	0.1405597680636092
0.03291296338898566	0.16272478140560756
0.033741478573776955	0.160566083051241
0.03481279530134661	0.1240378412673446
0.031419611150158434	0.2377990868045821
0.03348886775760983	0.14241884699105695
0.030380053083426367	0.25419967023637063
0.041700909728484954	0.18679951918699378
0.05389758711095963	0.1321019275352793
0.03391714413363088	0.12220242249730473
0.03686801388199407	0.12898599311780257
0.03276098499956467	0.1868523323876568
0.03347394506408158	0.14233760294158254
0.04344825755739603	0.28180016906704786
0.04496860959352325	0.13976464995857146
0.034404066305967713	0.12713267732470693
0.03322363621199365	0.15590131849848649
0.03034325804493492	0.3175466190801272
0.03032431993374931	0.3878995794798514
0.03467446999544758	0.13138473559827865
0.0306192190261587	0.19637442851214693
0.041699997073392205	0.17359096245607888
0.0529754943976674	0.3618959383221908
0.05317142160247249	0.24423984788251216
0.04963894594751127	0.12104924945979338
0.03477145206948576	0.14687032199128702
0.030668568671111937	0.14128339980616936
0.033382076321379156	0.12182171791541394
0.030850779296875016	0.2314241804703794
0.036560011298736816	0.11982057991772642
0.030624175439765637	0.20009431358717836
0.030362658918214824	0.2956442017501407
0.03422854121146304	0.12432414889687159
0.05664569740212828	0.1291845808464514
0.037952433819320695	0.21204465081801616
0.034773292853605975	0.12529178023338844
0.03034776285511338	0.29909180684424913
0.03223042577960266	0.1681339981545903
0.03223466505257942	0.2801319440603358
0.03392535345094801	0.12206686485851634
0.03305994357947549	0.15859643539009868
0.030396883820641436	0.28261975090415786
0.03327734197436961	0.132970796684485
0.0306835771923648	0.15042347884799828
0.034810226542788106	0.1575052887733517
0.03386885609576176	0.15865784865051816
0.03485187935965716	0.12322230836460878
0.03033564791765955	0.25473224802112643
0.031349343548206614	0.19358901261547803
0.032362672256978135	0.23239122657768174
0.037201340467129425	0.1564111950226865
0.03853050802988675	0.1581762364393793
0.030289004621181802	0.2150767189174163
0.0356568827757287	0.15532969551909473
0.03317482457276464	0.2789227906866988
0.03168114116237593	0.15698033089960073
0.03158223289724325	0.34427946807978377
0.03256388422130564	0.17005032895061234
0.030874333467611235	0.33100921089599705
0.030958741926494896	0.2527634700682211
0.035402597650407826	0.18282441590276527
0.03415803690663281	0.13397664706296092
0.03131355243715629	0.15463463924282994
0.033517323135833985	0.14379841297030882
0.03440406630596772	0.12847428908481853
0.03052735423734247	0.18980250778956034
0.03291880415798332	0.22029781279264418
0.030409307074402286	0.28808516066474266
0.04173737534008535	0.17445722387209814
0.031197216800615192	0.18310819171484108
0.03241633705068018	0.168991757512147
0.0354638822379227	0.22662955810250512
0.03389214528885107	0.1396642440581314
0.030416833631107674	0.28135504095589275
0.03036785128132667	0.275935084090746
0.042949556169703314	0.3304372226656031
0.04201293408793732	0.3917986434756954
0.03135285902190057	0.18809884687261466
0.03278514950675573	0.3121874526799671
0.03305988621520988	0.13455815425795037
0.03188563749074093	0.3947563574369531
0.034292101791882454	0.1451177515855896
0.03413037329530038	0.12626697261857003
0.030820960474683252	0.19058956905600005
0.03079651196302808	0.26943691145775606
0.03611029646639449	0.12329627591419523
0.04200135441505892	0.3913028136315461
0.030500288537149766	0.262337713754402
0.033065143437183905	0.1494050799886872
0.033021668980080285	0.14270646574831966
0.03198039554199103	0.17448465328492455
0.04615536138312554	0.2130856170715106
0.05803338437540209	0.17592984682132473
0.038655289581949054	0.12148721238841345
0.03268701326928966	0.18702388753473406
0.030564069774116367	0.2452074395442891
0.030342223227128467	0.4942537194508027
0.03324534978557545	0.12300939175261684
0.0361755702971098	0.1610049038342909
0.03784767878597627	0.11687013871984166
0.03531724161079824	0.13195761339770323
0.03714682570071703	0.11915256140600841
0.034615136090051284	0.13768901786782975
0.04790718806789409	0.32256320899604235
0.04775303403382392	0.11117823839060524
0.03743725814890337	0.11961745642317617
0.03082073290786558	0.27655773845277265
0.03559938298000359	0.1451531696104265
0.031147554177006282	0.2821003091171072
0.03469853341866621	0.12603416849052937
0.03485187935965717	0.12436134951746546
0.032695052743894684	0.2588477134774465
0.03035257574037047	0.2947801084707351
0.03104260246620496	0.18031225744087492
0.030648108567461637	0.2918934517962748
0.040045622465316726	0.20893419695244939
0.03172032722811022	0.26319473744332433
0.0350054611498256	0.1454877627129564
0.03197632079512913	0.3139252292789377
0.03547282345801572	0.12190928814732128
0.03332164988534279	0.12197117417768669
0.03469782339106127	0.11682583168199723
0.03279187452817558	0.19487750891469333
0.03316870582610321	0.11865695283616429
0.03416448124949506	0.1803767938353211
0.030754256298737206	0.2006408137206022
0.03712559230889359	0.12075723644148131
0.0306835771923648	0.15042347884799828
0.030432329978628707	0.2686540361899955
0.037057114718464325	0.11652540548146234
0.037446546534356175	0.12476539401859642
0.03032695166954497	0.276349487384031
0.030259401358903197	0.25579488359530195
0.030291786700371123	0.2445152270291051
0.03034287997781649	0.29735214280491273
0.03283962517678575	0.13385223166358898
0.03226161816777873	0.20925759686183734
0.030820960474683252	0.19058956905600005
0.030301796148253655	0.3835116351454088
0.033428791665464856	0.27624731929621843
0.03273449784805513	0.1444563886641151
0.033821753503006056	0.12167420472325884
0.036822506365018715	0.13730137623511052
0.030225138899520703	0.41172260690297796
0.0303704500901881	0.2780318570301771
0.032681528903246	0.12220269726180645
0.03038005308342636	0.260634523220257
0.03039867076883809	0.3103286081076341
0.030577984042870363	0.2485298903975084
0.031149668694606194	0.17575255111360913
0.030340801442397623	0.23200146462108628
0.03268192357507796	0.1077906431790463
0.030381243668405365	0.2957236047110467
0.03024835926504004	0.44517938980127236
0.03077979229002511	0.446795914101743
0.030367851281326685	0.2748921094265063
0.035580994942858414	0.15999045120588531
0.03029165862624281	0.24069597065691217
0.030649578566244475	0.30473270374642825
0.031243880583659487	0.35581369179130773
0.037548372418732594	0.1173578892862985
0.03395647086908008	0.11425451513286979
0.03238309491987654	0.2150894097391901
0.039256002590820745	0.12144405037062221
0.05704104013449244	0.30775648934693633
0.03277390425610457	0.16323282355813343
0.03319148965059017	0.15516392249114894
0.0306835771923648	0.15042347884799828
0.03459239240096533	0.1232391247148613
0.03951906652206653	0.11731182618807863
0.03029178670037112	0.46235995364562815
0.03326348890172004	0.12303112533767403
0.03273550294875435	0.16770061030756353
0.03329807418919284	0.1330122123226079
0.030945896423035267	0.19801574852146314
0.036023080549968244	0.16607714011472796
0.03025531383295113	0.27917289187800454
0.04826810473963674	0.32456297251096566
0.0867669043805926	0.13194270898053517
0.034854266740004684	0.1380475639741385
0.030979405937801092	0.17170631632131755
0.03326317119490898	0.12323794075617313
0.031251809066282756	0.207048792737531
0.033053615412354055	0.12233225727038084
0.030335647917659553	0.25474711922265714
0.03061921902615869	0.19443191541857688
0.03035434941731947	0.26493154224678134
0.03500923443351742	0.11768698824099427
0.037847678785976266	0.12672856083988823
0.0303372331498097	0.2683869775468789
0.031014686813475606	0.2515455070636651
0.051824084799307855	0.27124887427866334
0.042050249087969664	0.18559669441169488
0.03469782339106127	0.113463861049181
0.03743725814890337	0.1152253790274823
0.030359675967778908	0.2233733726629469
0.030302547472303105	0.24852069387332837
0.03350090963146614	0.12157326438874777
0.03515446841574298	0.304939210864567
0.034797106080610776	0.12170102961683714
0.033140791968802645	0.16328706468261997
0.031015960599920574	0.3081271503496422
0.03645058056553336	0.15774216919713036
0.03291803517301279	0.15733899205906746
0.033381016536099976	0.19056652392288156
0.058438420198074256	0.29823390900335456
0.04289083459410576	0.15809492488086652
0.03305988621520988	0.1330658878462827
0.03392535345094802	0.12341152999075979
0.030656544835533855	0.2072484740178802
0.03391714413363088	0.12221508284466509
0.032260700730028666	0.16815796194711954
0.030359773086632284	0.2615639550316828
0.03274720059096664	0.16764754466526188
0.03306797874708076	0.16869310423672976
0.030917530865526097	0.23767137074229328
0.03637009291213823	0.13709154116420988
0.03714682570071703	0.11915256140600841
0.031064264641031798	0.18870338951851623
0.03449422081463435	0.2516831847632127
0.036164368985703736	0.1187134887997153
0.03216972128187511	0.17057775870766162
0.03338814037127825	0.18158488251925628
0.03838692850227406	0.15157231339523233
0.03690643747298138	0.13955780960602301
0.034459925454494375	0.20104442659092223
0.03548280853616075	0.14015852004281226
0.03568549054055373	0.11813704954216686
0.03290612453951256	0.16331523137449858
0.033382076321379156	0.1200299429895061
0.03062063420177417	0.16657871573856717
0.03218224692703962	0.20522346231308483
0.03616783037907855	0.16978165172031556
0.031112328171542587	0.18039128271430846
0.03246684255798876	0.1959482134895869
0.031992394183804375	0.17446069721304977
0.03227555880715586	0.16816663501307463
0.030378666721209056	0.26708678518167756
0.031081200524066058	0.25976297387994923
0.034479224084749675	0.12588659228752638
0.03471690034537524	0.12256750272594005
0.03196956441932416	0.172983017188182
0.030619463726852723	0.20493041390422784
0.03404405612496111	0.11986358610533498
0.030919053119804737	0.14536332634584892
0.03080785270952867	0.18824684874493544
0.035543600356369554	0.12328443644088731
0.030825160066278827	0.19667408660026636
0.03532625637721762	0.12228994442747242
0.03395647086908009	0.11785203004292404
0.030380753790662244	0.22301770204590285
0.04186258276195879	0.31935031904022676
0.042854171107132924	0.2204753990855356
0.032773904256104575	0.14324216254260036
0.03379424571762985	0.12365189417482861
0.03286622721306832	0.11898733471450221
0.030752777771299346	0.20325900694136745
0.04030512911348221	0.12555831957939126
0.03545446894618416	0.2236193262602714
0.03086952640345312	0.18785805014384216
0.030891165574066296	0.1910095930870266
0.048927137915203256	0.1947285391161317
0.04457300683643457	0.1126248817867641
0.03681651583403287	0.2832665298337209
0.039583356472470806	0.16174040209455376
0.030739041965636954	0.1501844777158949
0.05004770210865636	0.15714725302541066
0.030820960474683256	0.1779943038678774
0.03104260246620496	0.22191392064709492
0.03391520444407615	0.12207466154993407
0.030799111138727603	0.19834935404129006
0.030904728520743576	0.1805289661397686
0.03429538095103048	0.16290021650846598
0.03298276939090263	0.15914017288947388
0.03104260246620496	0.18031225744087492
0.030668568671111937	0.14128339980616936
0.030273276155879346	0.2294968296437617
0.030650684446629318	0.17048702371479726
0.030577984042870363	0.2485298903975084
0.030604200709467486	0.19316338732655897
0.033330417303563814	0.12158117867349827
0.03269595531470758	0.15939465053723156
0.03199198295876091	0.17265044881010952
0.033246495618065766	0.12098410934724056
0.03136906599439455	0.2026229339190922
0.030775405749893833	0.19043385277384847
0.03044129414876821	0.2713019865607452
0.03323500308099945	0.15900485039222104
0.035212882363553424	0.15804131733492927
0.030348479421821135	0.37328592391578924
0.0401422396565194	0.1188143145480122
0.034797106080610776	0.121345083004792
0.03703853388001774	0.12416334663899661
0.03481465124783246	0.12126684912420498
0.030440063041691383	0.24750368550310162
0.03094941573726223	0.18147984539499365
0.030620648663470366	0.20276677183038327
0.033909358812683275	0.12204963647319107
0.03298350295838101	0.15913909941510143
0.030683582713320137	0.15042477427901516
0.030624207729723657	0.2135975429444019
0.03029165862624281	0.24084133528614074
0.030330377789622703	0.2545329461720259
0.03474485072524918	0.11814453277376084
0.030702764604664177	0.19615673837072056
0.046825405965706106	0.16763872883943753
0.06499798969642168	0.30103703807690607
0.034478872425353024	0.12098354898935695
0.030380053083426367	0.25419967023637063
0.04627082679698601	0.24336545771543833
0.05958609861098366	0.12287025762833469
0.03074010652364748	0.18569924902611232
0.03391714413363088	0.1426705376717401
0.030744501304094115	0.1488056548079244
0.03904802120059129	0.11767500098571475
0.03345859430477821	0.12110462159041532
0.03306937576537781	0.11956571827799704
0.030626241205761375	0.2004233740267603
0.032663102306233795	0.12256473735789757
0.03063490132492351	0.19328846777033812
0.03024546744776264	0.2892155386706833
0.03470109332654402	0.10794611431289826
0.03951906652206653	0.1271219441360598
0.03311873462944551	0.11886796859160527
0.03054128333254248	0.19840328115986264
0.03297670575888228	0.13302078269861303
0.030280913720654137	0.42535646439868746
0.03025732596964588	0.2150941058260373
0.03245625019636334	0.3180002890702529
0.03379132187109621	0.12007782416152309
0.03024546744776264	0.2892155386706833
0.035697877302210385	0.11851547019947405
0.032183948915935276	0.1700445137504657
0.030572013539342	0.4100197341875955
0.030289760362375788	0.24083457594720956
0.030437810599820807	0.2549376824782493
0.03228070056652992	0.1863349541846282
0.030973466462512506	0.1761922624004247
0.03039437776907627	0.17469786857167552
0.03067880675222517	0.1504117837589818
0.030903156365085328	0.18052437422772258
0.045646337946348835	0.2259770543384706
0.053160894551957875	0.2371350247569288
0.030414743212734616	0.22168814092524025
0.0309392638501704	0.17666184129812165
0.03729935519789963	0.11583484352576127
0.035692465865043155	0.12236229686051803
0.03029178670037112	0.21521676461251504
0.03326348890172004	0.11983546303754061
0.0400444864788295	0.1471218370467571
0.03052010078177986	0.24523329796901042
0.03707869777229525	0.14228652648269707
0.03309546119486405	0.11984422531984505
0.03021200624793752	0.2510969483800239
0.030758600889545924	0.24940671571725126
0.030586232048226445	0.22637245664127847
0.03025531383295113	0.27917289187800454
0.032736971056279686	0.12076246604338134
0.03075619860168127	0.20634696076595863
0.03025619296860301	0.2438179986613701
0.033139692436578966	0.11900811392441835
0.033897024700918904	0.18122195999698398
0.030589227555587115	0.19051233170053228
0.030654831027695943	0.20109310627663143
0.03276903551721082	0.1607871955657003
0.0319230157884036	0.16515332555805107
0.03248286600707669	0.17870738181995477
0.031085383992246238	0.19487624858638683
0.03029178670037112	0.4254250632669209
0.03339842694251993	0.12211782288965271
0.030291658626242807	0.24639628103509673
0.030683577192364805	0.150385146874024
0.03024835926504004	0.39852019806976513
0.030290528936529407	0.44391065127251667
0.030291786700371123	0.24255442652438958
0.03395647086908008	0.11425451513286979
0.030668568671111937	0.14128339980616936
0.030380753790662244	0.22301770204590285
0.0306835771923648	0.15042347884799828
0.036560011298736816	0.11982057991772642
0.03283962517678575	0.13385223166358898
0.035279529874235604	0.12074360423286173
0.03310061339038597	0.11576224332373757
0.034249077091894474	0.11410068895830365
0.03031522671139794	0.4386223276149345
0.03286303130555064	0.1687709769626487
0.03383490321891511	0.13645978725337246
0.03472328547479735	0.15710840527096573
0.03112685557099733	0.1782697853945044
0.033032662461835824	0.14390180430555932
0.030254335788657726	0.25026530835033556
0.030669237067592503	0.14126977311546887
0.03025531383295113	0.27917289187800454
0.03291803517301279	0.15733899205906746
0.031067487772831925	0.14870700810717255
0.030818075597687147	0.1751905561540978
0.03125296735982479	0.1858094324779303
0.031096742605703862	0.18468915079791684
0.03353453735499728	0.11917429835986398
0.030905902122044422	0.1377947364856611
0.03066011311979347	0.14126348293794724
0.03447437095117399	0.12113339764370015
0.032713207621049616	0.11414098179023349
0.03655841747280144	0.12398095800694324
0.03149605472824204	0.1535306497163162
0.03554543291500967	0.11879480961905028
0.031070707535852487	0.29244818434429976
0.030739041965636957	0.15078983836809476
0.03577510108994314	0.11719822506988464
0.034259211603459294	0.11913689353136968
0.03273989444740896	0.19625531373652064
0.032663102306233795	0.12256473735789757
0.03028791144043103	0.34015737609669333
0.031279053494185874	0.1793773648741938
0.031327050150546966	0.19566264459203425
0.030499392340036062	0.15726372749403375
0.0333217956150819	0.14525810876209036
0.03024236761482924	0.24022731353478707
0.030197208946518325	0.24046555247349685
0.030432950055084184	0.15735128307075705
0.030857139020267432	0.13983379624106154
0.030631344687715438	0.14248933759736118
0.037928233232812095	0.1255825169406456
0.030359675967778908	0.21952296526969686
0.030414743212734595	0.2216674527580037
0.033946320156936105	0.11954582409662853
0.037987534245785326	0.11687978164027592
0.030546031585702692	0.2831439109700451
0.03424907709189448	0.11471143128565545
0.038428301460325144	0.11684029234150303
0.031193942033258724	0.1464538509625768
0.03325863595484184	0.12098702617605771
0.033158478081145415	0.12263527400923803
0.03111592694716907	0.21462576379332246
0.03073612764859386	0.20862274424884872
0.03874815689101727	0.14747490123270954
0.03109193502880657	0.22561145798619867
0.033839339845912524	0.11504567262435557
0.0337373225826821	0.12359546040997968
0.03045489707513665	0.2786679889922529
0.0374761351275945	0.11357206244630084
0.030939543602195037	0.1425956589933005
0.04129307154640378	0.1162316677392853
0.03737541758079046	0.11136085454265492
0.03245482605631734	0.1441027640213954
0.03057792333554405	0.1791896814838535
0.03316199647232751	0.11997853148523492
0.0312402855254154	0.2776132066071931
0.03373766233231578	0.12868087992612498
0.03059209973524922	0.1932035068905129
0.03386715979791099	0.11431981110805899
0.03320953948537768	0.14184709865606787
0.030438785667272514	0.2104698127986363
0.031067487772831925	0.14870700810717255
0.03029178670037112	0.21521676461251504
0.030380753790662244	0.2387388141749921
0.03059044299007059	0.2263638000074056
0.033053615412354076	0.12242548916282116
0.033246495618065766	0.12089591948335747
0.0327369710562797	0.1191288360725106
0.033327792390803405	0.12198386430907235
0.03042490666394148	0.15738691430485385
0.030491624597982363	0.221439521671087
0.030515732922675835	0.19630817735567035
0.032813575393955886	0.1339049293808497
0.03308978317564697	0.14750670013233472
0.03047102936536631	0.2387212769359206
0.03279147114273789	0.15367123621813852
0.030214492138147423	0.24053435890662422
0.030359675967778898	0.19481222331360828
0.030678806752225184	0.1753653604172313
0.030651014249545323	0.14911356088745795
0.030259401358903204	0.2557948405731951
0.04697768867192542	0.33617030986564783
0.05834373842388373	0.1447917787044708
0.03036611531752745	0.22277742735217398
0.030226350880150448	0.20396241773290788
0.03988293863726007	0.11785145064608034
0.030760090341838117	0.19585721728054856
0.06642865260099035	0.2713545471349038
0.04476668225784388	0.16500335973407027
0.032662959272305586	0.12176443007719133
0.030311420263332573	0.21565294182693823
0.03020300530712094	0.2403893269058262
0.031164080484281306	0.248176144684318
0.032663102306233795	0.12170453280350854
0.030246425346832893	0.21669891141346753
0.03512506741937584	0.1240090299913305
0.030464631367932978	0.23839274933643667
0.030379534495857122	0.22326410355324564
0.03024236761482924	0.24022731353478707
0.030183065865049496	0.22650316897273115
0.03041000991682757	0.22952832528632902
0.030197208946518325	0.24046555247349685
0.030273276155879346	0.2294968296437617
0.030615279749266613	0.17218006642135608
0.03277219158026239	0.16160782644187627
0.0322339460871448	0.15325433780980657
0.03024546744776264	0.2892155386706833
0.030552887392933867	0.14386340640265202
0.030236103684564808	0.27479375923578886
0.03065586150869025	0.15773178160615373
0.030291658626242807	0.2526485198570855
0.03297670575888228	0.13302078269861303
0.03024546744776264	0.3025675550534159
0.033577639282593746	0.11810146049394459
0.03075216494709875	0.13977641448492062
0.03293199951974305	0.11970216300611662
0.03344729981921995	0.11902423440757698
0.03310061339038597	0.11576224332373757
0.03306937576537781	0.11956571827799704
0.03287561551717126	0.1335950502294606
0.030934630572199577	0.24167941663135814
0.03395647086908009	0.11785203004292404
0.031800612101806625	0.18303972584294328
0.030662553917112353	0.1447504113962732
0.037027778573082946	0.11445003744256516
0.03230648806578159	0.1444103924056244
0.032663563035176646	0.12256392765526582
0.03061491290459121	0.17218123287705006
0.030905902122044422	0.1379121950384847
0.030197208946518325	0.24046555247349685
0.034244233502364406	0.1147033193068483
0.03022936313939422	0.4067084890663725
0.03061327173079436	0.1482632713724773
0.030667381326993384	0.1979953626550022
0.040131298334360486	0.11587942902077894
0.036986830821050136	0.1130632537048635
0.03311873462944553	0.11887772330160881
0.030291786700371123	0.2151976897096149
0.03301131125302341	0.12313291532006067
0.03059163899551154	0.19320205194974968
0.03780159883737411	0.11627891959141491
0.030653529375277423	0.15554634850626642
0.030821855957275112	0.19205065640028737
0.032988344162841104	0.11289813283421975
0.030631344687715438	0.14248933759736118
0.03568549054055373	0.11813704954216686
0.033618323943825086	0.13823385556733003
0.037186753595656846	0.19270813210953525
0.030815151681954846	0.14350687636290904
0.03790750163796699	0.11658802858226394
0.03009588199405377	0.21620955769212755
0.03082432164920515	0.14186032102330598
0.030762951207321747	0.1397428909728698
0.03394296966654946	0.11395741882452189
0.030499392340036062	0.15726372749403375
0.03024236761482924	0.24022731353478707
0.03294068034007774	0.10356478453882766
0.03596507068757451	0.12471531900780276
0.030244767168048508	0.21346905656734877
0.03273539843599436	0.1214168690238646
0.03308257386794294	0.13230874313410948
0.030246425346832893	0.21669891141346753
0.034030392862740046	0.11957763379495708
0.03359008105529234	0.12952384776556009
0.03283962517678575	0.12160170895754704
0.030687351356545538	0.16007722835272747
0.034223565649274285	0.12108360758008103
0.03023610368456482	0.2709836503817235
0.030451834731842403	0.14377762060802438
0.030686680261728754	0.15167293273434657
0.03637801006197275	0.14686761840498253
0.0334344168665075	0.19625277218393342
0.033300861616321904	0.16225438973830297
0.030965271944153598	0.13391767630837756
0.03339514137506625	0.11534982465374027
0.03310515587187505	0.1194100534933227
0.032804490167052586	0.11630414591890435
0.03077016839553934	0.1566427193569006
0.03268192357507795	0.11512131694907626
0.030432950055084184	0.1606090217087029
0.035262066469698074	0.11353268893803015
0.033839339845912524	0.11504567262435557
0.03251022901120107	0.12721827113576198
0.030918584839007068	0.15667560406009123
0.030612817365030576	0.1401822123911933
0.0339678838913141	0.11764712710858892
0.032976705758882285	0.12795716639962526
0.03310061339038597	0.12020795506006489
0.0333403649265254	0.11142167637822797
0.03702777857308295	0.11787733890868417
0.03268174678977475	0.12170835798132397
0.030615245449064712	0.19302859392497881
0.03269307270539362	0.1222123772605182
0.030378639781711885	0.24050715044492885
0.03425464748453622	0.11398816926719194
0.03066123858659313	0.28925269608514415
0.03727785839916216	0.11205003811608157
0.032262565743341805	0.1505254468590593
0.03194825889432989	0.14376510790824182
0.03350744183918065	0.12615550400333597
0.034249077091894474	0.12139388396464383
0.03116308164894286	0.2307217818633137
0.03271931794359206	0.12184233837446537
0.032578199554940346	0.1375036101691567
0.03268192357507796	0.12022916082600345
0.03024236761482923	0.2513905829858719
0.03275024244525767	0.13366994469642485
0.03064352146151412	0.19603872331160443
0.030240184448954908	0.22434960200123258
0.030556888820088734	0.14528101925592746
0.032902228479066896	0.11859723975959689
0.03301909590758609	0.11925958609054199
0.03075825279157031	0.1397677033989375
0.030634374043556633	0.17918040343173836
0.0330580252510488	0.12167793150644396
0.030563258772494474	0.14046071554261796
0.030612099580381056	0.14737566333696683
0.030852583493586393	0.1413109847118022
0.032392482058237124	0.18705260444009625
0.030392007448293654	0.18321402118336633
0.03435146724012014	0.1090327472105982
0.03727158476739898	0.13784328085513897
0.03268192357507796	0.12219153641272117
0.030615279749266613	0.17218006642135608
0.032991982884075545	0.12050204090888388
0.03066088380895197	0.17051168619936827
# $END DATA$




