# $NEW GRAPH$

# $NEW TRACE 2D$
# $LEGEND$: $$
# $LABEL X$: $Objective (or constraint)$
# $LABEL Y$: $Objective (or constraint)$
# $BEGIN DATA$
0.03975755872477493	0.12010508745086038
0.21601022885463694	0.10349140243414771
0.164019695206574	0.1200137182082978
0.09929064292732932	0.24926166940803482
0.05652314647588606	0.08671257939895419
0.14509051836063802	0.10162308093170258
0.055670000890087265	0.2070592302097855
0.059724639285108384	0.33155786603115833
0.083656480672281	0.13039193987554967
0.04259224281399288	0.13745980367080424
0.044589054696705335	0.1338617691629452
0.0562737536058316	0.13506929336234416
0.0	0.26488023750007356
0.15876054723391247	0.10099938046009739
0.061128550220223316	0.09320731967211454
0.0946534033064409	0.08729056188358404
0.25994775288487343	0.14136114393592797
0.3083447076859428	0.17622987661811337
0.38466199910139787	0.2747732262745922
0.0665744394491339	0.13716159897648017
0.056573938349258876	0.22712470222599176
0.1263693740912231	0.2987835641293789
0.0447213994759032	0.16965795961282704
0.28503295843460497	0.31623457827029056
0.05208809769193325	0.07560597993519182
0.15498998337203918	0.16297470194898556
0.1824584119105067	0.16926456462957837
0.12464017950320692	0.18509718362108188
0.08461392770616008	0.15922175359515117
0.044906129990029006	0.08236127096273438
0.07949137695060873	0.11733104698978394
0.03428078720202962	0.1390021820298654
0.03852753615848704	0.25854706421156975
0.33063967920054743	0.17714512379310396
0.03415683809802781	0.1218255465672353
0.11266123422400469	0.13683292571621541
0.03924164126480773	0.09894957539101236
0.0	0.08189792904117839
0.041895325612234316	0.080352504714362
0.0349628477037027	0.0846273445979628
0.07079889355425403	0.24505073660983095
0.41926855937803276	0.3732135121185034
0.054097744744745546	0.30439775043297856
0.3403779765969491	0.17727154875879614
0.051190737471034115	0.14491668251047454
0.055939513061178114	0.34225780846087583
0.03726062001684779	0.2272747173894668
0.1972471124630593	0.12564022089429203
0.0	0.29889705514470416
0.13459173067495844	0.1445350143633321
0.052475284534789626	0.07583966250276217
0.3066454624501552	0.23952299729144452
0.05449856828549146	0.15919808572207392
0.08086682277278827	0.2502798750335563
0.2845733354740464	0.16857544322050164
0.03624790603473991	0.12384701675987432
0.11416630094230297	0.2933119242468028
0.07961442725091152	0.24687106418872343
0.23074066640754093	0.42458601894421366
0.033299221519301446	0.2373739910868145
0.06062648339035605	0.13137902031958407
0.05607788353599585	0.09419530657122596
0.05601353371096264	0.07829231274710591
0.0777121893634632	0.0936738033134876
0.0	0.09819882552618507
0.04453086177592734	0.17179957407951088
0.11226040050609798	0.10081853931508052
0.04817457385921746	0.1731554526422029
0.04067527519270099	0.12052604144142408
0.035120220910690926	0.11264733098072827
0.05092705453466666	0.5559526250071819
0.10552852924211392	0.5050552780248863
0.036245154001117275	0.16207505475020537
0.08843836345307494	0.08968008714476738
0.07703447549413592	0.11286049535872723
0.04275522017360845	0.13287433697189718
0.08598771740325686	0.16582936975107607
0.04089152560508527	0.07799084317520985
0.051528463246991764	0.1108309598560842
0.35232949469979674	0.3922928128234752
0.048799166109399036	0.2812195577145004
0.34582024882737783	2.4987988726244246
0.033701693398773484	0.18184279383888793
0.038182871543239856	0.11617038147535214
0.0	0.15320900684138758
0.3881291144491508	0.4560716006780867
0.04818306907204097	0.094205813227757
0.09149678678850832	0.11636421782544437
0.2650403219793783	0.19768560864000617
0.043178588705038747	0.08416384760312683
0.03096189121823929	0.12104263483590816
0.13594465520690974	0.1570452500426991
0.052810729481592114	0.07944070634616053
0.07238105803551871	0.09090482395009558
0.06889936503749339	0.12975431188811978
0.07515398319963486	0.2148167407322065
0.044722955383555	0.08263060515734484
0.06783167965118701	0.07539082416156462
0.14691875901339632	0.22367938507715804
0.03764944967588391	0.09880026364856073
0.03821109757070414	0.07875797101095185
0.03947080829199687	0.16340378925819882
0.03744397789632873	0.09350255667377898
0.182846083501483	0.14570061265283316
0.055670000890087265	0.2092864188682437
0.3403779765969491	0.17727154875879614
0.23074066640754093	0.42458601894421366
0.05350534183262446	0.10609100845035774
0.044050975959638604	0.2391945527155653
0.0938990791757102	0.13121632411328313
0.03991654518202401	0.2709017371621611
0.07808708733945313	0.09440939355410964
0.05777599642896729	0.34511379696635563
0.2591015069234609	0.12853322390538027
0.07055503964740369	0.27783138085893067
0.04115066037056583	0.07745469450839708
0.050377313520767006	0.5737701632957922
0.03682036220661838	0.09716762473998303
0.12029616436841666	0.10397454320294568
0.033332669331099	0.13482118457461925
0.08871220368437173	0.09287001709225098
0.0688848314606275	0.14012101418772532
0.11266123422400469	0.13683292571621541
0.07508930229786666	0.13240073202482341
0.03922388058136906	0.12688108880381355
0.03554927859022727	0.29313775303071304
0.08315529051267645	0.0837880546619046
0.24733549533495594	0.11714875528672075
0.0553725842853946	0.10807853373209682
0.03430914808711665	0.13903041056628404
0.05533812616772238	0.23531773263688674
0.14509051836063802	0.08554920663445334
0.2310453395227518	0.5386440964180884
0.0447213994759032	0.16965795961282704
0.3714226368818198	0.24297966640987131
0.06862422441510348	0.10246014005018088
0.08639030209478953	0.09517118040788251
0.4293206991606218	0.36283399306056646
0.09474497260947758	0.13910599028836018
0.04453086177592735	0.10704327786919107
0.0	0.12421665145804307
0.13476436480809592	0.11371055140794879
0.05263122906403805	0.07665646281222005
0.0977414964440737	0.09459092573182529
0.26819031902406837	0.2664519263549507
0.06066204049338515	0.12827764590965368
0.05092705453466666	0.5559526250071819
0.09960380489941455	0.09351106122141815
0.05794663345131755	0.22628801002338472
0.040892375191684864	0.07792612660056343
0.052475284534789626	0.07583966250276217
0.08605479925021337	0.09969149122691563
0.04108157435313645	0.30074956319657153
0.29130281077439857	0.45253317965679485
0.043178568017859596	0.13948290332970156
0.04137952518635577	0.07845522410209582
0.09591343797481494	0.28427865619957987
0.08843836345307494	0.08968008714476738
0.0944482759560566	0.15927350694838432
0.038798513808398494	0.07796343313487089
0.05092705453466666	0.5559526250071819
0.03356138610771473	0.17724531468645882
0.09185109903098558	0.12365232697678893
0.05710390401394219	0.2505456357115411
0.0666798570048569	0.1427053779532907
0.05212914147183049	0.07563754004690429
0.050112226072001026	0.1334279510867271
0.047194765913191494	0.13375327945405685
0.03122031643830275	0.12154775190882826
0.04749944858741887	0.11513442469300632
0.0702635319980453	0.29760627182364363
0.033766031027912424	0.1317517112507817
0.052810729481592114	0.07944070634616053
0.03813066169456555	0.1390847068936071
0.03792959159054968	0.4180786447061887
0.05607788353599585	0.08006095152304313
0.1359446552069098	0.19261352292099032
0.1246401794816431	0.1850971836050702
0.033469667620241374	0.08526059644508101
0.35232949469979674	0.30168196715456325
0.0574646795671212	0.3464270604503389
0.06166317453961483	0.12564482908435703
0.30284831201149043	0.23637877968956703
0.039755940575212374	0.1640403093537796
0.06206848941660338	0.11969287799246914
0.08962470415715126	0.0925804281273696
0.08254738839678245	0.12795157328739032
0.04453086177592734	0.17179957407951088
0.03490241833093092	0.14026084459488894
0.051479954422557685	0.07548761084137501
0.047117664339771125	0.13295208763828792
0.039305898720400655	0.1268220821178086
0.06559690513310905	0.11492229560563663
0.2273918486580419	0.12801661166884948
0.0346886155949384	0.32542587297250225
0.08619246619135483	0.12736188824099
0.18248805483681318	0.2197864093561281
0.11471148597367202	0.32509798389234745
0.033356836133690296	0.23605841173083228
0.03695120956955015	0.07307440629705121
0.03779212469096723	0.0845102684381854
0.039902603298621254	0.27085393651108525
0.03850996810689541	0.2585344902587176
0.03490241833093092	0.14026084459488894
0.04736705956624534	0.1358066893798113
0.0351400618988587	0.09962998378651614
0.08986155284746374	0.08673713201670494
0.03994226698853611	0.13555063786999846
0.09624633470245267	0.1438873835586501
0.032102003412859334	0.1902077224010406
0.05088928239384689	0.33327300907601887
0.07532785488741346	0.08975045576163444
0.05488584061906088	0.11342340508120759
0.03932333660970263	0.12213612956051859
0.03681059555650472	0.0763258226014341
0.054058198284911305	0.11101046450330534
0.03722239632089386	0.2284668717515705
0.06914169888324016	0.09874045665977518
0.055667562453253154	0.08158105619756657
0.03470412626156069	0.13819296531659728
0.09501882472860104	0.09174264743564378
0.0786124081572649	0.11715139935177009
0.05347162674733972	0.21365619077962666
0.03947080829199687	0.14368575847531906
0.0944482759560566	0.15927350694838432
0.037854695724970355	0.07961903472334637
0.03099974205218068	0.12128614748326368
0.0362936993020689	0.11479765359398016
0.036739290416163355	0.08296041537766513
0.033351561689978056	0.09911039784889661
0.05567527481762915	0.29172024827410403
0.14509051836063797	0.10969761804597364
0.0309814385842618	0.11747821174406776
0.04428075898067855	0.09861555573273417
0.07153228013515435	0.2309245366433721
0.04711766433977112	0.09502739808030394
0.11266123422400467	0.19625487664284905
0.04089152560508528	0.07839779979858776
0.09365863240225922	0.12666424597868686
0.03991650937205234	0.27089464500406374
0.0651709524694938	0.10449479709341855
0.08843836345307494	0.08904615982389293
0.03965772268152925	0.12352149993007132
0.04614151957541065	0.3098408277358801
0.06558909064668755	0.1491609752096232
0.04984432424092518	0.09406657299510518
0.1668750649865157	0.17088594297456544
0.10787371895214307	0.10387276480127547
0.04349723298039881	0.17458289760696827
0.19542522883346505	0.11534384909677031
0.051528463246991764	0.12095274598761693
0.033299221519301446	0.08643841508648174
0.04719476591319148	0.6818936203848268
0.038798513808398494	0.07771278513470913
0.033141059804511305	0.14929441410916697
0.032710235540548825	0.20417004416065648
0.03792959159054968	0.4180786447061887
0.0398061192604329	0.12636469474068995
0.03097710048935189	0.12107240229904254
0.06638135660080842	0.13959880299987293
0.03849925783088781	0.1006316719048491
0.09233063848661834	0.14415144657747425
0.04128146525660614	0.08709894494325646
0.09149678678850832	0.11636421782544437
0.05875080979462993	0.241708312749919
0.03821109757070414	0.07875797101095185
0.05646858359891265	0.07745003148737503
0.03415683809802781	0.1218255465672353
0.32560703922710993	0.18008401006546143
0.07311319708697099	0.1305096275186231
0.15238314698849673	0.15227620153710048
0.03286857724420693	0.23919954990649633
0.03821093785922783	0.19454377636594877
0.03682036220661838	0.09716762473998303
0.049465947447227425	0.09716985147632629
0.16394301269961933	0.18092846013629021
0.06718690459739123	0.12949746377696617
0.07858231995337164	0.1265955538754744
0.07221445718397473	0.10344026813482154
0.041082146426912845	0.0779141494098905
0.19724711246305932	0.1250122048907823
0.06871567808342235	0.10220202417818953
0.0	0.12632729503263002
0.035575466378590104	0.29130804635357666
0.05607788353599583	0.0943648289300234
0.031829800775872184	0.11110133978953854
0.080996548698901	0.1336906032707008
0.1451209508752295	0.08553096284348538
0.033299221519301446	0.2373739910868145
0.0327531700199793	0.17836999789139665
0.033913291796402775	0.12577708340897908
0.030930735622550092	0.12948219449959072
0.03742306113866087	0.1304559264198556
0.03328682131920707	0.23613291449963617
0.08871220368437173	0.09287001709225098
0.1416294051155248	0.10841368123097656
0.08652754114910202	0.09944273522633076
0.03892166484394693	0.1262533433232566
0.03342356659930749	0.14180168990036326
0.03716596890676829	0.11056679207612789
0.03991291477568204	0.12605917552858117
0.04848831675702054	0.08539248996694662
0.03432479865933072	0.08051359804529212
0.04269667967488773	0.13877139395211713
0.04921464143348101	0.09778421405385512
0.033299221519301446	0.2734216230013361
0.034825459293687855	0.08693933368140791
0.042460823437671574	0.23181435883540122
0.04448071106466744	0.12339780032343522
0.04106956154418425	0.0774410469604867
0.0886552633687038	0.08907455812586511
0.030935721998860258	0.10139721346057783
0.034036869505010295	0.10417998413064199
0.034647151720794675	0.07463909547165565
0.030974108038880125	0.20800232289673326
0.044589054696705335	0.1338617691629452
0.036820362206618384	0.09953360320243965
0.03646529309445885	0.07274947219346771
0.03370457835231424	0.13561525209605466
0.034335522153067115	0.13126446682245646
0.037666747357395995	0.08987457706762222
0.03529566871346293	0.1251649843346075
0.032686034519586356	0.20644708463059058
0.03937431127725173	0.09454428857705349
0.038472806769845894	0.10553084075405632
0.06523133409451778	0.1041620466833684
0.0351400618988587	0.09962998378651614
0.0414337402995781	0.07396292798870764
0.15781604809196653	0.10374145425590316
0.03323159260790057	0.0760512849346046
0.09493662413354087	0.18272875396764332
0.044337948896822015	0.07574033230091845
0.04089595738813383	0.07838839042666085
0.037456297994740435	0.10352900473683263
0.036733004197745445	0.09137563532660946
0.07979373304798264	0.1365347504537535
0.0437709227735527	0.12117181535360498
0.04025890406273374	0.07939237668088381
0.033141059804511305	0.15042512179203504
0.059820717784948935	0.0942138671385646
0.053766422688663704	0.10468132402860271
0.044399768098032234	0.09477461920739647
0.08844589619338826	0.08887827492715474
0.03408745819354047	0.13218913554708786
0.0497561851798269	0.13404604367932513
0.04224011855865915	0.0668926180064425
0.04184958078319527	0.09472609961505346
0.05601353371096264	0.07829231274710591
0.03953876380019075	0.12621893446921326
0.04108214642691284	0.07322134056858731
0.03516565888369166	0.15756734704518996
0.03678466231608997	0.35019565630454874
0.039673032086098216	0.13999909925398688
0.03370237932073937	0.1769219104444487
0.03663021405622902	0.08400063268517861
0.03872643650966095	0.08459504330120445
0.06703290752719851	0.10615242971866026
0.0328101722984441	0.0857409373014703
0.03778199379890887	0.14504640761550944
0.04117619510804971	0.11118597682692358
0.03566837192633597	0.11390998615157716
0.03783946922748448	0.06583150634254467
0.05603234302235074	0.09583020245821476
0.045765665610644275	0.08092148168325775
0.09104466769239963	0.09039382277129655
0.0420466546845042	0.09805504493558884
0.033701693398773484	0.18184279383888793
0.03122031643830275	0.12487588921961669
0.03744397789632873	0.09350255667377898
0.07524983048357642	0.09369500828359137
0.034545516187084915	0.12324438945247324
0.03849925783088781	0.10064590677866397
0.034145171930660224	0.21734636009735342
0.0357891692169378	0.07176427331691686
0.05381144560554112	0.08432774287436375
0.09420115777325198	0.10601912314236123
0.04522858837398445	0.12740319323901986
0.0320489361950044	0.13232068297493407
0.04349597638241846	0.10608523511228361
0.0316969342953463	0.12837554331656081
0.03245182973514416	0.20556527083252185
0.038503593806507926	0.08002258538229047
0.04088046259655767	0.09302033118620069
0.04113785197447701	0.08236529231199151
0.036747979284702664	0.08296224650312738
0.0341568380980278	0.14858376694070088
0.03328682131920707	0.23613291449963617
0.04133012384755669	0.1325883396204875
0.0330749291591766	0.0936627603867286
0.03906016114564158	0.11436711718863118
0.0425954449794046	0.14955486345987215
0.03392495376510767	0.19907417734033842
0.03148257589673917	0.10707687403468841
0.03913740656287947	0.13981302302418533
0.03438191346145235	0.12923685438840243
0.03271334306487945	0.13824133239546393
0.06879865690398615	0.18363646013980275
0.036179349748687376	0.10149049210904885
0.08786137709282706	0.107174016891811
0.031389593046946655	0.17551786641113493
0.03174772228313243	0.11651820388691667
0.03824959794654024	0.07876468929602524
0.04089152560508527	0.07799084317520985
0.0344174475631766	0.08297180989234483
0.03936072422273782	0.08769118590284555
0.056381129612386574	0.0785726730862512
0.03761352334630489	0.07601386077221807
0.030974108038880115	0.22148779949843775
0.041082146426912845	0.07744369926453293
0.043962497503471594	0.0965514591625396
0.03997712905152	0.08444485285540808
0.03246267342598552	0.09307346987834336
0.03788175373080311	0.09013615383785546
0.03700904021142004	0.08767081279442182
0.03267153056044622	0.09442639822413308
0.03369161834999439	0.11418187787369102
0.04117040685379741	0.08832528983434117
0.030960362870393048	0.11610761566254396
0.0340368695050103	0.10411546665970982
0.03577709822145119	0.07157598976972242
0.0314940074064378	0.10394287001543612
0.032357248162872075	0.09628042969086538
0.03809458905054411	0.13316779606268508
0.03841885164288347	0.1038097079364168
0.034485402312997536	0.14185920200457833
0.040286002924415115	0.08817192368615781
0.037947721527983334	0.10510746096744472
0.03978128223077489	0.0739162013073624
0.037465587652617455	0.08217849673171079
0.03641959015544403	0.10126488553342748
0.03416283208134854	0.0876032182451854
0.03844626454667884	0.0862570382562462
0.034224438872019224	0.09871151449147482
0.03415757365980702	0.07577669789788291
0.03806114741125046	0.12333896015923641
0.03695833597198882	0.07642443572928395
0.03108324461346548	0.10143579560453579
0.03937431127725173	0.09033405200003582
0.0340183612961649	0.09210503119760063
0.034647151720794675	0.07463909547165565
0.03362622010192518	0.10411742843228246
0.035327120186754	0.13153553832307976
0.03925198473577129	0.09882170340545726
0.05196464646899762	0.07995622982813416
0.03801636494776248	0.08064768816910046
0.03383392208816115	0.0861784152107362
0.033299221519301446	0.08643841508648174
0.04137952518635577	0.07845522410209582
0.037854695724970355	0.08049502774662547
0.03453738895505825	0.09914111287115489
0.03634562566272432	0.10132899395963174
0.04099017703133658	0.07730343599768565
0.0333308705268426	0.13481753642044447
0.03844691685623151	0.10812329482165325
0.036820654591284606	0.09833742296821839
0.034718677737309245	0.07442614942645
0.05562713704156994	0.08164110973448738
0.03616963857634608	0.06900412634934742
0.03641263267721527	0.08120929091748656
0.038324614961005574	0.09733587542631367
0.03346252274066983	0.10270741686350031
0.030995952969930317	0.09828724825191128
0.4371608808084793	0.32645214555467195
0.056469641281855235	0.07918209234971199
0.04396303865730382	0.07753280602335028
0.04089124732889818	0.07480030195864341
0.03517112450962856	0.10324091849076808
0.05307154834702441	0.07630374662876041
0.06093409757134203	0.10321711105234661
0.03240247896208574	0.0754908386021514
0.03805998440108846	0.08357450072917723
0.03385390809524572	0.10025436119349489
0.03483135827257337	0.12551574666266221
0.03807212607702264	0.11255633085133615
0.03426671341400074	0.13987750195037355
0.03252233421069885	0.09508473889627382
0.044244119553896094	0.1139890655733358
0.03721074027032498	0.08358167515158263
0.057099924768696006	0.10513972962926624
0.03846350730510297	0.07979137890060498
0.03664960204871265	0.0841901807595926
0.03279903169275973	0.09075537792787952
0.03248521101510969	0.11538686954709819
0.03241945816533049	0.17225393036381642
0.038973400661659045	0.1265614411515712
0.03711617162912147	0.09042140070195581
0.03125715982886293	0.10655705224578621
0.034647151720794675	0.07374204160072284
0.03653513959778263	0.0736918282743774
0.033128186134859676	0.09315693635530446
0.03682036220661838	0.09716762473998303
0.037634421754715125	0.07755553410880767
0.03716596890676829	0.11056679207612789
0.034839817732339184	0.08687708355874738
0.03423421781970935	0.08732414411763073
0.03692587176891109	0.07306373448456698
0.034334211188655164	0.08368075905532682
0.05417191763066944	0.07439760257402875
0.03491016888138152	0.08356997389618445
0.032075703653698835	0.11587025325039184
0.03239482072384456	0.07548190684993474
0.04179730551646752	0.08838683041034354
0.03740335908942691	0.08662196119969692
0.031049549998756972	0.18090203005584393
0.03103429792627967	0.13786299806990585
0.035030022411301015	0.07510593367212229
0.05519343828903842	0.07692648990069377
0.03758576415289827	0.10177192523322706
0.03842621147788622	0.07523069397991777
0.03753704670888002	0.0798228398060197
0.036848243814038145	0.08052679399215494
0.038619846589072936	0.07753342889765995
0.031264402462493956	0.10656942859914505
0.03457600099496153	0.07808781802205478
0.03384054752343303	0.09986288522272958
0.034647151720794675	0.07374204160072284
0.033128186134859676	0.09315693635530446
0.03673725058130726	0.08338125411387096
0.03644312057308062	0.08394105886198623
0.03664960204871265	0.0841901807595926
0.031829800775872184	0.11110133978953854
0.03327293912427567	0.09881411255616802
0.04420460079036576	0.10295707273414194
0.03245036888990595	0.07530762836482914
0.0322740295867478	0.1277615159974442
0.03336953070952501	0.0993031920175676
0.03781791081655932	0.0844280611296362
0.03543572957828785	0.07360518042154089
0.03700904021142004	0.08767081279442182
0.03516268020187622	0.07121755414683976
0.04167221676110832	0.13677883095000365
0.03108324461346548	0.10143579560453579
0.03579480301152081	0.07175155798103576
0.03597472281474793	0.07729781930608966
0.0353793273612088	0.07401535591724763
0.03404954757675767	0.0753028593051915
0.034368994287876084	0.10750061411486579
0.045533448626134	0.08023945231156986
0.03094162496767271	0.12547350504996643
0.03297472308112649	0.07335696226131122
0.03229788918886461	0.09577474493754723
0.03248521101510969	0.11433525727932403
0.036733004197745445	0.09169497896783814
0.038386927907630354	0.08314879616785718
0.03594476415202663	0.08919624979897199
0.03567844778858473	0.08103860513369503
0.03679376973889799	0.12411941663712947
0.04106956154418425	0.0774410469604867
0.03515596919334444	0.10330509514643271
0.036739290416163355	0.08048650589685448
0.03279372908314911	0.09833495310645746
0.03545979982423617	0.07677445074107343
0.050663657662297634	0.09077764509934401
0.03745165138713896	0.08216320292959552
0.03780608673047993	0.08452588715328546
0.03621146463297992	0.1054933927731642
0.03098234447136564	0.09825637389847203
0.03162156257746712	0.11073717234879794
0.03215064083180974	0.12627541251693797
0.03289119752097896	0.09211867100788818
0.032807266314240656	0.08592106696730317
0.030961891218239276	0.12107451407488933
0.03637103241874201	0.07264128762254672
0.03882655163128784	0.0835333861252454
0.033299221519301446	0.1049379105704612
0.03246267342598552	0.09307346987834336
0.03471867773730924	0.07421009874474904
0.031412689382788274	0.08859055406335511
0.03202902800673658	0.10927903985976375
0.03453738895505825	0.09155054773792366
0.04089124732889818	0.0782302456765669
0.03635951856693679	0.0764087464675414
0.03488032861138949	0.11160319621954724
0.03210574858250871	0.11487095639431744
0.03494167581988651	0.22633177185459544
0.03170422734952536	0.0892621875976969
0.03860299707879829	0.0951450915769057
0.036382231902856665	0.07687305049218336
0.03171020871611988	0.13705581550020754
0.031633340403636905	0.09034414389137006
0.031153113245314997	0.12537699490053936
0.036898350590115564	0.08109842529489793
0.03277722376491794	0.12746359060597015
0.0357891692169378	0.07176427331691686
0.03705962302207013	0.13665430382697197
0.03604934440812752	0.10162090799694151
0.032391588664640654	0.09275704861650597
0.03601089766459201	0.07246747650974156
0.03339324099494316	0.08725294284632056
0.037634421754715125	0.07755553410880767
0.03665345682252681	0.07238267053056488
0.03604680515929394	0.07705025965197211
0.03271986113040216	0.10644377757558839
0.033483171505781	0.0757284832026063
0.03290821868564917	0.0970970232418551
0.030962650565755357	0.09188978295053195
0.0384811210646849	0.08547562371282394
0.034049642376690246	0.09276450183170394
0.043066181474195046	0.09793436897455365
0.03412407409262621	0.08966924538484569
0.04099493219587089	0.09953991465680026
0.03134512546812852	0.10707961629486173
0.034676857692732536	0.08639620441089535
0.032970606818727155	0.07335238283300394
0.03499804962744244	0.07398973207916602
0.03211988180579077	0.15272801172352407
0.03265301566431513	0.11127126535370045
0.03514623834208067	0.07330243386332115
0.033911461889667184	0.07074485621923421
0.03495723085727387	0.08048771727610944
0.03661569786292621	0.07387122992202698
0.03416283208134855	0.08756511052482266
0.037006053794215094	0.08806072143785794
0.03384119930706505	0.09248457249942889
0.03276768388494436	0.0860712625887448
0.032242777391124126	0.12359181601088473
0.031607108864642575	0.1022115774473237
0.03250111484972863	0.093385598701059
0.03491016888138152	0.08391656335815247
0.034839817732339184	0.08687708355874738
0.03163338715047239	0.11116497187669694
0.032791369389933975	0.08579685314417748
0.03474163086359469	0.08104379580202327
0.0310136443332862	0.21919965657633103
0.0330725891739251	0.08081786144926296
0.03554976669747677	0.07360510327196938
0.030903913749404415	0.10116622550625928
0.03263513415918161	0.07546785556151397
0.036382231902856665	0.07687305049218336
0.036480013656252065	0.07265949382827094
0.03240247896208574	0.0754908386021514
0.03491016888138152	0.08505932167332148
0.0327868684828993	0.07409252501931655
0.031483743345123674	0.10659459297453698
0.034647151720794675	0.07231551585513833
0.03279903169275973	0.09075537792787952
0.03590518933612669	0.07155060715790576
0.033191927514312464	0.09754403522469432
0.03665345682252681	0.07238267053056488
0.032601956357729896	0.08493463723479706
0.03318858977008102	0.08467221956688244
0.03254215828303644	0.09510911951398687
0.03141268938278827	0.08849092610835742
0.033963107895635745	0.09342394330020569
0.04035835737061861	0.09683697890757208
0.0313271672606481	0.10720142418739528
0.03556992470013539	0.07566187518911441
0.03224823491124018	0.10469863987205373
0.031083647625177166	0.10404125009109368
0.031001589792210953	0.11806878396051786
0.03282210844828311	0.07397849807001743
0.03246267342598552	0.09307346987834336
0.032205496029275624	0.09465203361786793
0.033483171505781	0.0759009102474681
0.0357891692169378	0.07176427331691686
0.03279903169275973	0.09075537792787952
0.03468239143850243	0.07402852418676391
0.032646414773893837	0.10630143588757693
0.03333883133900423	0.10296328646218934
0.0328101722984441	0.0857409373014703
0.032378324432509036	0.07454900448087402
0.031770680103754854	0.08910897625722078
0.032415120216047005	0.092397472500703
0.03278144746956062	0.08602016339808964
0.03250201947494853	0.07606910955324499
0.03194376186398854	0.09389738665121802
0.03637103241874202	0.07284115672481391
0.034647151720794675	0.07463909547165565
0.03579129996954289	0.07160653095029473
0.03100427383921308	0.1174071800854425
0.031003154943452123	0.12221547327893365
0.03241413060739425	0.07520239349205311
0.030958318605664358	0.12145160877031545
0.033984359033105524	0.07319946378430243
0.03149214577826809	0.08594085514566799
0.03264649946386276	0.07793734426011172
0.0309307356225501	0.12899444856692477
0.031655604533609806	0.12402271121787582
0.04731313007055332	0.08337386229578904
0.035754451251833436	0.08187900216044065
0.03645583208753524	0.07263245708573117
0.030909749442203857	0.10131350865495262
0.03093407941634493	0.12084826279323704
0.0349286566950971	0.0868321274195239
0.040830748478806404	0.07291712924065478
0.04210348612173404	0.2269372589296739
0.031081231157301638	0.09553763580612892
0.03450383101857409	0.080680494231851
0.041567571488504804	0.07252086954798562
0.03412675139085906	0.19249987859238377
0.03537081231465127	0.08893401716828593
0.03193927991446467	0.07749080333197042
0.031083095911273447	0.10143186859233758
0.03274652778449678	0.08630279628579322
0.030961891218239276	0.12107451407488933
0.031769036563934386	0.11182954596175985
0.03491016888138152	0.08356997389618445
0.03104737000348207	0.11787521563219337
0.03586880836114822	0.0748504518818537
0.030970645183307475	0.10145857905240496
0.03169625338814805	0.09182406078498825
0.031718322037075315	0.11670764331787067
0.031085856892809616	0.08670771667147516
0.03149214182781071	0.11564688202089289
0.0327868684828993	0.07409252501931655
0.035024337357016655	0.07392006681528188
0.03237225994319889	0.07488719426983989
0.034662929247214695	0.07262850992367703
0.039682244021579494	0.09176651823010488
0.0317819669451252	0.08987474882346677
0.03160164092182289	0.09836743949314974
0.03285372110612733	0.08959944026249494
0.038140636474691625	0.0731313484071686
0.03351754437063743	0.10269229188502586
0.033984359033105524	0.07319946378430243
0.03257418501363401	0.08679117519760908
0.03605820689864294	0.07147661905218673
0.032494018823505534	0.09637861206471024
0.03513200386958341	0.07384126387998854
0.03486392223340222	0.07458197492968179
0.03466043694933896	0.07507880436239434
0.03355981890708922	0.07238163407300867
0.03482847223947165	0.07172451179612636
0.03407633964847689	0.07858614802172488
0.031516612432172235	0.09193526863265684
0.03255839358228739	0.08613868425349507
0.03142760460860927	0.09401351646012299
0.03228766808316246	0.10137607892587962
0.03506105306604305	0.07675972360073535
0.030971387740534866	0.22147805953922592
0.03214349727692908	0.08183530633687691
0.03440111637490802	0.09042424290636544
0.03142234223277714	0.08586017146034818
0.03188128260311438	0.09988034650747725
0.03246267342598552	0.08621873241503518
0.032791369389933975	0.09542889391797081
0.03212531732544902	0.09206852843321241
0.03229360049891208	0.09283045677877173
0.03288437697287604	0.09277738119101653
0.03262792967706389	0.07559828510801375
0.031939279914464665	0.07944824792316638
0.031615771355941014	0.08929562003856499
0.033447337191993616	0.07586024371602967
0.03122391268438133	0.10177470278855523
0.030934079416344937	0.12298539712332775
0.03685781846387175	0.07257487877317328
0.03239482072384456	0.07548190684993474
0.033433434417088334	0.08252745416515134
0.03665345682252681	0.07238267053056488
0.032746527784496784	0.09032077183228762
0.03121568781785669	0.10185592968976999
0.031745579124271485	0.09633399568684589
0.03137746031041359	0.08844068888623974
0.03478205138256156	0.07418264914206173
0.0349743647614558	0.07094124030963213
0.032533779689733595	0.08951453621652519
0.031027258335684413	0.2225702187020851
0.03237423219975969	0.07643555560018872
0.03100427383921308	0.1174071800854425
0.031083244613465483	0.09750364380408114
0.032950021164176814	0.0744509660820583
0.03141268938278827	0.08849092610835742
0.030964979097109716	0.10134526482719962
0.03428537341584505	0.07580688656649326
0.031009909046259467	0.09202860154379258
0.03245036888990595	0.07530762836482914
0.03243253310376107	0.07510431819133266
0.0312993309549024	0.20537287477137398
0.032429057312041	0.07636376849723701
0.042791517194132954	0.07298261695912622
0.03096424938003209	0.09571324009614535
0.030943553322057542	0.12357672971545283
0.030909749442203857	0.10132457057992626
0.03665345682252681	0.0723767078317624
0.03154232694746033	0.12030163159439292
0.031280987496775325	0.12482804124865471
0.03246267342598552	0.09384860003885345
0.03423021834384207	0.09246564364886745
0.042337837239521364	0.07085825815120238
0.03102576878487299	0.11780719325614603
0.0327868684828993	0.07409252501931655
0.03250111484972863	0.093385598701059
0.03297211061445857	0.07408964223446209
0.033982851687945785	0.07320330489125149
0.036274462024738094	0.07079304643901217
0.03238196046381032	0.07651892481495987
0.03432907304794525	0.0943239130163153
0.03248301037361526	0.09608791403308226
0.03255053529828738	0.10194253388407083
0.0319006316799343	0.09330254403712578
0.033506307928103524	0.07203267734996806
0.03427923728254988	0.07662578431541875
0.03694251916080784	0.07274158765245654
0.03309388481240996	0.0813790128897107
0.030979654506965795	0.08837666860699563
0.03605871561664842	0.07034269374703564
0.03402681129247842	0.07230237591589583
0.03518607073833477	0.07459703702147082
0.034647151720794675	0.07451395042473362
0.033506307928103524	0.07215209683739623
0.030970645183307468	0.09988092753156066
0.03142234223277712	0.0858522823749604
0.030935264979960592	0.12084306078623423
0.032517730665350346	0.07506045549096203
0.03237423378925601	0.0764355570925032
0.03096039405257713	0.10288978673436483
0.03267887997734383	0.07542834723848818
0.030965017487571984	0.10134557072465336
0.034082702825358024	0.07243836477024561
0.03185808455623247	0.08743253089325426
0.034685401845522774	0.07098390309159186
0.030934079416344937	0.12298539712332775
0.035024337357016655	0.0738862294649651
0.035162680201876226	0.07210401054909822
0.03142234223277714	0.08586989309838113
0.031516612432172235	0.09192482697697248
0.03135405635856121	0.08062131753618784
0.03468435437471142	0.07239983633690746
0.03222239806343632	0.08026197558205948
0.03548156867659604	0.10328008206121819
0.032570529334256665	0.08615498711633725
0.03170422734952536	0.09050353265420005
0.030970645183307475	0.1007011409109218
0.03186203312821736	0.08890209449776543
0.0353677502115282	0.07115041681859538
0.033380893566855085	0.07976178811862558
0.03245921428142058	0.0862478298021339
0.03270077499441959	0.08771124740898825
0.03440621220223415	0.0742799922495561
0.03381408213554415	0.07774544472360898
0.03604928147338601	0.07146776685884267
0.031082411141869805	0.09592260861990086
0.031888271763588404	0.10797232675168705
0.034080750917061586	0.09015032830969315
0.03388994265107832	0.07046788525394357
0.03412511831826146	0.07688710912788574
0.03516268020187622	0.07056625162484013
0.03466292924721468	0.07417684216869999
0.03766231325259963	0.06997622953294494
0.033222059764519266	0.07825759398896676
0.03374894233513687	0.07294530712870918
0.032675711598841146	0.07538594576269228
0.030941531248328272	0.12816754529045238
0.03382105686877131	0.07616625431798744
0.03262798348669874	0.07559704705882384
0.032822108073835406	0.07397968373075035
0.03149214577826809	0.08592611576328883
0.030979654506965798	0.09330388317208886
0.030903913749404415	0.10116622550625928
0.031085856892809616	0.08670771667147516
0.03279372589265571	0.07321821546909851
0.03108246195430817	0.08789450580532047
0.03288585803357027	0.07624082873355903
0.030903736201003642	0.10116585588358513
0.033982851687945785	0.07308592385311051
0.03297472308112649	0.07160161166611793
0.03257672533981575	0.07667931150947985
0.03289028611182681	0.07412135209070105
0.03097727944571482	0.10022344215422847
0.030934471719956006	0.10139516104866046
0.032150761504638685	0.07474084682427831
0.03141268938278827	0.08849092610835742
0.03460450600975005	0.07216391417096471
0.03135159102122664	0.0866250046355049
0.03477854877445879	0.07075099473962684
0.032424234392231674	0.08986820354152539
0.03310678031211669	0.07379268779186926
0.031135907116384167	0.10036097244712078
0.034726646207116886	0.06623649645876259
0.03244048185705462	0.0953003443715819
0.03574831393678874	0.07177476227866195
0.033495639687690745	0.070844168876713
0.03210711246646394	0.08164934921633936
0.0331490248217899	0.08538593950489595
0.03091551662924064	0.08498677429578995
0.03326544500896439	0.1012803720321413
0.03359207600499694	0.07223009639860342
0.03519774036484388	0.07366989195143424
0.03629923013895872	0.07043717124329131
0.030958318605664358	0.12145160877031545
0.032959280419510135	0.07426343727321155
0.031085856892809616	0.08681398427879876
0.036315623592365655	0.09046697235637174
0.034824702334819255	0.0716767634145768
0.03251372054824515	0.07489690563887602
0.033027177288632414	0.07334422767312282
0.04288798509028705	0.07347754134626677
0.031925420349799664	0.08353216743237922
0.03236448936714517	0.07129743645797956
0.03150551833344818	0.0951777322808245
0.03420503062267481	0.0875916177546459
0.031063457792235506	0.09838746933785172
0.03319598112286467	0.0770683186528893
0.035758946151372845	0.07161574618215112
0.031022560087854253	0.10483541503578486
0.038488974961028107	0.06973958802307696
0.032509108952331445	0.07536941838470561
0.03250201947494853	0.07606910955324499
0.03125552196315209	0.08700161710987785
0.03497657809933298	0.07449555997265135
0.03361081090246456	0.07376835974315983
0.032488022834974616	0.07605359423895215
0.034840299322173106	0.07045403588414567
0.030952186076766114	0.09090151642503837
0.034790085938368145	0.07085741694719322
0.03338829683644008	0.07211408037764747
0.03236448936714517	0.06771182852699023
0.030909749442203857	0.10132457057992626
0.03607240454392923	0.0703129845063874
0.03349563968769073	0.07059880048312486
0.030937007746137658	0.09597373441482158
0.03273384916311728	0.07687416906410394
0.03494295167683332	0.06860888257208175
0.032367213019423774	0.13197824107900752
0.03262662072735157	0.0731127008922097
0.03246014525600823	0.07736632447811685
0.03282210844828311	0.07397849807001743
0.031087845190362375	0.10438193795855134
0.034545103891161284	0.07726578137813883
0.03319216385559543	0.0794703943548777
0.031898781777682496	0.07744159437102952
0.034734371295374177	0.07223352552539086
0.031085856892809616	0.08670911146463592
0.03162934037957286	0.08637635209190359
0.030970645183307475	0.09957493771610627
0.031065177572778508	0.12890665967384024
0.033036662615895884	0.07324375467832518
0.03238196046381032	0.07649701521556161
0.062769426577907	0.0924198408600743
0.03133848482481301	0.08888199557762443
0.030903913749404415	0.10116622550625928
0.030911763974406755	0.10117901474488328
0.030917665638403893	0.10337832151078334
0.03134289173013322	0.08084160751638511
0.03341560519734377	0.07454734546944555
0.032496133156122015	0.07483559402269997
0.0327868650673006	0.0770712997176375
0.033983355201841876	0.09440941645086233
0.03120825272692418	0.09278058136878553
0.03301049118680225	0.07339408294906304
0.032517670768747155	0.07506040439806354
0.03525875212893153	0.07134363832774435
0.030989077774741497	0.0988171007609826
0.031083865262297942	0.08686115912297723
0.03223474580104865	0.07473140979698269
0.03149187191193393	0.08576541557847245
0.031082473858887346	0.08789560117511738
0.03278698479808689	0.07403111000822206
0.03237225994319889	0.07488719426983989
0.03141268938278827	0.09106946798947489
0.03243253310376107	0.07445864707204108
0.030970645183307475	0.09679162139430701
0.03424357425848467	0.07089135496945347
0.03376548067780365	0.15257383653881
0.033588299674226677	0.0722900671562828
0.03149112824554397	0.07939879036436
0.03279163721326156	0.07349522254763363
0.03329800535442332	0.07201764189968173
0.03278702237886927	0.07321072431791675
0.032401554305173386	0.07548976022905884
0.03352780188926361	0.06826089043984158
0.033685424626175096	0.07240229428267442
0.03251729241152403	0.07492343069266238
0.03472701435233524	0.06633040018823992
0.03116085517416853	0.08086779775046997
0.033066976325262225	0.07773632308830307
0.03684887342593449	0.0720337158651413
0.03894719283813451	0.06970843821158927
0.03249525592314059	0.07487380183521251
0.03602622086438425	0.07041351527654588
0.03538188228449189	0.06829867047815158
0.036860722173386914	0.07001449383090133
0.030933837221632832	0.09032479492715571
0.031071291932043527	0.09617577209723405
0.030962094050464684	0.08779141704141252
0.032642266489236654	0.07430895967624974
0.04617790582364203	0.07134817267689614
0.03091785762362999	0.11205192543865225
0.042337837239521364	0.07085825815120238
0.03101945566165843	0.09336385178269137
0.030910693343233722	0.10139160519819805
0.03089049224512421	0.09024802622933775
0.030960330724085054	0.09650101219879609
0.0349743647614558	0.07483145581013151
0.03222806893413355	0.08114969971277226
0.0363009225552568	0.06828794585338116
0.030930735622550092	0.1305542977357787
0.03141268938278827	0.0881629541040343
0.033889872317458936	0.07171166226243375
0.031351650702907984	0.08662508727610597
0.03297472308112649	0.07335696226131122
0.03142234223277714	0.08586989309838113
0.03193870622468478	0.0775744939406846
0.034788822967210045	0.07076145102655595
0.03239363933396708	0.07453985877063152
0.032852686380548335	0.07363220214673233
0.03567021403213885	0.08004785284610057
0.03857617374302457	0.075738343112009
0.03222239806343632	0.08026197558205948
0.03605871561664842	0.07034269374703564
0.03506545564462481	0.06814880861851531
0.03872347586181194	0.08316319290240227
0.03703375865888867	0.07095976099681346
0.031741924924241084	0.09531184419007847
0.03146827290767563	0.08655885662929012
0.030917280192089457	0.10137601686032825
0.03444148290919787	0.07366781605963066
0.03138596829811755	0.07960534045287475
0.030897363041462803	0.10116492154062222
0.03602622086438425	0.07040102435988785
0.03404829521160353	0.0692085171607916
0.03474787900806931	0.0672111460675353
0.032719927124479846	0.07485539860577367
0.03200053281911388	0.07587734653146623
0.03458717431591064	0.07093433628880083
0.03716819965902593	0.07616975731737174
0.03384994623112283	0.10026359090283751
0.0324094921610221	0.07400454792587802
0.0327868684828993	0.07271854356510088
0.031098992592426183	0.08744814859016427
0.031839468271172025	0.08721946330977723
0.031139709781623205	0.08334183391349871
0.03261079963161193	0.07782443553969069
0.03132496465629909	0.08374215837445154
0.030903913749404415	0.10116622550625928
0.030979654506965795	0.08701001096522201
0.031085856892809616	0.0861835962277267
0.03176178177079627	0.08851802581996668
0.03289210923153334	0.0757108944339051
0.03192133768166433	0.08192931779934494
0.032421468044960725	0.0744344321857858
0.031351650702907984	0.08565095289567418
0.03264716440037481	0.08193878923361644
0.0376617571023626	0.07243088324237495
0.03327557660488232	0.09116134307661695
0.03091438041624483	0.08508690051299263
0.034659947849854406	0.06571502066137602
0.03135165070290799	0.08543296173505324
0.03444124816291597	0.07417094999812072
0.03081054381842724	0.08446555577130728
0.031940022157721085	0.07693114389512144
0.03278602604235046	0.07409527025813172
0.03091551662924064	0.08498677429578995
0.0309796545069658	0.08855532873486996
0.03389099374720284	0.06997929815644548
0.03343462128251752	0.06781235440943487
0.03631204085104875	0.07476194749429518
0.03149116619497832	0.07939904460823902
0.03272143364382778	0.07308178985799985
0.03179435231103187	0.08780826481704342
0.0327868684828993	0.0727144755918177
0.03210711246646393	0.08241782843311272
0.03238754376184479	0.08021214010563975
0.031506528139563485	0.07945172654368339
0.034273456732422866	0.06893232695838547
0.033400124674806186	0.08567497700841163
0.031483481641668525	0.08590610958714187
0.036201064388823645	0.07031632274263291
0.03362063133472614	0.07051683808087923
0.03269048532547852	0.07046585886079056
0.03235956119414675	0.08372776150973572
0.032461511911374454	0.07465520897693587
0.036073909806766856	0.07129679873996991
0.031931826089240334	0.07666298337492226
0.033466187783070714	0.07986266224151678
0.03303136578026161	0.08637088493823739
0.03921682742364016	0.06617527672529229
0.03195897933047371	0.07897150448200634
0.031067174995081506	0.08590824465495644
0.03210711246646394	0.08164934921633936
0.032378324432509036	0.07453794150623914
0.03142234223277714	0.08588380476950767
0.03894719283813451	0.06970843821158927
0.03241413060739425	0.07520239349205311
0.036058327720015174	0.07065719827289664
0.03246029030602399	0.07524965493427871
0.03236999157173439	0.0740528694403506
0.03196324327516906	0.07760431582067627
0.033784755339600805	0.07327353796224241
0.03238153473495091	0.07553636020311033
0.03141395231292844	0.10810857780728028
0.03139403887384132	0.09633882939810662
0.033506307928103524	0.07215209683739623
0.033759352102968314	0.07912872483753516
0.03515016091893795	0.07110586519086075
0.03496019482200989	0.06641720202471137
0.03426678568520984	0.07196987679193953
0.031053424409062766	0.08762824679095654
0.03494363773569988	0.07045378824228309
0.03329800535442332	0.07201764189968173
0.03106251605042487	0.0873990526201776
0.03394390045396929	0.06763521062137559
0.03413708693633733	0.0693722177616636
0.03249191709871973	0.07551004081191848
0.031782781200587466	0.08578635567639208
0.031085560010680736	0.08701071689814242
0.03345614470998932	0.07217752606749038
0.03149112824554397	0.0794101095957903
0.031453749552106454	0.07926680941947171
0.03150132146604819	0.0770903626012803
0.03235503876578721	0.07137082748054646
0.03149694852042394	0.08611899812723087
0.031074373951225566	0.07952207332340626
0.03236958818195938	0.07676746377272815
0.03234301618432713	0.07387410406208415
0.03222239806343632	0.08026197558205948
0.030937245660222205	0.09056716808716993
0.030919235057905323	0.08490838212353441
0.03127894076263514	0.0878852287763198
0.0324021524593044	0.07454966561058787
0.03137992215932756	0.0835862472241764
0.03278683997963518	0.07271843737504635
0.031085856892809623	0.08177012995771857
0.03394390045396929	0.06823654183479466
0.0333686322049316	0.0711561305854382
0.032784750876921426	0.07089249981456588
0.03391374788564088	0.07074404833592245
0.03194003237227895	0.07945638487900815
0.033293735153590985	0.07200734063857435
0.03090388680457945	0.10266986522619549
0.03222239806343631	0.08022844255481866
0.03098468681900178	0.08833628629286229
0.030890582458694485	0.09294896249690189
0.0314891516195781	0.08949873723996032
0.03295127332874229	0.07139713939056896
0.03302495441650035	0.07378808310603893
0.0324094921610221	0.07450305191261075
0.032642266489236654	0.07430895967624974
0.03237225994319889	0.07488719426983989
0.03392080211406339	0.07000910770174548
0.032377606079280086	0.0778547405294613
0.03193496104812213	0.07876751853048616
0.03149187191193392	0.0858280878264804
0.03094663638726895	0.08343693112841612
0.03129859250102121	0.08755458476559608
0.030896101998685893	0.09141054489983903
0.032425679891630935	0.07787580650349622
0.03444548864690677	0.0681480518274644
0.03252707037250016	0.07117174020358412
0.03268940076397167	0.07059563945971883
0.03329910138704253	0.07201882734595617
0.03193927991446467	0.07749080333197042
0.03237423378925601	0.0764355570925032
0.03415533038773637	0.06902119948393717
0.031506528139563485	0.07945172654368339
0.03385902355314975	0.07197782410033447
0.0363897236322749	0.07331659389726891
0.03347840816430282	0.08297607652271916
0.037282458101145735	0.06604130612905176
0.03267532281694364	0.06703602564743288
0.03239363933396708	0.07453985877063152
0.031342535753796454	0.08125240296990921
0.033495987310728434	0.07060157690133154
0.0327868684828993	0.0722781856967006
0.03769476483579295	0.07279536831477551
0.03105924053938039	0.08354856793323337
0.03190390665412909	0.0812166074507705
0.031940022157721085	0.07693114389512144
0.03153723393639895	0.084729642807179
0.0325317668987642	0.07388067224476826
0.03397088147210654	0.07456838492786116
0.03405617368060149	0.08190272048302019
0.03687114653883454	0.07965393783994491
0.03278613865963743	0.07407226404553266
0.03155336969392794	0.08135022925992678
0.030813668475926037	0.08402034861468934
0.03422334638369667	0.0690304123779769
0.03474790066112671	0.07115374933342375
0.0328738420895806	0.0741908362562691
0.03562270238539348	0.06952829649874818
0.03241805345565053	0.07489864370683913
0.03090373620100364	0.09883768461276261
0.0342683626818958	0.07845329557428403
0.032786868482899294	0.07398047162795411
0.031550710212274034	0.08472077125980461
0.03098437406674749	0.08800432833055455
0.033051489426847803	0.07476245498266657
0.031073293783354997	0.08890558264725427
0.03338476869397844	0.07025444359777426
0.03418317751853584	0.0672898793238421
0.038195611011159154	0.08517140108848173
0.031921337681664316	0.08398467912649289
0.031422342232777144	0.08585249788270338
0.03471355293721428	0.0685668753066473
0.03107362267843201	0.08653798034248066
0.031195614887887472	0.08396777838918822
0.03403739927323475	0.07368892923466765
0.0338914672231456	0.06998118359054675
0.0327868684828993	0.07409252501931655
0.03236448936714517	0.0712448844355575
0.031053424409062766	0.08854033068942053
0.03096063098883575	0.09634462260937962
0.03267496738527903	0.07052832523324289
0.03095197287125096	0.0843554909504357
0.030830479791529756	0.08642003249850838
0.03095589725362953	0.08736246242642479
0.0327837077977715	0.07416776030458894
0.03124472795763215	0.08227772475257902
0.03284363860625293	0.07464251043754566
0.03227157653372041	0.0719802503934813
0.03103893552184976	0.08392659658473593
0.03496531323845148	0.06642266984829477
0.030916205186375566	0.08508025535502475
0.03263197090160154	0.07041562759536349
0.03236958818195938	0.07676746377272815
0.03095197287125096	0.08613449853188408
0.031934961048122115	0.081832290430712
0.03257067429639007	0.07502371554663416
0.031101127622545285	0.0897174003413564
0.030988860044067344	0.0870169549567422
0.032637532627670655	0.07327062643839069
0.031183095975462472	0.07984658443607325
0.032344728014660803	0.07517295611140508
0.03413714720986864	0.06810172289831766
0.032613649363410685	0.07468128144490434
0.03193864757812423	0.07589468251464287
0.03395482523656522	0.06811315386262878
0.032411113096400615	0.07400093978978799
0.03159837461660296	0.07953709615626964
0.03343285552063693	0.06781056236628193
0.03388994265107832	0.07046788525394357
0.03470115329568371	0.0684096818878787
0.03291854124404703	0.07590098395924942
0.03574499680732427	0.08317197315163175
0.03234998855285785	0.07759442354210815
0.03444506192294169	0.06679303942783432
0.03267520817512066	0.07209464721337543
0.031004766552387673	0.08993967395990976
0.032722034005313	0.07112896056074305
0.03346473646196799	0.07076605727152377
0.03418082113791268	0.0684017410740913
0.0313160826279957	0.08325070589500454
0.032412654630305536	0.07507665248446839
0.032906157158149	0.07370168987640936
0.03413708693633733	0.06936867476222329
0.034798303815350234	0.07070737528986604
0.03468516849894195	0.08136526768358132
0.032743447170701746	0.0717390849419795
0.032039576945749056	0.07967034956255213
0.030969638527145626	0.08268562116184076
0.031127835064694784	0.08770740094821781
0.03207914621543831	0.07630038834332462
0.030905694058374646	0.09142475463105727
0.03250874960379424	0.07360396303417636
0.031124064855438418	0.08435127951316018
0.03132024509073353	0.08382226788217724
0.0313479393774209	0.08118486056712221
0.03117194789505153	0.0807088954384466
0.032064275539178184	0.07956454514651691
0.03278711564918552	0.07407617785904755
0.031262779649384315	0.08698342912142575
0.03394390045396929	0.06763521062137559
0.03224691048111709	0.07472459583029066
0.03324832384441376	0.07123885363566579
0.0350233673311218	0.06881216450877721
0.03092162011163025	0.08489904098948825
0.03146741240699654	0.0793867977617805
0.03389099374720284	0.0700146695860128
0.0312506917681422	0.0828268847245495
0.033495639687690745	0.06816037968564895
0.03444548864690676	0.06948047102323748
0.03265092637210626	0.07306325716334049
0.032254991687641565	0.0767913352954853
0.03390803204280771	0.06851499383405331
0.0317454689954887	0.09238755685940524
0.03104066803351286	0.07947886596575852
0.031961032748225336	0.0911052824215778
0.031322797476062245	0.08496503255096152
0.03288418135386305	0.07501786056452475
0.03252322043191829	0.0711658435813454
0.03475544780381081	0.07220943449747394
0.033183007951099325	0.07145598878582521
0.03108112742749337	0.08185296878287907
0.03134277185563644	0.08084145241108544
0.03193939926506431	0.07749094831550236
0.03152641932233231	0.0834318654670807
0.032491696731363644	0.07424732300476841
0.03267496738527903	0.06991116860873989
0.031085856892809623	0.08177012995771857
0.03149112824554397	0.07941041977451671
0.03132496465629909	0.08374181968278618
0.0339439004539693	0.06763571255359695
0.030988865002117172	0.08319754805121635
0.03116621841789252	0.08272098688316198
0.03276466177775379	0.0702777790337536
0.03429092140270137	0.06823061559101805
0.03127931765475249	0.09143848745537236
0.03187379035197365	0.07907730304956138
0.031076830400506936	0.08581261235821552
0.03409145333820896	0.07068828092508173
0.0325832446790457	0.0800895996654971
0.033754133969672466	0.07073827706768147
0.03259952585311818	0.07425733321392039
0.030896101998685893	0.09141054489983903
0.03160268641680784	0.08913372674730542
0.03140382866942874	0.0803708489453015
0.032560112658859414	0.0711711349448414
0.03268940076397167	0.07059563945971883
0.03279552570150886	0.07656360917993557
0.0320380721353268	0.07646058666967093
0.03422086796266178	0.06838660081878531
0.032254991687641565	0.07678203319522783
0.032268353489135725	0.07522895706058384
0.032012170615948604	0.0748970823185795
0.03267779496686164	0.07147452015825834
0.03310745912883932	0.07166743260337681
0.030918654335090136	0.09144395133552553
0.03344078683400348	0.06785431425584386
0.032505496448656995	0.07415593921888851
0.03268545147261497	0.07298805830253512
0.0342763285750415	0.06686984114578515
0.032071269260893445	0.07490475533980816
0.03349990966162705	0.07126423272720918
0.03106353548160894	0.0786329277529625
0.030920050137371227	0.09384389824096924
0.031117056939700717	0.0847057313986253
0.0331810065999014	0.07366815309612802
0.034594636855625756	0.06786910758131647
0.030949950074516144	0.0909453151374188
0.031152098307165785	0.09064699071174133
0.03194541734283589	0.07743903912906647
0.0317178930354221	0.08445160984017461
0.032426343441644113	0.07504618681584817
0.0339439004539693	0.06734413042225403
0.030933837221632843	0.09168477392203338
0.03096615602775953	0.08614362829122892
0.032414989887727154	0.07674397870486634
0.032273581848354826	0.07553963282303999
0.03228264689037614	0.07216392192466378
0.03110715195928922	0.09313299143809957
0.031719898147058403	0.07760458272399637
0.03222446198359759	0.07122932637579309
0.031048277138450202	0.08844046074313884
0.033423319987426384	0.0700696913835
0.03245310674568485	0.07028467767819666
0.03342270047386816	0.06777676351677879
0.03338567662285589	0.06789246308632758
0.03484182410927561	0.06607723239439059
0.03132560902738931	0.07990348898653797
0.03235503876578721	0.07134117630894501
0.046224367526688515	0.08340424989165057
0.032523658850077956	0.07012550269157898
0.03185934382533575	0.08001980884840643
0.03109708430581363	0.09937377963310412
0.03165247219427629	0.07665936238640922
0.03398591797439871	0.06779696821421666
0.03375297092417208	0.07856843102828645
0.0342342314797766	0.06757532263882157
0.03475908520561083	0.06622520426084189
0.03476919595225276	0.06826942469374472
0.0334968381488106	0.07086667738429651
0.03091407009020154	0.09543485593648113
0.03104066803351286	0.07947886596575852
0.0324094921610221	0.07600995950257228
0.03149108548233118	0.07630980311843419
0.03267520817512066	0.07209464721337543
0.03105924053938039	0.08354856793323337
0.031050826864888886	0.08994564286532883
0.03109897587761196	0.08042593144647434
0.03322860409975019	0.06981739130445978
0.03189859497904562	0.07647633903082472
0.031170895482429732	0.08177588071911991
0.03236798283561301	0.07492971873422662
0.03249010538592161	0.07374336627883987
0.03239727622006578	0.07592686256475864
0.03091551662924064	0.08550998228948443
0.03103893552184976	0.0852159749411093
0.031982574299462496	0.07854667288714338
0.03434794097495131	0.06739135756914084
0.03131153564350487	0.08367392029805842
0.03331446948861304	0.07094564255556479
0.030958316388987408	0.08474786995296503
0.03834387735895325	0.08884376919946824
0.03116085517416853	0.08086779775046997
0.03195722312594943	0.0720810774419026
0.031335606496703486	0.09714717365898852
0.030907799346248023	0.08260937758965213
0.031898781777682496	0.07639540851105937
0.03276993143157958	0.07088746090370304
0.031353274491878816	0.07959371290149014
0.03217849360615945	0.07484474504821363
0.031009403365563484	0.08907500488223635
0.032614085067889875	0.07029803109828844
0.030922954049986545	0.08490087610938073
0.03267496738527903	0.06991116860873989
0.032370353339907225	0.07507829008641027
0.03116119882741588	0.08086824434140447
0.031934619728837994	0.07876709704538883
0.031009432339777942	0.08645300764372335
0.032939789914847216	0.07349694184273085
0.030809956750536417	0.08446928574118248
0.032969691069530044	0.07295039029323001
0.03409525169261022	0.06708870452818506
0.03269048532547852	0.07046585886079056
0.03456390205730033	0.06567966738267304
0.03473873971169873	0.08263139750741516
0.03169735492496335	0.07649059296470073
0.03338567662285589	0.0679474676446698
0.03393428220666058	0.06760980963972439
0.03456401475921198	0.06567977453803657
0.034237373935365155	0.0723302092316939
0.03108112742749337	0.08212663540701537
0.03265814616350796	0.07139120271075117
0.031088356407344978	0.08299856648496487
0.03295387605075033	0.0717016803920061
0.034557758161264315	0.06610829248678164
0.0309294661536664	0.08315239232280115
0.030913056948640674	0.09228937918341439
0.03276255026075586	0.07171099677952028
0.032316771308970475	0.07078256143563694
0.031059009439538588	0.08354825655205002
0.031034765800647124	0.08234258650882581
0.034540679561538175	0.06814596733538447
0.031177633885704305	0.07787321696254468
0.03097986685028867	0.09544832478342773
0.03105833372871419	0.08060287041704027
0.03223474580104865	0.07473140979698269
0.032659788828562575	0.07527691816776708
0.03230632012294091	0.0723264864497527
0.034820465166619	0.06627482963922503
0.03559737136800434	0.06642506710538525
0.03227333980682897	0.07767566856607812
0.03427593034912288	0.06784456093281271
0.032993029997390476	0.07167501577030182
0.03278650332148882	0.07054861068897218
0.03287491141946957	0.07542623912644551
0.03093342856577992	0.08553480321926021
0.03100224687737025	0.08442402526058063
0.032150761504638685	0.07474084682427831
0.031222906471416925	0.09058855704166029
0.032025829942073536	0.07196168687346087
0.034109101583330775	0.06711634845622447
0.03145374955210645	0.07865658901439529
0.03224691048111709	0.0744270811801758
0.03212196431658795	0.07479804011036376
0.03096347624206284	0.08266611731873919
0.03340505449004518	0.06777981045807512
0.032443824332565645	0.07155307049805562
0.03243240008899925	0.06954953803488996
0.03248754795776679	0.0716499022501095
0.030903003377307725	0.08490631734147101
0.03351283774248984	0.07015411331994607
0.03097711434121267	0.08318174317654291
0.03082519873616368	0.08402223247352486
0.03190411283590078	0.07564471024604931
0.031388877168274446	0.0818644403925754
0.03336502906661234	0.0702777490252636
0.05261266785118635	0.07429161126365166
0.03258673186571239	0.07414771528920656
0.030872397980628394	0.08439112919929348
0.03394392607185857	0.06763518838755297
0.032354990744468654	0.0718694553143604
0.03137527754273868	0.08282803113267036
0.03831261111135865	0.08103621926025194
0.03110438409083986	0.08315712177255438
0.031066701106627244	0.07881727091805579
0.034095179547630784	0.06708863350410922
0.03222453583894429	0.0746192057979283
0.03189859497904562	0.07647633903082472
0.03149797248747178	0.07578631441091425
0.032446262354873474	0.07025474948366493
0.03327939966727061	0.06966704286296019
0.03969268556835658	0.06602703894707437
0.03395689313178849	0.07373206489000933
0.03423301308072614	0.06757411402607598
0.03190002897046071	0.0774431180104618
0.036887408854651034	0.07045972685834045
0.03219647349079537	0.07629409354779854
0.03240586849295989	0.0717552415627508
0.03235494189388735	0.07134121546649315
0.03436860904309649	0.06745998087905762
0.032776584413839537	0.07024328260036207
0.0333751185925253	0.06700370644795169
0.0322471946496664	0.0721939453006011
0.031059240539380393	0.07974838961487386
0.03926085905374671	0.0686703611265527
0.038688598361155145	0.06568374030970528
0.032384046002624296	0.07135902488521129
0.030866542352546024	0.0843109323510915
0.03130042449822482	0.08859085259999232
0.03171429755987022	0.07400921280065621
0.031014271939276424	0.08887752303381873
0.03146828716516636	0.07938790262893802
0.034563875545001954	0.06612665312224077
0.032160527358644934	0.07484528668408645
0.04114116625364501	0.07117738747196119
0.031079985803452042	0.08009651545694889
0.034881887001922816	0.06835967263991907
0.030915527195030948	0.08475008978251183
0.032268316016301	0.07522900829154223
0.034727014352335245	0.0691924798847618
0.03186947747757918	0.08511666322579138
0.03456390205730033	0.06567966738267304
0.03391915557083579	0.06794949928418387
0.034620659039134596	0.07037809012581082
0.033665186658852646	0.08207996637230557
0.03133627595953288	0.08079079950619586
0.03331806789198142	0.07655852532710777
0.03281633269811314	0.068157373847755
0.033079854844067516	0.06960691453566373
0.03448379087484667	0.06604968602450305
0.03252378087896979	0.0732271211095808
0.03409564329876717	0.06606521498987565
0.031956824681568956	0.07293943136215843
0.0355297437608094	0.06850167273912751
0.03190411283590078	0.07564471024604931
0.03221951297047801	0.07659639241067268
0.03220948894942921	0.0853013410308084
0.031086477952025463	0.07968138330297275
0.0331662511810154	0.07178177326424688
0.03585110878053781	0.07246832821252765
0.032293479480658256	0.07559416715160827
0.03338550239763975	0.06779994022645949
0.03393506156517417	0.06770091391692928
0.03215767791600327	0.07876423826883816
0.031286021604085085	0.08259247015682415
0.033855435977585724	0.06965980388399604
0.03467419708757045	0.06553422359369669
0.032761654827737074	0.069728583831297
0.031506758275408435	0.0784345837127429
0.03166823648934154	0.07813414181339709
0.03081739114281382	0.08751871187664562
0.03214666824236124	0.07514853108717505
0.03331542544416642	0.07141093802819508
0.03313117114711022	0.06999958622148904
0.03215116539932162	0.07218308857852433
0.033414999924637014	0.06750999402501036
0.030977114341212673	0.08357022132014594
0.03115687547784233	0.0792928600771826
0.03249889905374738	0.07153319398335538
0.031151184866979677	0.07713971381653284
0.033211215182467176	0.06773503924367101
0.031849767134184	0.07918124443655064
0.032135701371492346	0.07963041943177103
0.030830884029943724	0.08641816069730235
0.03218087721436066	0.07484668613942272
0.031251442298095455	0.07790515139754325
0.032388221715248695	0.0744213203728325
0.032639357464254046	0.0697093698709821
0.03391427889008655	0.06671498685576358
0.032256269845275624	0.07489651146844259
0.03243240008899925	0.06978265704606974
0.032025829942073536	0.07350256368094864
0.03190411283590078	0.07564471024604931
0.03576301719127003	0.06744668752858303
0.032071269260893445	0.07490475533980816
0.034561418214287584	0.0651129317735959
0.03228217940445632	0.07342640845043616
0.034274677221541684	0.0662237908016854
0.03530116941827915	0.07910926504019786
0.031057984750339582	0.08216694445490717
0.03306149999832821	0.06935687226130119
0.034201939172527056	0.06888325701257877
0.03652843911741331	0.077701016220999
0.03460310494173628	0.06561494277201513
0.03154732171010326	0.07668503757515288
0.031390698040124836	0.07798941059616275
0.031169311561846297	0.07969407821798986
0.031009609616240195	0.08340663433900503
0.031177633885704305	0.07787321696254468
0.03196182672935755	0.07428194850552039
0.03404515024437922	0.06669057399975857
0.03590880123757206	0.07753852528571034
0.03106353548160894	0.08062740802107879
0.03238937998403222	0.07134313544744239
0.03144579288922622	0.07854856545617964
0.03223360638456242	0.07473008746228774
0.030983825498663756	0.08178036936510948
0.03393428220666058	0.06760980963972439
0.03444772594546172	0.06683752482916001
0.03408960543571989	0.0671230854707523
0.033980228746707766	0.06734370049981589
0.03492989065009778	0.06641994204816999
0.03166218373725724	0.08447848344267216
0.03189859497904562	0.07623837043878588
0.030963476242062846	0.08291540696218817
0.03195671865043858	0.07450098397407458
0.032920869359014	0.07758247559740376
0.030822057485331598	0.08598284557343026
0.03351349195990997	0.07514543445244286
0.03235494189388735	0.07134121546649315
0.03221335205224281	0.07299771080130202
0.03104066803351286	0.07947886596575852
0.03094663638726895	0.08343693112841612
0.03192551456951741	0.07517162044743086
0.03305900161932339	0.07007001465023248
0.03343285552063692	0.06780365521375026
0.03204166568135118	0.08193259430492808
0.031898781777682496	0.07639540851105937
0.031074373951225573	0.07938583266563186
0.03194546370416584	0.07794226171938047
0.032363745992531896	0.07194461711571942
0.03141215039030774	0.08497055896783202
0.03145882025575019	0.07955086613990717
0.03204134798216836	0.0753792103614441
0.03148821928960951	0.07650081751200269
0.033896699113768164	0.06839671476554798
0.032202762203372544	0.07192454633278293
0.033980228746707766	0.06734370049981589
0.033993189965527554	0.06739524317660141
0.031177536780571807	0.07845345461591514
0.03198283200229158	0.07193394386493432
0.03325662017316193	0.06983839075082797
0.03188904070240791	0.07644301385453099
0.03190411283590078	0.07410101992949691
0.032216696800431543	0.07267948035519677
0.034538177752005066	0.06586313654474239
0.032018296908354636	0.07352697496644142
0.03391389290471883	0.0667139070214301
0.03169690907531909	0.07649165879384637
0.032025829942073536	0.07184503463587988
0.033079854844067516	0.0697147851535781
0.031953046247984056	0.09062520210274924
0.03548829988365459	0.06725795340432758
0.03183130193158	0.08313646504773108
0.03225581350441139	0.07771207868575472
0.03222446198359759	0.07122442201887583
0.031057984750339582	0.08333435487808938
0.033130443181099735	0.07049379942342528
0.03253709450819008	0.07162484922769805
0.031081378311234732	0.09083730169218424
0.03204743955116903	0.07538111293131536
0.03201399168486384	0.07467732380029908
0.032163975123345415	0.07770670118066605
0.03409615002765168	0.06709039885443394
0.03235486930834555	0.07133958111875559
0.03308080773120139	0.0696076834328246
0.032270643712441004	0.07197944801805639
0.03304489786660088	0.06933943944453583
0.033421409834976275	0.06771048236801369
0.03091471098806212	0.08443419897886169
0.03105594671306349	0.07896525460786005
0.03114203743562458	0.0792745408289637
0.03395829001525033	0.06735822866941334
0.03400168787716955	0.06683671476965611
0.03975651375781488	0.08177874379550346
0.034274677221541684	0.0662237908016854
0.03200032895723359	0.07578466710345051
0.03570635813602666	0.07809423057762005
0.033201450851372404	0.06784328043851728
0.032890194534672214	0.06981735497921267
0.03187605494710079	0.07635075726687346
0.03357333934641627	0.06920642609770664
0.031835614349935995	0.08589625656393561
0.03160972040483031	0.07919012470750654
0.030813668475926037	0.08405917523814954
0.034095864849569474	0.06607255432934914
0.03202384235449974	0.07452532719380325
0.03473462785603618	0.06535697110287392
0.03104066803351286	0.07947886596575852
0.034123896513431666	0.06666856207631394
0.03263950361066082	0.07353779085594893
0.031136617930759357	0.07977351769616964
0.034561418214287584	0.0651536968217007
0.0324324023932881	0.07041257790285436
0.03195671810234389	0.0754426883154116
0.03355857087080776	0.0676042078125245
0.03098994028858405	0.0876228529463007
0.03154835651376024	0.07821124000751119
0.031303308686039956	0.07932063537420114
0.03129001692933026	0.07886543351920917
0.033962789652436286	0.06471336212895422
0.03267488872288526	0.07227396898654423
0.03197163015353836	0.07089528411792585
0.032889221463319546	0.07016892063049027
0.03281633269811314	0.06811912223708934
0.034003718997959155	0.07046477462901092
0.031167116948804433	0.07908923352157335
0.03312970774567533	0.06999307180648737
0.031113608155650646	0.07589822524967528
0.034678062566404565	0.06387361137223584
0.03537389350024688	0.07852452666919091
0.031226079077643576	0.07927021746751509
0.03458963964657972	0.06685098335212655
0.03104066803351286	0.07863657750235957
0.031982978632629736	0.08663872859648426
0.031324651221199026	0.08191851970288455
0.034179124224390414	0.06856103045250671
0.03363813672522196	0.0674674556775557
0.031948814517901915	0.07485376146368349
0.03166334548865027	0.07547404750578336
0.034504270122091125	0.06670245827413475
0.03152986188803136	0.08307096770482755
0.0351006923128605	0.06645492121935256
0.03301504096073147	0.07165859375490484
0.031136023216643178	0.08230023296602763
0.032025829942073536	0.07205893657069727
0.030809956750536417	0.0863883739590753
0.03448379087484667	0.06505443475170429
0.03199476693730943	0.0778553130647129
0.032025829942073536	0.07444845869458588
0.032032409346870294	0.07523351371923045
0.032086835369315635	0.07307599828414331
0.030902862428579862	0.08690875558678363
0.03171429755987022	0.07400921280065621
0.03190411283590078	0.07564471024604931
0.03266116884290902	0.07841429240665256
0.030821131812231454	0.08432774255251659
0.033276519321348	0.06721006711999072
0.034288696030440734	0.06711907354415508
0.0345290538631927	0.06608078973986162
0.03171675735131059	0.08289537987273465
0.03391389290471883	0.0667139070214301
0.03106353548160894	0.0786329277529625
0.033469938427971344	0.06726702689920315
0.03223983122027936	0.07102177185927744
0.031401862207638645	0.07822402326942599
0.03206471649763097	0.0717720195126844
0.034095864849569474	0.0659556903148911
0.031115514731322902	0.07817155050951359
0.03355147312146631	0.06623597720868818
0.0310562296833723	0.08001978603264939
0.030977599808908404	0.08469786870406835
0.033244199246926204	0.0695008098646271
0.03272015947178741	0.0705608573554362
0.03431906120438489	0.0708384572996972
0.03171853120805172	0.07666069099770663
0.031043216904607256	0.07950529529754242
0.03453817775200505	0.06445225801898122
0.033421409834976275	0.06804419294471309
0.038408051967756	0.06555024418997736
0.033695886491128466	0.06732529010425024
0.034267762338943984	0.06546380224509474
0.03433905326357891	0.0655308070269214
0.03195722312594943	0.0720810774419026
0.03277327032871297	0.06964937651365145
0.032459908082573194	0.0734821274631977
0.03128358852629887	0.08266395262265588
0.03203532944012865	0.0707526034818168
0.03279727939503173	0.07076598309594584
0.033415398199988795	0.06751160514298389
0.031383603215305075	0.07831226691139107
0.032041080260273615	0.07338058848515397
0.031177536780571807	0.07845345461591514
0.03178716470984673	0.07595587192289226
0.03169690907531909	0.07649165879384637
0.034477846429698596	0.06516551763460546
0.03404515024437922	0.06755129734519774
0.031175798927065086	0.07760538673728837
0.03277408523530034	0.06922689477046182
0.031956824681568956	0.07229362090547818
0.03126816153994704	0.08085908288434779
0.03193067039859378	0.07428087297038817
0.03195565592070917	0.07450917199061048
0.03278060681747505	0.06837680154171458
0.03435456822353607	0.06701697778284957
0.032680840966664786	0.08568107178631101
0.03184446144632289	0.07697481307862197
0.03098897985420948	0.08178718580806006
0.031035731150313845	0.07947253584865689
0.03165692803750448	0.07556454016328747
0.034157270197483124	0.08407331834279098
0.03301683868668798	0.06874771760248703
0.0311727178476899	0.07770928585399069
0.03195671865043858	0.07450098397407458
0.0309294661536664	0.08315239232280115
0.03147651235799606	0.07627942381805519
0.033891927815224786	0.06713808756550087
0.03137828850356276	0.07815028970412147
0.031064705447139362	0.07813578430590953
0.032809017778392256	0.06909182430248502
0.03228424086186977	0.07055215383573149
0.03205807867442617	0.0718302603474036
0.03515555505000343	0.0673950997713474
0.035380996521429314	0.06782068662259214
0.033211215182467176	0.06773503924367101
0.03190786769208626	0.07161378430396867
0.032485928997288256	0.06958947850535023
0.03208037198691838	0.07235343800809732
0.03189584967128528	0.07589758830921485
0.033364032607501745	0.06838333134287264
0.03159191770686383	0.08315735167276021
0.03203827419575016	0.07415348022314122
0.030848869492278955	0.08644301184604637
0.03385521171913397	0.06743800708683886
0.030971646400717465	0.08220922862348287
0.030945516437582747	0.0794408710529265
0.03167909405798293	0.07794350601188378
0.03220276220337255	0.07213685787109192
0.030822057485331598	0.08598284557343026
0.03243251526880702	0.07041257706947152
0.03220263260104487	0.0719245464370758
0.03267496738527904	0.06995004736443486
0.034976801165927156	0.08767825053160966
0.03394395894007383	0.06489633963498184
0.030924296480917164	0.0889439230380863
0.03391389290471883	0.0667139070214301
0.031354426478282627	0.07678728833251876
0.03290637369948954	0.07079762528353954
0.033993460549928876	0.0662142750723103
0.03321017140906489	0.06664097214559435
0.0346775949357582	0.06532548109924782
0.03222074179664561	0.0712002133142924
0.03391739137984442	0.0675360923208582
0.032025829942073536	0.07172307455284935
0.03223575911628021	0.072763819579907
0.03171425451757446	0.07400887717547805
0.03104068581005735	0.07863691470594585
0.03334974651401873	0.06789634693711143
0.03222870349568695	0.07116786586433675
0.0316882567773432	0.06922025589767057
0.031166264240188497	0.07789093539910848
0.034698959195707334	0.06573659334477383
0.030824243707764067	0.08402187538186327
0.03198283200229158	0.07198931338319273
0.031151184866979677	0.07708004899355332
0.032497691560225285	0.07312708582343441
0.031167386438032154	0.07767749931544403
0.030816678707607955	0.0857283787261903
0.03196574535490887	0.0720328814433413
0.031232144691664538	0.07833515853802593
0.03106615284395365	0.07857407746175417
0.03342875727328378	0.06710113435326782
0.03195178041996436	0.07175956821221081
0.033276519321348	0.06721006711999072
0.03258443490730708	0.07936873122453307
0.031035731150313845	0.07947253584865689
0.031055946713063488	0.07888756182753039
0.031162011135884262	0.07716164419400595
0.032393071667632604	0.07082366681503828
0.030945516437582747	0.07949653503707958
0.03192625374249835	0.07376088818405636
0.03265322159967701	0.0709186095794727
0.03319692206466296	0.06776901506582023
0.03404319931184519	0.06668811554573072
0.03278206655306532	0.0666531144734395
0.03466563888266099	0.07268668896579444
0.030813668475926037	0.0857159743170565
0.03143943907417391	0.08136080448670215
0.031059410257545276	0.07905590941284055
0.033455426752626395	0.06835342529427828
0.03243395231981876	0.06981505177850775
0.034561418214287584	0.0651129317735959
0.03433905326357891	0.0655308070269214
0.03391389290471883	0.06650658707686656
0.031040567092995214	0.08362692988737823
0.03147651235799606	0.07625297857453608
0.030813668475926037	0.08422333088224455
0.0324324023932881	0.07041257790285436
0.031107920124752705	0.0817289756461467
0.031182285501185632	0.07943361044966804
0.03396418643783271	0.06781548665242716
0.030945360304632394	0.08269305215936282
0.031972191673264413	0.07543128719360025
0.03321017140906489	0.06658079911340507
0.030809956750536417	0.0863883739590753
0.03250429042254992	0.0703363242179903
0.03461782463038621	0.06529242557130638
0.034377346793673005	0.06456836332581757
0.03391389290471883	0.0667139070214301
0.030945516437582747	0.07757953442289861
0.031875133272559406	0.07323997743626082
0.033891927815224786	0.06713808756550087
0.03353545408802889	0.06806528361468142
0.034669762944267275	0.06386589250588331
0.03104903702225462	0.07948963585372924
0.03465457303539639	0.07446082410043929
0.0311138951307867	0.0781725706790146
0.03106353548160894	0.0786329277529625
0.03243932329751487	0.07777817198060274
0.033029001743411175	0.06780088254617718
0.03171429755987022	0.07400921280065621
0.03281682734777741	0.06808415170793423
0.03404515024437922	0.06669057399975857
0.03131363841605122	0.07616646072306153
0.03200637789984303	0.07078430487225848
0.03346632523360421	0.06570680864970198
0.034678062566404565	0.06384664332089635
0.03414396081339717	0.07028071031419418
0.030971646400717465	0.08718332591071756
0.03153828768054529	0.07400368684273895
0.03213386708175845	0.07648453961028749
0.032220643113865396	0.07119981920349436
0.03085896566474534	0.08373281602529437
0.03112588753086393	0.07728420787599395
0.03234598346348135	0.0698470540630468
0.03205852452287963	0.07183050010548334
0.03623639788147412	0.06596705531216293
0.033211215182467176	0.06928411789172531
0.03356894888723731	0.06562611285830902
0.032029977818390135	0.0721268340243591
0.03212827798228956	0.07634114811235876
0.03126573578669779	0.07747657876103947
0.03176675537054925	0.07742787603531061
0.033891927815224786	0.06613312279792592
0.030907799346248026	0.08387834083581468
0.03340655461374156	0.0666514664889963
0.031022488469991165	0.08149202771934515
0.03281480792546651	0.06971226321409191
0.031151184866979677	0.07850185089144883
0.033973931318778745	0.06682488549518466
0.03446264349727807	0.06559588527784793
0.031409378051590366	0.07732793270063545
0.031475951474952774	0.07651255808175612
0.031956732841231156	0.07146556553138586
0.030945360304632397	0.0837665192133768
0.03099232162895349	0.0814075827372931
0.03220401010808858	0.07117786637108248
0.03828544582521921	0.07073446494198016
0.03201919012724107	0.07172779701390232
0.03169402609677529	0.07715599467858773
0.0320531405598154	0.07198334966816226
0.03627600508402746	0.06759905867095793
0.03223983122027937	0.07113578944263124
0.03106751692714883	0.0829356383328042
0.031246840711332265	0.07788010607161608
0.03386898398601088	0.06623520938988454
0.030907799346248023	0.08260937758965213
0.0324322944589484	0.06954942465858775
0.031518681289427586	0.09752941038810878
0.033569110866857606	0.06582233896154883
0.03172612515651697	0.07607241177522744
0.03346632523360421	0.06570680864970198
0.0310629548605545	0.07632569869429309
0.031033868691523865	0.07946807636748666
0.030907799346248026	0.0838806023245891
0.032774279087534636	0.06922709995784608
0.030945335140951144	0.07757930679798511
0.03183534457063189	0.07275249579667166
0.034440702387560654	0.06732183490051405
0.031077848819488454	0.08477969047496996
0.030822688768854297	0.0844867685205574
0.030866713302862496	0.08434190651361508
0.030912508001604052	0.08583590833484545
0.0327745279392383	0.06950959844460919
0.03344126165877163	0.06672489227074413
0.03348507271395037	0.06794273062833184
0.03204909213859717	0.07097016719195112
0.03170892386447172	0.07399487808149059
0.036084433639000324	0.0639945489498117
0.031926951711230875	0.07376047541962427
0.030816564015319032	0.08416019832969594
0.03339008562545179	0.06725853496830098
0.03230210929466657	0.07079857273149738
0.03321017140906489	0.06658079911340507
0.03280901777839226	0.06845980853289917
0.0320258296498222	0.07172307560719357
0.032688413672295656	0.06978534540240151
0.03154383147864161	0.07388601164416095
0.031063181629394195	0.08204348855236551
0.031085129809468027	0.08273393905517255
0.031125900837662996	0.07728427763151192
0.03335080321434519	0.06692195296624442
0.032410781062203985	0.06977439286379612
0.03567715884427358	0.0668564871119032
0.031971368136595346	0.0708959707807872
0.03356894888723731	0.06536441622754506
0.030996080731132976	0.08086740206163108
0.03277327032871297	0.06900406252448214
0.03243395231981876	0.07048003285212726
0.03258954160341974	0.07078640174049923
0.03223498711307615	0.07022801717816336
0.03424082854442254	0.0652355894899198
0.030970915236081514	0.07978586498694193
0.030917859564338183	0.0822972679553087
0.031071036611998736	0.07913572446931331
0.030912102063447078	0.08562216136870437
0.03427843634071185	0.06544619842956177
0.03321017140906489	0.06658079911340507
0.032688408045235526	0.06741227903932143
0.032681139155648846	0.07705537189452917
0.03215788573927491	0.07077459509844553
0.030810998162546913	0.08326728440348334
0.033267529818740794	0.07016598177439397
0.03278060681747504	0.06897177010304674
0.03394395894007383	0.06489633963498184
0.032019308130842666	0.07015507817914444
0.03466008734491524	0.0651570508208486
0.060726830290802676	0.07085743742894687
0.031482134842270165	0.07650566072517372
0.03436705295533482	0.06554829660804315
0.030809849460966477	0.08446913840680394
0.030928429841045442	0.080872813299834
0.031076142925914124	0.08434755890479999
0.033439924979236195	0.0668462244945909
0.033134949351885185	0.06640718715891683
0.03231687263371715	0.07078267251864312
0.031040589929415465	0.0786367930732793
0.03277327117980883	0.06964937741850223
0.0309089965827721	0.08388030726820696
0.032121030689449555	0.07197053697847287
0.03429798437031157	0.07804221115560112
0.032065740403033956	0.07295558305557746
0.03306499060407274	0.06914135048354307
0.03205086426189215	0.07072151887853301
0.032984082644043	0.06922637813034271
0.031808955522199464	0.07514768671310265
0.03445293856113175	0.06579703702183572
0.032235022765268545	0.07080802606455587
0.034599731859833595	0.06370264736944103
0.030900874505539154	0.08287779415782696
0.033939968988332084	0.06651610203525384
0.031044233255306603	0.07610046607843862
0.030965291504667605	0.0802035599496991
0.03350974900591208	0.06691601637702602
0.03318227434012779	0.07491942647018522
0.03142916951971817	0.07290329578261891
0.03206728153362151	0.07326636981952439
0.032015092068666255	0.07245973741594625
0.032263996710544224	0.07115113237618563
0.030813668475926037	0.08405917523814954
0.030896082476491754	0.08663748012947295
0.030831981177178495	0.08469992834609891
0.031075382709283013	0.0825001295909105
0.03396488773934313	0.06495978703320017
0.03275904303953076	0.0683097278251115
0.03227506836022566	0.07118122868418626
0.03393392888438516	0.06822362423724385
0.03112588753086393	0.07728420787599395
0.031536358049292945	0.07726219936748
0.03172334670798948	0.07531796536832443
0.03259166195919443	0.06965223414303671
0.03278060681747504	0.06861191151462671
0.030809956750536417	0.0834484087062162
0.034599731859833595	0.06370264736944103
0.03231168785569269	0.07007357297470768
0.031762926796164714	0.07276504578649023
0.033533438751419925	0.06818047461085128
0.0324119670899048	0.06959565144230355
0.03154682938392766	0.07369466843107068
0.03321017140906489	0.06658573723560023
0.03116827432917825	0.07579920563139216
0.03246541079095216	0.0691430885211626
0.03285522163989529	0.07056625782719428
0.03355555183373853	0.06535136223275054
0.032025907514191015	0.07172316153218343
0.03233675231892834	0.07112959527856554
0.03201497840185226	0.07105862554860956
0.031315116927285835	0.082571556843798
0.034446120128692054	0.06595278710826556
0.033633212442385034	0.08310002947635416
0.03369382060328139	0.06545937896998422
0.033210852435330035	0.06653563242406597
0.03287396375291211	0.06845037017596504
0.03198080068097215	0.07169569614495028
0.03466177367875303	0.06694816766622472
0.03147787564186416	0.07586530532836201
0.030947023853051814	0.0807936553919416
0.031545158508030205	0.07373662614173768
0.03171425451757446	0.07449463269033954
0.03277014697174222	0.06943128718778707
0.0319570089071941	0.07222361157841616
0.0320251041304129	0.07245706878513297
0.031972397211636375	0.07089332291714232
0.03241915325011424	0.07124778928659946
0.03277408523530034	0.06922689477046182
0.03095609354758196	0.08225088122921621
0.03268840804523552	0.06858425542324968
0.032058308211057464	0.07077647580209832
0.03183534457063189	0.07275249579667166
0.031151186621064017	0.07633370522209858
0.03085896752602354	0.0846723099061189
0.031151184866979677	0.07708004899355332
0.031041018822495034	0.07864132557186687
0.03126576237253509	0.09704442239426644
0.030914722472390653	0.08244471630195098
0.034267762338943984	0.06546380224509474
0.030945335140951144	0.07756515083572481
0.030982269372687624	0.08244418453209994
0.034451296154338715	0.06503755767043133
0.033224449906065455	0.06733277876567582
0.031957806472376366	0.0709751734046153
0.03279244828990077	0.0681325396432074
0.0320269267246777	0.07180811608426223
0.03277408523530034	0.06922689477046182
0.03166334548865027	0.07547404750578336
0.031956825376832115	0.07005594871645947
0.031947841401278466	0.0726147344005829
0.03323242320173085	0.06659729816258607
0.03361845844666324	0.065359334313668
0.03094506005558828	0.08267816806140187
0.03093485487579221	0.0829378492969205
0.030939383819728276	0.08318824041135088
0.03453817775200506	0.06443932900540116
0.032609774979195955	0.07009858590864271
0.03176607711130861	0.07223118452211633
0.035066645023632444	0.07233178673492263
0.030903579705631692	0.0844007329268942
0.034599731859833595	0.0636965858938327
0.030907799346248037	0.08261981341792961
0.03318304436261333	0.06742327469637226
0.032129386713965584	0.07096106236722581
0.0325502141708815	0.06884894421491722
0.03460601841584736	0.06485113555972026
0.03190264385126124	0.07787956734313448
0.03188909731902969	0.07330105346178582
0.03365136480161993	0.0666813767462014
0.03321017140906489	0.06674737949302632
0.03392746979496848	0.06488056494762318
0.034071130605424785	0.06537678612775845
0.0323503769435222	0.06998751015317549
0.03263170863535168	0.07705129387074793
0.03330372619979328	0.07034495061253729
0.031009531263082975	0.08077431204453452
0.03093499043270495	0.08778018996642971
0.033896771721200626	0.07486605623210414
0.03316945654699974	0.06652708601579413
0.033175709571196074	0.06627945837325286
0.03223368542579889	0.06926192681524562
0.031434074732789266	0.07398250512631413
0.033134949351885185	0.06833588249398562
0.034793920286546993	0.06349240008902941
0.03176607711130862	0.07243764372476381
0.030877663237180348	0.08067339666479785
0.03320806034348724	0.06879713162464945
0.035147364890559585	0.06521872127854231
0.03125932123647293	0.08044276499169771
0.03229191650952366	0.07239541955642595
0.0313491332914498	0.08493051978198522
0.032530598559988834	0.07062905673748558
0.03350164724418377	0.06577609186740851
0.034756143798579636	0.06379089320146926
0.03321161922034324	0.07817725281955515
0.03321024462356386	0.06653506888886809
0.03195542837186744	0.07187322077988069
0.033100746257368016	0.06873128537289931
0.03198536272162481	0.0721608591673979
0.032111037118299914	0.07093272891038761
0.031512065704458095	0.07384458731217602
0.03433694257901772	0.06448295539491943
0.03196644779258452	0.07182296792615828
0.03422627399964509	0.07073818548019602
0.031957592557515874	0.07426506263877286
0.030936315935416934	0.08129663396515456
0.03112588753086393	0.07717704383188537
0.031972397211636375	0.07089470575832625
0.031076662445074548	0.07744915986199058
0.03467814617788056	0.06381217748835262
0.035265512321285546	0.07450743341602911
0.031354426478282627	0.07678728833251876
0.030944196894523334	0.08108229415458572
0.03297363503001824	0.06857068522637363
0.03240066673350011	0.07162943415279793
0.03302236245791952	0.07155350102284691
0.031096248525410142	0.0754620107816048
0.03095577700133094	0.07943515108124492
0.03365893846960787	0.06601885798867063
0.03169617669208922	0.07396700072129885
0.033895453806407363	0.06581420486023089
0.03109997707695108	0.07535280305753089
0.03241211377497685	0.06814423228984282
0.03269458319567933	0.07136190942841923
0.03371584754707353	0.06577406298228833
0.03136393061006926	0.0754712059231677
0.03458589961326519	0.0635788845494324
0.03272200549405528	0.06758075261791197
0.032373724822953504	0.06994467783111614
0.031151186621064017	0.07629136036828682
0.030914722472390653	0.08244471630195098
0.030813668475926037	0.08402034861468934
0.032929481027937794	0.06836506733411923
0.032264914389287705	0.07047660027624496
0.03321017140906489	0.06575725756045843
0.03183534457063189	0.07275249579667166
0.03236222625488141	0.07111590655051897
0.0321650469214862	0.07084817752687174
0.03240318489300785	0.06973978552355321
0.032386545681663804	0.06817803018524833
0.03200493240794445	0.07072116230123236
0.03242587687594407	0.07546768056934663
0.031605004341268915	0.07703913645270911
0.030914781632181445	0.08440279914198336
0.033029001743411175	0.06779759923661395
0.03354600759820225	0.06658579027190419
0.03357153349383645	0.06562794018279923
0.03171071188294857	0.07350449882391721
0.03183920598497347	0.07339709220634145
0.03143091693115482	0.07299625265939012
0.032464087542419084	0.07125119399834282
0.03192905966030376	0.07246805625411748
0.0325425085004678	0.06884078359036118
0.033225596084017935	0.06784595713345855
0.03237682228000922	0.0704818060453407
0.03080995675053642	0.08723445709258333
0.03161651132331247	0.07483858496637161
0.030813668475926037	0.08511344249354455
0.03176607711130861	0.07223118452211633
0.03089205571648845	0.08229938740070902
0.030945383058675995	0.0775745369547535
0.03439014722487169	0.06374660843478808
0.030905658847294657	0.08252746127140878
0.03281533825826696	0.06822488765653831
0.03160546072070595	0.07680087685808792
0.03343155076107216	0.08507968785898302
0.0325502141708815	0.06925084338530181
0.03275904303953076	0.06847664444606436
0.031548108399882306	0.07394387970850232
0.0316548861499949	0.0738788321093279
0.03135807460222401	0.07980343451460832
0.03206549609192021	0.07221142989331387
0.03361606885169194	0.06520172182267987
0.03276052764699381	0.07256177147930196
0.03467806256640456	0.0643281556245648
0.03080328746667516	0.08446012685001009
# $END DATA$




