# $NEW GRAPH$

# $NEW TRACE 2D$
# $LEGEND$: $$
# $LABEL X$: $Time [s]$
# $LABEL Y$: $Objective (or constraint)$
# $BEGIN DATA$
1.2115628719329834	0.0
1.4882771968841553	0.2474618573408246
1.6789381504058838	0.1112420425886527
1.800095558166504	0.2065509834706328
1.92169189453125	0.0341564593776449
2.0534560680389404	0.22151405061648044
2.250379800796509	0.08724740182703883
2.4133880138397217	0.06987401561652586
2.5669922828674316	0.0866482959203526
2.7393720149993896	0.09032923053739668
2.8680689334869385	0.054209066658275455
2.9637413024902344	0.050291199483553206
3.0559208393096924	0.04843046582213614
3.137537717819214	0.09131628268834727
3.2368412017822266	0.15650758393536904
3.334307909011841	0.09348717460032846
3.4309473037719727	0.043236954814160684
3.528371572494507	0.43836359713707024
3.6256649494171143	0.04230171031644575
3.7255959510803223	0.10600121890064843
3.821694850921631	0.05263203898511874
3.9129300117492676	0.2317935147028628
4.001490592956543	0.22068072432179786
4.0902204513549805	0.062344196655068546
4.180148124694824	0.0867666779632326
4.292545557022095	0.11277240804726245
4.398022174835205	0.0837265866994938
4.505820989608765	0.2050479715236876
4.604356527328491	0.0989283850944705
4.720774173736572	0.1113565573715982
4.839489698410034	0.05247783314751532
4.946947813034058	0.21613201264713144
5.05223274230957	0.06342480670470077
5.155186653137207	0.0876563839272766
5.3548736572265625	0.28235231841614206
5.502405166625977	0.043756088896323375
5.619143724441528	0.03787541102495642
5.73356294631958	0.10873184834063103
5.83621883392334	0.05125010882947618
5.937520503997803	0.2129032221374975
6.036684989929199	0.08469565955052331
6.141061305999756	0.3985911402043203
6.245983362197876	0.2181697245827048
6.354047060012817	0.0353193247811634
6.464263916015625	0.10240879141732889
6.585988998413086	0.0883448880490676
6.703495740890503	0.1067724308043785
6.810868501663208	0.187277285118663
6.912124395370483	0.053260294587941286
7.017072677612305	0.09242806007503303
7.119959354400635	0.36973391987799986
7.230715036392212	0.22397188801676166
7.352175235748291	0.04203826330352908
7.4625701904296875	0.08572776761102868
7.574410676956177	0.03745153368587171
7.685427904129028	0.04657410008435094
7.787471294403076	0.04168293365652293
7.888155221939087	0.08572823695920573
7.9852845668792725	0.09183817594952631
8.084327459335327	0.048361984060492344
8.18461561203003	0.08095609268473258
8.296365022659302	0.06625771066770872
8.408898115158081	0.07897076142153832
8.520915031433105	0.10782192107040951
8.639207124710083	0.03461055215319516
8.762135982513428	0.037982929257487946
8.880934476852417	0.05110968061852787
9.00011157989502	0.0581944680242053
9.118118047714233	0.09188210620260805
9.246988534927368	0.06534225895604417
9.35829758644104	0.12632125002139916
9.46886658668518	0.03713654805385626
9.590903759002686	0.05795371348557119
9.706946611404419	0.11428288414939983
9.834606409072876	0.1657190006575935
9.956172227859497	0.07886150337536653
10.084903001785278	0.03789376705233626
10.217670679092407	0.15167807183755447
10.339293479919434	0.0725644863773826
10.442046403884888	0.10156536163384389
10.547422885894775	0.11459938163964836
10.69502329826355	0.08279131990922821
10.84391164779663	0.08297157615654327
10.96282172203064	0.17527261785512077
11.081321954727173	0.36141560901850467
11.202718019485474	0.0829411274594932
11.342721462249756	0.03354925742601457
11.547325372695923	0.05324031465697201
11.695699214935303	0.13705015035638102
11.80646562576294	0.06881785073195804
11.915158748626709	0.0955650806971179
12.023690462112427	0.15026145846522665
12.132855415344238	0.06275488383450399
12.245197772979736	0.07630849123951304
12.363196611404419	0.1198868315024904
12.48019528388977	0.0934502643554565
12.617446422576904	0.03871149817273119
12.738651514053345	0.26125500850897726
12.857624530792236	0.09450554772434187
12.971981287002563	0.06378299709198494
13.125598192214966	0.03887704817632171
13.212449550628662	0.10780753152753254
13.31082034111023	0.0712698272318458
13.41840410232544	0.049480343554219645
13.5291268825531	0.05337402996123631
13.632386684417725	0.04657410008435094
13.744503021240234	0.1200163131936621
13.85437297821045	0.11510708017288485
13.963649988174438	0.048710411709791096
14.077844858169556	0.037977230528733766
14.187978744506836	0.0341564593776449
14.292806148529053	0.08469565955052331
14.39948034286499	0.14351778423019723
14.504786729812622	0.03826866356560875
14.616291284561157	0.0478053206991435
14.724034309387207	0.03692305258005568
14.834672451019287	0.1472700475909737
14.94068431854248	0.0380155553255444
15.042720794677734	0.08633075699508838
15.151283264160156	0.060856527647804824
15.247933387756348	0.09095650428519243
15.351792097091675	0.03498877601757595
15.456483125686646	0.051120056239700985
15.562665939331055	0.06731106490897364
15.67315149307251	0.03708027803527735
15.794353008270264	0.06237067428221501
15.906189680099487	0.0695282216944591
16.019638061523438	0.19349564750111709
16.114969968795776	0.04657410008435092
16.22087574005127	0.11172366108878548
16.321683406829834	0.039695216881805696
16.42236852645874	0.11141855839650797
16.549537897109985	0.10341685384739968
16.66356086730957	0.03555322055415746
16.767653942108154	0.05031901838524351
16.871623039245605	0.03760993930287241
16.976317167282104	0.051975486274081245
17.079535484313965	0.060752498351942026
17.167731523513794	0.21897654521755813
17.335893869400024	0.047097694434815915
17.47056221961975	0.03760208926377647
17.585947513580322	0.03925462039051501
17.686177015304565	0.04820836890554554
17.787102699279785	0.04913863231951691
17.887949228286743	0.05125010882947618
17.990446090698242	0.043236954814160684
18.09113574028015	0.054476784870776236
18.19137406349182	0.0872474018270388
18.30237627029419	0.034156459377644915
18.4096736907959	0.04323698764804064
18.521052837371826	0.04231183667642309
18.628753900527954	0.21603093298746157
18.738933801651	0.046623865272650986
18.847646713256836	0.053308019844447205
18.947891235351562	0.08756036034032436
19.08679962158203	0.05865600469577425
19.20004653930664	0.055912177391843024
19.30534601211548	0.062316081491379856
19.412062644958496	0.04036940918662208
19.5307297706604	0.09792105544001518
19.641458988189697	0.032814636346875745
19.75520896911621	0.07186935169967464
19.878727674484253	0.042899234204839806
19.997169256210327	0.04072626614054496
20.132989168167114	0.08372658669949373
20.24641466140747	0.05326029458794126
20.3551082611084	0.05873429410264252
20.465269804000854	0.07088569366130093
20.574355363845825	0.08635154798538633
20.6850426197052	0.08687349763775248
20.804234266281128	0.06928707260325091
20.927798748016357	0.09872577765513031
21.047017574310303	0.07498707966342143
21.180176734924316	0.0734534667948451
21.325429916381836	0.03778676534102477
21.457715034484863	0.04657410008435094
21.635852098464966	0.04552697823002085
21.758443117141724	0.035302821685068465
21.870936393737793	0.08609950854419986
21.989301204681396	0.03906552344780496
22.103225469589233	0.0527721504593703
22.214679479599	0.04203826330352908
22.314609050750732	0.063279238454086
22.41912603378296	0.09214295819553366
22.517579317092896	0.08198350256450125
22.62799859046936	0.04215786720197579
22.729445934295654	0.1544097014659226
22.83636784553528	0.05795366830999769
22.945537090301514	0.09856216902307555
23.056249618530273	0.06806717395115769
23.160584449768066	0.06359028016265193
23.27379059791565	0.10388285558774828
23.38163447380066	0.049628698790661493
23.49378514289856	0.10748630602353254
23.626860857009888	0.2742423617607784
23.734863996505737	0.03622223743147661
23.846590757369995	0.10461727592548087
23.966835021972656	0.19131957233881647
24.09023904800415	0.11428288414939983
24.202066659927368	0.06987401561652586
24.43340229988098	0.04552697823002085
24.538443088531494	0.04552697823002086
24.646464109420776	0.06908100838325955
24.756441593170166	0.06402450415192298
24.870609283447266	0.051359819298735954
24.98759889602661	0.032981227216767536
25.105323553085327	0.03287324471862298
25.223478078842163	0.042196475236011236
25.336252689361572	0.03907978487689192
25.447089910507202	0.059299318564494954
25.54980754852295	0.037977230528733766
25.654272317886353	0.03935267767941031
25.75936532020569	0.035090302340888196
25.875280141830444	0.03566140093384275
25.984054565429688	0.10601366609033187
26.12040424346924	0.047076914660433865
26.245588302612305	0.08316699428879201
26.35550546646118	0.035933596188128476
26.464375257492065	0.0502911994835532
26.593114852905273	0.03826866356560876
26.70754384994507	0.03708027803527735
26.815672636032104	0.03461055215319516
26.923664331436157	0.04023311010909061
27.035133600234985	0.06040624275130196
27.199738264083862	0.03601888704582849
27.322974920272827	0.04657410008435094
27.44275951385498	0.0503190183852435
27.550877571105957	0.03461055215319516
27.69899296760559	0.05304686614174532
27.80311894416809	0.03470925334222551
27.92220377922058	0.03727147084212037
28.039057731628418	0.04622890704495692
28.151721000671387	0.055546427758157976
28.267146348953247	0.05412330340684816
28.40118145942688	0.053308019844447205
28.520822525024414	0.044136315953079354
28.634891986846924	0.03956811360169939
28.747084856033325	0.053147016804494795
28.863130569458008	0.03958576269393986
28.994723320007324	0.062370674282215
29.114102840423584	0.04683320051687029
29.23272705078125	0.03789093831702225
29.344842672348022	0.03802772254147916
29.45548367500305	0.0423031808498252
29.580897092819214	0.03484379050982247
29.69243097305298	0.03442266359480275
29.815694332122803	0.03555322055415746
29.97083067893982	0.04228551794559534
30.107009649276733	0.05031901838524351
30.230113744735718	0.039279371089873366
30.35029125213623	0.04780532069914349
30.46839165687561	0.03718631155842793
30.599036931991577	0.04289923420483983
30.71385669708252	0.08240408197605058
30.82652997970581	0.04105368933999598
30.93629503250122	0.03887704817632172
31.04872989654541	0.03354925742601457
31.158944129943848	0.0369230525800557
31.347899436950684	0.04738959079348581
31.551965951919556	0.05822173657188666
31.688437938690186	0.04680107177209403
31.80633020401001	0.04135696162337985
31.92185926437378	0.04655674275892009
32.038596391677856	0.03889338889323155
32.1459014415741	0.10842861737192266
32.25730895996094	0.039416964452030086
32.39068412780762	0.03385590031283527
32.49849796295166	0.035319324781163404
32.61091327667236	0.033549068752400844
32.72633075714111	0.037875473327658324
32.834797620773315	0.06085652764780484
32.94088912010193	0.0341564593776449
33.04716444015503	0.03757091044091199
33.15609264373779	0.0363014188474959
33.26656699180603	0.03887704817632171
33.38456988334656	0.05865600469577425
33.501624584198	0.03856129172574031
33.61858034133911	0.046244425827477884
33.73279166221619	0.033522719112554514
33.845287799835205	0.0490746647752392
33.957231521606445	0.04456150381483718
34.05887532234192	0.03582232449629798
34.16230845451355	0.03708027803527735
34.26551699638367	0.03692305258005568
34.37496328353882	0.03301554152418929
34.48691964149475	0.05476307754994146
34.596723556518555	0.03939127176373201
34.70529007911682	0.042272938206073
34.844970703125	0.053308019844447205
34.96203589439392	0.04231183667642309
35.08343005180359	0.032814636346875745
35.205580711364746	0.039695216881805696
35.319218158721924	0.052470363671156185
35.43468952178955	0.06160963480473944
35.55259728431702	0.03424543338316249
35.66605567932129	0.03785228048002569
35.81612420082092	0.036189090251688115
35.94190287590027	0.05309314353966115
36.080294609069824	0.032531026880873844
36.20630931854248	0.058843533054775736
36.490880250930786	0.033549257426014556
36.63019323348999	0.03235790611861036
36.75097107887268	0.03782828532618818
36.86608076095581	0.03388817970474503
37.0035936832428	0.034457188368121894
37.087645292282104	0.03412255478580344
37.20534801483154	0.037153462621215334
37.291024684906006	0.03415645937764491
37.41744542121887	0.039653752090480915
37.49825978279114	0.03893975666174734
37.61223864555359	0.03301416795857902
37.72355914115906	0.04027107831357724
37.85709619522095	0.03783490460806506
37.95947456359863	0.03492125281789465
38.04071497917175	0.04952060364211307
38.145785093307495	0.03442266359480275
38.25323939323425	0.03570453549035069
38.35915279388428	0.032113491299082406
38.46627378463745	0.03354925742601457
38.571507930755615	0.03826387649819636
38.67700242996216	0.03428568645686024
38.789390563964844	0.038549434508806296
38.90350151062012	0.037192804707536456
39.017045736312866	0.033519318446477646
39.13408637046814	0.035911292545896034
39.242209911346436	0.04219376778102833
39.35323667526245	0.039535359129746483
39.469948530197144	0.03354925742601455
39.63069128990173	0.036713822578739966
39.74785828590393	0.04435701995690062
40.01193714141846	0.034347105165017315
40.21694827079773	0.03852374184207302
40.34180998802185	0.03415645937764491
40.4572012424469	0.035319324781163404
40.57367157936096	0.03632174825003088
40.681132078170776	0.03479580692198462
40.79542136192322	0.039773592840709894
40.91196608543396	0.04373201631320685
41.06190085411072	0.032814636346875745
41.18117570877075	0.03354925742601456
41.308507204055786	0.04971696022448629
41.4363067150116	0.0387786087477326
41.61099338531494	0.04005510929335036
41.738996744155884	0.03583703702707264
41.85881733894348	0.1308043657948715
41.97628355026245	0.0552968863575322
42.0927631855011	0.03512921005529213
42.21267318725586	0.03525071953482791
42.32581830024719	0.0341557264632602
42.429134368896484	0.0339058481179228
42.53754472732544	0.03906552344780496
42.65287232398987	0.05466747922015548
42.76454949378967	0.033549068752400844
42.8671178817749	0.035319324781163404
42.977529525756836	0.038620988795404265
43.08892464637756	0.031697204116320175
43.20860433578491	0.03958576269393986
43.31586670875549	0.04336889282674304
43.414724826812744	0.03887704817632172
43.52162027359009	0.037789336204064675
43.62076163291931	0.04755427519346972
43.73008441925049	0.04811673170460298
43.83781290054321	0.03617198027581534
43.93909239768982	0.033261773750365806
44.04463601112366	0.052350977078901205
44.15074801445007	0.06879299765699703
44.259525299072266	0.03714139456257366
44.39999842643738	0.038015049254063744
44.51625466346741	0.03536743791949917
44.63466691970825	0.03898980638556265
44.751548767089844	0.04361692528762269
44.865805864334106	0.053344882934786494
44.97811222076416	0.03533185205361851
45.09411430358887	0.03283158534251899
45.20758080482483	0.037130874588080745
45.33020830154419	0.031733203499815635
45.45546102523804	0.03596907624944349
45.57142496109009	0.03354925742601457
45.85460638999939	0.05865791313959383
45.99453854560852	0.05914684935192719
46.111603021621704	0.04414041249912347
46.22652888298035	0.03920196702678671
46.36898159980774	0.03282056162490116
46.4813928604126	0.03941314937549955
46.612807512283325	0.03760208926377647
46.72543716430664	0.03935267767941031
46.836843729019165	0.035319324781163404
46.94487166404724	0.0341564593776449
47.06244134902954	0.03968333063751184
47.178468465805054	0.03833471446890164
47.29588031768799	0.032531026880873844
47.415218114852905	0.03826866356560876
47.55114030838013	0.058370113284983934
47.67082667350769	0.045357810156403874
47.784910678863525	0.03760993930287241
47.901673793792725	0.03692305258005568
48.013614654541016	0.032928208576018976
48.12774729728699	0.034234640951556844
48.240429162979126	0.05332693518567025
48.35321617126465	0.049122117442371924
48.60480618476868	0.03525071953482791
48.68766140937805	0.031697204116320175
48.793334007263184	0.034156459377644915
48.89882206916809	0.03415645937764491
49.00189447402954	0.03255423999452773
49.111013412475586	0.03359831449573906
49.222254037857056	0.033549257426014556
49.33116364479065	0.03354925742601457
49.440423011779785	0.03852124338258993
49.549861669540405	0.03284022792549765
49.75364828109741	0.0344738266495305
49.87721371650696	0.03322107296281656
49.99315428733826	0.032814636346875745
50.106608390808105	0.032531026880873844
50.24751043319702	0.03281463634687574
50.36120581626892	0.032113491299082406
50.47223377227783	0.033014358679093046
50.58377385139465	0.03540593379056804
50.70189666748047	0.034693241750365596
50.82566452026367	0.045387966823148926
50.94767212867737	0.050276915189672415
51.08918285369873	0.04346403123831781
51.20922374725342	0.03469544020845521
51.3279128074646	0.03323359335961197
51.44569754600525	0.03628918629743932
51.57866168022156	0.036684649328623864
51.7155487537384	0.033109703744167676
51.80381536483765	0.035164814394447
51.91089749336243	0.03423056613688802
52.05155658721924	0.03477048139311631
52.16260385513306	0.034710497527535716
52.27513551712036	0.03264689194500916
52.39226150512695	0.03251336841084539
52.50545072555542	0.04453571307898702
52.62247014045715	0.03355605375364055
52.73725152015686	0.032813729625217565
52.84850716590881	0.03235790611861036
52.96487212181091	0.031733203499815635
53.07727909088135	0.0318176468798579
53.1906943321228	0.03458336663829095
53.32654118537903	0.03597577496298206
53.447036027908325	0.03429374456878095
53.5665009021759	0.03395180138851271
53.69502902030945	0.037932348495533716
53.81000542640686	0.0341564593776449
53.92677164077759	0.03440769241109252
54.042686462402344	0.032523526597562115
54.160534143447876	0.03519451701302784
54.29749131202698	0.03390012808553383
54.37891125679016	0.05048606136685322
54.484583377838135	0.0341564593776449
54.58682680130005	0.03147499001228266
54.69731020927429	0.034333721845176746
54.80138421058655	0.032515819645050494
54.91730856895447	0.03305118531904167
55.03347110748291	0.03294277329397133
55.14053297042847	0.0340736957039798
55.255884885787964	0.033452758733386156
55.41133999824524	0.03403864249672112
55.54566431045532	0.03323766651168822
55.68393516540527	0.03237966658666965
55.859474182128906	0.033004127546647215
55.97707962989807	0.032814636346875745
56.092427492141724	0.03279034319910863
56.20937705039978	0.033017328509537036
56.340919971466064	0.03229835279504692
56.49797582626343	0.040991977288310576
56.64252305030823	0.03719681462989525
56.768577575683594	0.0341263567396061
56.88614869117737	0.033551554751531626
57.00476384162903	0.032814636346875745
57.12237286567688	0.03512921005529213
57.24503469467163	0.034088374209646354
57.39628863334656	0.042017585037702074
57.522775650024414	0.044310671561238996
57.6505331993103	0.034253334349221835
57.78130078315735	0.034509382447596736
57.901939868927	0.034206657446926546
58.02463436126709	0.03459490924676432
58.174156188964844	0.035319584799115525
58.30366349220276	0.033549257426014556
58.44675540924072	0.03281011886903241
58.62269186973572	0.03177987151605881
58.752140045166016	0.03355959510947789
58.875651836395264	0.0380371070105596
58.996440172195435	0.054055953990532736
59.12197303771973	0.03216851106986504
59.251240730285645	0.03463548912056222
59.41511344909668	0.032531026880873844
59.54437756538391	0.033549068752400844
60.02827501296997	0.034876965056638995
60.25146412849426	0.03254029066387493
60.38918685913086	0.04766921394218904
60.518120527267456	0.0382284387429022
60.62287950515747	0.049432553371941974
60.73247003555298	0.03605682141293549
60.834880113601685	0.047697404714178535
60.93495750427246	0.03354925742601457
61.03649067878723	0.03284176618514606
61.138059854507446	0.034347105165017336
61.35195183753967	0.03356313107330522
61.45298528671265	0.03169720411632017
61.56260800361633	0.03162383866520985
61.669180154800415	0.032558600661083535
61.77562499046326	0.032531026880873844
61.881115198135376	0.03233694328963271
61.98435187339783	0.03255423999452773
62.09141802787781	0.03354925742601455
62.2006311416626	0.03174151480975025
62.316609382629395	0.03261253142957359
62.43163466453552	0.031890210734075254
62.555230379104614	0.03270596405219789
62.68695425987244	0.03449396902247147
62.802008867263794	0.031733203499815635
62.910460472106934	0.03229835279504692
63.02497577667236	0.03284077318184261
63.13254904747009	0.032531026880873844
63.28203582763672	0.03253102688087386
63.39005136489868	0.03255371318490158
63.491535902023315	0.03281067149587403
63.60419940948486	0.03282575287777096
63.72140884399414	0.03666343352232232
63.83915090560913	0.03043954490763579
63.95306348800659	0.034142430052824795
64.06658291816711	0.033953555424364706
64.17987203598022	0.0316004543544823
64.29381155967712	0.033017328509537036
64.40379905700684	0.033109703744167676
64.51420402526855	0.03386139482428381
64.62312650680542	0.031697204116320175
64.74009919166565	0.032308996040974106
64.83968949317932	0.032496743190808815
65.00308728218079	0.03301554152418929
65.13056135177612	0.033017328509537036
65.25120043754578	0.032838638704819095
65.35920763015747	0.03295881634203219
65.46478652954102	0.032291572974586076
65.57368683815002	0.03201199509755663
65.69328308105469	0.03286116435555602
65.8169276714325	0.031697204116320175
65.92851519584656	0.032814636346875745
66.0395450592041	0.032814636346875745
66.14809060096741	0.032523526597562115
66.26516842842102	0.032515819645050494
66.38257837295532	0.032243114774413925
66.5051589012146	0.033552131028608864
66.67925643920898	0.03343768259382917
66.80080008506775	0.031133786371271423
66.91451859474182	0.03281418872560956
67.02612686157227	0.03300459984480242
67.13367772102356	0.03472620534845404
67.25502395629883	0.031174688496027267
67.36273884773254	0.032425648822457964
67.4735779762268	0.04222313350345035
67.58533334732056	0.03618507391790005
67.70133399963379	0.031894180157626954
67.81720185279846	0.032113491299082406
67.92454671859741	0.03281463634687573
68.03244256973267	0.03184296730398085
68.13597226142883	0.03382063593368174
68.27858328819275	0.032926857545975345
68.38593649864197	0.032785945512041816
68.49249625205994	0.032581916770731294
68.59854292869568	0.0325158196450505
68.71172308921814	0.0325133684108454
68.8317391872406	0.032814636346875745
68.95030736923218	0.033109703744167676
69.07111239433289	0.03323766651168822
69.19616174697876	0.0341627404579159
69.33760261535645	0.03289748996651052
69.46885824203491	0.032215945511080785
69.58729887008667	0.03255805938308016
69.72220277786255	0.03494395370758477
70.02708983421326	0.03216851106986504
70.17503905296326	0.031772128259805084
70.3410964012146	0.03352359786945294
70.45525169372559	0.034868822522028435
70.56352162361145	0.033308442373389674
70.66854476928711	0.03237933977194677
70.78289246559143	0.03280489624721108
70.89485239982605	0.032168511069865034
71.02772116661072	0.0323727405294755
71.21404981613159	0.03269434203340204
71.3363709449768	0.03307316499801049
71.4466724395752	0.0334511947922166
71.57564306259155	0.03351996276900469
71.69845342636108	0.03281463634687574
71.80534768104553	0.032782076475080316
71.9097228050232	0.032814636346875745
72.0182740688324	0.03379886826932338
72.12183594703674	0.032981227216767536
72.23293232917786	0.032531026880873865
72.35712718963623	0.03242270258345202
72.4734206199646	0.03220977613238505
72.57944822311401	0.03661618958176649
72.70317220687866	0.032981227216767536
72.8092749118805	0.03286500664124363
72.88798403739929	0.03287214666753441
72.99850058555603	0.032965682079412674
73.10144567489624	0.032814636346875745
73.33077955245972	0.03251336841084539
73.43923354148865	0.03279636706005686
73.54718542098999	0.0335117802636064
73.65416502952576	0.03186845638356203
73.76332187652588	0.052295931897533
73.86930394172668	0.04048133309250445
73.97461986541748	0.032355407556232
74.08261275291443	0.03270848555419309
74.19436764717102	0.032298352795046927
74.30598020553589	0.03174151480975025
74.41706371307373	0.03251913129935007
74.52913641929626	0.032227780534096306
74.63957357406616	0.03226498587953751
74.754065990448	0.032168511069865034
74.89274263381958	0.03369155387714195
75.00856375694275	0.03159595057104043
75.12619519233704	0.03173325953341876
75.2495596408844	0.031458989569011296
75.36162900924683	0.032785945512041816
75.47263932228088	0.03173320349981563
75.5845959186554	0.032215945511080785
75.69990587234497	0.03169720411632017
75.86090755462646	0.03414404298539073
75.98372745513916	0.03112374021649967
76.10522508621216	0.033427860650323396
76.23478984832764	0.030855262985748887
76.35229325294495	0.030758264208773443
76.4685549736023	0.03197276306639727
76.63359236717224	0.032814636346875745
76.75044798851013	0.03201199509755666
76.86033773422241	0.03183919827698605
76.96723461151123	0.03236262900010553
77.07596206665039	0.03181437056312773
77.18504762649536	0.03325014527163186
77.29944562911987	0.04199501568616822
77.41969728469849	0.03580305684398932
77.53871870040894	0.034613414368801484
77.66407561302185	0.03321113792920557
77.80853414535522	0.030357704522305087
77.9182710647583	0.03201055845204569
78.02737164497375	0.036064861798348814
78.13689756393433	0.03285810709158813
78.2551805973053	0.03393333805516404
78.37767934799194	0.03276896338631832
78.51055526733398	0.0320438815393983
78.63216185569763	0.032696701265632115
78.7798159122467	0.032814636346875745
78.89131784439087	0.03262848296640562
79.0027289390564	0.03481587603955556
79.11597204208374	0.038933227681026555
79.24612426757812	0.03182705005426909
79.35544061660767	0.03234070618220138
79.4682846069336	0.03255406741305801
79.58178424835205	0.03281083949850938
79.70020484924316	0.03039962139297837
79.87499618530273	0.03246795217810955
79.99756526947021	0.03143503332183569
80.1210389137268	0.03333950579245786
80.251469373703	0.031102247875458316
80.37118911743164	0.04300105489552683
80.47724056243896	0.032531026880873844
80.58982968330383	0.03235790611861036
80.73824119567871	0.03252352659756211
80.8473846912384	0.032168511069865034
80.95638799667358	0.03182336237613189
81.10199213027954	0.032224391547115844
81.28077006340027	0.0508781972258968
81.46243143081665	0.041089655777009716
81.6338243484497	0.03112762932404693
81.75043320655823	0.03191770218423637
81.85563015937805	0.03113006879523865
81.95961546897888	0.03230308389913515
82.06308627128601	0.03283158534251899
82.169184923172	0.03184296730398085
82.28366589546204	0.032531026880873844
82.39784264564514	0.031697204116320175
82.51286220550537	0.08858745869130924
82.63325572013855	0.0545518830584079
82.74940896034241	0.034539709729328356
82.86525917053223	0.030553609233690323
82.97552442550659	0.032145218015373477
83.0865797996521	0.03329326764305362
83.20295095443726	0.032513368410845386
83.34151077270508	0.045037413771602954
83.45484948158264	0.03230901715067214
83.56886601448059	0.03255369046163546
83.68790435791016	0.03633001631943449
83.80335116386414	0.034660687991789466
83.91557049751282	0.031133806025861688
84.0279152393341	0.03169735176422358
84.13949346542358	0.0322159455110808
84.26232028007507	0.03160045435448229
84.41866874694824	0.03254029066387493
84.53685116767883	0.031174688496027267
84.6555905342102	0.03161761415954831
84.77635431289673	0.03169699315874442
84.89041829109192	0.03253842677861856
85.00426244735718	0.032364868044701546
85.11806011199951	0.030878760326742107
85.23896908760071	0.033026902811765235
85.49910688400269	0.031253332472978956
85.65737509727478	0.032113706041276974
85.78463315963745	0.030399621392978377
85.8987340927124	0.032041317629609795
86.01248455047607	0.03184296730398085
86.12713694572449	0.032113491299082406
86.24963569641113	0.03182080100280851
86.36311960220337	0.030999251170331456
86.47432088851929	0.031733203499815635
86.63607215881348	0.030597020370099762
86.74687838554382	0.03580456997037213
86.86329650878906	0.03173325953341876
86.9798514842987	0.031733203499815635
87.09520864486694	0.041432910352460835
87.21986770629883	0.030779665721886288
87.38508749008179	0.03273401899880025
87.51599216461182	0.03139383129161294
87.65452218055725	0.03174307297626267
87.82414841651917	0.039310873474433405
87.94585371017456	0.03137203907006439
88.06568050384521	0.039271089954882404
88.19113540649414	0.05219562609092298
88.34746146202087	0.03246277424876606
88.47730708122253	0.031678072916912485
88.60788106918335	0.03112940298954995
88.74702382087708	0.030397194198430563
88.9309401512146	0.0316969931587444
89.07717823982239	0.04443126399953536
89.26729822158813	0.03784053801936336
89.38941693305969	0.04132522689153683
89.515629529953	0.03288609035404107
89.64236235618591	0.03169720411632017
89.79841709136963	0.03201199509755665
89.94105625152588	0.03216851106986503
90.05916929244995	0.031890210734075254
90.17840003967285	0.041927091542537154
90.3061158657074	0.03113006879523864
90.46569967269897	0.03174151480975025
90.60097646713257	0.031102247875458316
90.73815536499023	0.035983290861649586
90.92114496231079	0.036447088253229135
91.07386541366577	0.03520465595948977
91.31459069252014	0.04168763869314252
91.49485158920288	0.05157553830722433
91.64240145683289	0.03110224787545831
91.77642393112183	0.03097662916213471
91.89824104309082	0.033628305731097624
92.0494692325592	0.03039962139297837
92.16618156433105	0.031814370563127733
92.29433917999268	0.030357704522305098
92.41642808914185	0.04047532633312862
92.54066681861877	0.053667548647769986
92.67435145378113	0.031697204116320175
92.82704639434814	0.03210312389908362
92.94165110588074	0.032688205467288456
93.05743718147278	0.030472795690178255
93.17580986022949	0.03245947537001001
93.2962589263916	0.03198675569872036
93.40842771530151	0.0425482503099481
93.52211284637451	0.05560937596253112
93.63864517211914	0.0317324955692027
93.75858163833618	0.03174269440837323
93.88050150871277	0.03195883475377896
94.0397298336029	0.031884733367727125
94.15723180770874	0.03188233890714905
94.28005623817444	0.03173325953341876
94.39452242851257	0.031145178582835227
94.50907135009766	0.032496743190808815
94.6212158203125	0.03039188258678468
94.73999953269958	0.03190463536176945
94.8640365600586	0.031105465576929493
94.98868012428284	0.03169720411632017
95.14184975624084	0.03075817622462386
95.2705135345459	0.031174688496027274
95.3855652809143	0.04771904187657441
95.50414729118347	0.043403465669751534
95.758549451828	0.031600454354482284
95.92136430740356	0.030379663110082097
96.03513240814209	0.04769440282277289
96.14773869514465	0.03977855986978456
96.26546120643616	0.03258630034337264
96.37578678131104	0.03162383866520985
96.4848301410675	0.0325133684108454
96.65843677520752	0.03189021073407526
96.77366518974304	0.031697204116320175
96.8818416595459	0.0316695140638434
96.98617577552795	0.03189453168557514
97.0952479839325	0.03113359044655289
97.2090334892273	0.032227780534096306
97.3225359916687	0.0313000838074035
97.44681930541992	0.03473025081755053
97.5716552734375	0.03173320349981563
97.69756412506104	0.03130578071570926
97.8197340965271	0.031152026330702555
97.9781277179718	0.05401055343904956
98.11096143722534	0.039356928221431525
98.24368119239807	0.03187315997209787
98.36630511283875	0.030599279887327854
98.48621439933777	0.03208463223923148
98.6349425315857	0.03112374021649967
98.87549829483032	0.03160045435448228
98.98670554161072	0.031357177273396555
99.09714412689209	0.031037597203147745
99.21407389640808	0.031174688496027274
99.33665204048157	0.030414475604808044
99.45722460746765	0.031305779153760156
99.58183813095093	0.03087540529786118
99.74678802490234	0.052961166758566304
99.86383628845215	0.03263986264929303
100.00824809074402	0.03620755214197177
100.2229516506195	0.03419178688198769
100.34304809570312	0.030980003036834663
100.45701432228088	0.030357704522305084
100.5706934928894	0.031474990012282655
100.68617534637451	0.03162898346064986
100.8679313659668	0.03147139122008419
101.01296830177307	0.03112646885374938
101.2682478427887	0.030625774393418997
101.61156344413757	0.031126617104828568
101.96266794204712	0.03039719419843056
102.15367126464844	0.031105465576929486
102.29909563064575	0.03113378637127142
102.4963788986206	0.031138387294877837
102.63824319839478	0.031102247875458313
102.82942223548889	0.03145037272225872
103.2253041267395	0.03060048517979557
103.88027501106262	0.03169720411632017
104.41733717918396	0.0318719345043994
104.9076795578003	0.031733203499815635
105.55646538734436	0.031338636958121745
106.04817366600037	0.030357704522305098
106.48391342163086	0.030357704522305087
106.75165796279907	0.03667906004044463
107.12404918670654	0.04189172706788334
107.38401103019714	0.031248872304420763
107.66241788864136	0.0326117250519572
108.00102019309998	0.031738964556319825
108.22864437103271	0.03905980005428922
108.40683436393738	0.031112557519397507
108.58003997802734	0.031697204116320175
108.81805109977722	0.03331934138417027
109.04905581474304	0.03165114148970622
109.36835932731628	0.03131330125756454
109.51881957054138	0.031884473214419416
109.87046527862549	0.03130578071570926
110.07490229606628	0.030357704522305098
110.21438360214233	0.03133167623578354
110.34491276741028	0.038136322006749886
110.5000593662262	0.044744605869679176
110.62337160110474	0.042035194236506694
110.74462032318115	0.030357704522305087
110.8735294342041	0.060432908883175096
110.99665427207947	0.040187896581408915
111.1079089641571	0.030972335403119392
111.2247703075409	0.03274603773072529
111.38679027557373	0.031816261289619154
111.50769567489624	0.03043954490763579
111.70484566688538	0.04027962091186806
111.88050937652588	0.03137599963004521
111.99615049362183	0.031181937679285787
112.10686182975769	0.03035770452230509
112.21655082702637	0.03108190900317
112.33761096000671	0.031764116998695524
112.46899127960205	0.0318176468798579
112.59492659568787	0.031174688496027274
112.74992108345032	0.03128580277183351
112.88081812858582	0.03173325953341876
112.9981586933136	0.030535157603741994
113.1122555732727	0.03169720411632017
113.22934818267822	0.03133326662240507
113.35869407653809	0.030379618908603766
113.55306696891785	0.03059702037009977
113.74215936660767	0.0316695140638434
113.90862607955933	0.03170969569080522
114.15558409690857	0.03182808242748358
114.34714913368225	0.031177650138201
114.49243497848511	0.03034963384389693
114.71252942085266	0.030551797194476572
114.95758414268494	0.030404744558356355
115.16370439529419	0.031102247875458316
115.35824918746948	0.03159237695085301
115.47937870025635	0.03140353907413372
115.59230852127075	0.031615177225147846
115.73324489593506	0.03176081811899568
116.24030351638794	0.03128060855072332
116.74321842193604	0.031174688496027267
117.25968909263611	0.030937612306537507
117.63348174095154	0.04199504126292425
117.96249008178711	0.036141201111488615
118.18119406700134	0.0306766240734131
118.42210221290588	0.03430220050873541
118.7742702960968	0.030553883252120165
118.98733878135681	0.03146032607803981
119.10873436927795	0.036239048424528644
119.23169183731079	0.03145057386154812
119.35849928855896	0.03106159152157894
119.4720151424408	0.03115661026069678
119.65296769142151	0.030589528978111128
119.88821959495544	0.031220339182500573
# $END DATA$




