# x	y
5.176237033055647307e-02 1.299907280148072108e-01
4.828816626479891239e-02 1.994490606764956486e-01
2.932260150502972729e-01 3.116961859066188500e-01
9.511321844176069684e-02 1.249764761297955523e-01
9.369360974156085153e-02 9.761859539592906976e-02
1.251403133578889992e-01 1.544572326832214515e-01
5.657206498816571422e-02 1.157383122188195279e-01
4.312642038809311185e-02 1.861116283146740102e-01
3.138375719280322995e-02 3.064804431147623576e-01
4.705014799602966896e-02 7.920399428586114010e-02
4.223509460829483197e-02 1.451436883212214590e-01
5.118073821261616418e-02 2.195855922414472194e-01
4.201918160150378695e-02 1.080012827685970372e-01
4.056250939506151482e-02 1.175641040681008470e-01
0.000000000000000000e+00 1.129257565681268533e-01
4.778261255956276626e-02 2.735858832063898793e-01
4.376819939106589563e-02 8.693849044549582794e-02
7.453525473387949407e-02 1.542794425841562678e-01
4.287842651681565698e-02 1.984672888819312142e-01
2.820679329570303651e-01 4.737968695689375176e-01
3.649530074277069353e-02 2.016649596988568660e-01
2.522406594735575602e-01 2.138402912156577851e-01
3.403017870775509324e-01 1.405740749189166028e-01
8.181965454118081404e-02 1.463996391222657512e-01
6.867183575244578675e-02 8.723303547260230495e-02
4.328698689173434561e-02 3.348764677784523691e-01
5.483917215211462498e-02 3.074018786160707672e-01
1.907747592266642866e-01 1.781803639991945964e-01
2.106661650437390010e-01 1.511996826040857278e-01
8.190209583998475651e-02 8.573320164004730182e-02
3.822999809754423217e-01 1.144478200655502986e+00
1.948383240380498205e-01 2.056467829533658587e-01
8.619702788269655025e-02 1.341579492797398410e-01
2.855457681093688804e-01 2.397564002721005449e-01
2.478423343124888933e-01 1.588764203159691302e-01
0.000000000000000000e+00 1.265785605404935177e-01
4.018592764826517394e-02 9.994225755834942881e-02
6.000816340005982880e-02 2.685970733969569868e-01
6.403016929944084501e-02 2.235832950856098955e-01
1.004280150625349449e-01 2.553016103008212134e-01
1.173111671513751286e-01 1.762224620848305556e-01
8.409563791253600595e-02 2.036950884250652016e-01
4.675920589055091586e-02 1.664052934732302702e-01
3.532627093567341503e-01 4.342461771715978580e-01
0.000000000000000000e+00 1.912585421758536519e+00
2.083575944327638318e-01 1.330629084519295291e-01
1.451782283670351448e-01 1.028846436954322097e-01
8.328027319672648421e-02 2.674549028883391744e-01
3.839614985174377715e-02 1.463873006164344015e-01
7.524178334202738516e-02 1.199227059219861863e-01
7.833999644677382135e-02 9.425047146430549916e-02
6.092484410212265639e-02 2.242700576777992005e-01
1.052930286662467213e-01 6.602118710767551635e-01
2.283867462438526341e-01 1.587040379018211378e-01
5.796831197662283275e-02 4.214302395753612429e-01
1.913097755423111279e-01 2.209274358326776544e-01
8.001925014443883599e-02 2.370537953347026661e-01
3.737756691986235946e-01 1.956835427101979441e-01
6.529471484063806286e-02 3.556493216948881098e-01
0.000000000000000000e+00 1.564087631568904790e-01
2.048891145492731380e-01 6.316605985303679338e-01
0.000000000000000000e+00 8.202699464041507404e-02
4.808708479982614498e-02 1.119024182388943661e-01
1.073100271281826612e-01 2.938754692617367437e-01
2.766266255580765998e-01 1.338355340067708399e+00
9.356040566340453890e-02 1.126797373308364852e-01
3.761664720925228522e-02 1.890441836374141815e-01
3.052320324530305995e-01 1.857208703817407602e-01
3.036874599952021567e-02 2.926251124140596960e-01
1.313233947116765887e-01 2.485473379759728652e-01
8.031395480560651889e-02 1.196307149730218566e-01
1.288575380142808202e-01 2.577600710144908880e-01
4.319833089713814855e-02 1.361341817752894090e-01
6.596261941989182975e-02 1.045969541436488348e-01
0.000000000000000000e+00 8.917846374385950126e-02
5.629581072657055540e-02 1.061754247972608728e-01
6.201658644611114657e-02 1.604337751127207501e-01
7.551730411985971281e-02 5.491496632457730787e-01
4.726603137106667740e-02 1.529650873881179540e-01
5.485087491172741664e-02 3.040198266932435112e-01
3.330061289517754347e-02 2.136149575030461267e-01
2.990163985868601881e-01 8.738688150951195999e-01
1.554644791900942347e-01 6.640080692468602885e-01
1.026152917879869925e-01 1.427393635962084517e-01
9.163104713548111957e-02 3.658641145689445207e-01
8.766179395104452265e-02 1.175403981683342536e-01
3.020825654037186114e-02 3.929101406708472854e-01
4.182418285588627993e-02 7.140076287866328753e-02
1.202798551687636885e-01 1.797187485520881089e-01
6.982264150491053478e-02 1.374655690308927147e-01
8.531600408430911608e-02 1.278480014237234896e-01
3.289023203344805801e-01 2.501383731540613442e-01
2.192210366065417415e-01 3.317892202245651956e-01
8.662991075008358299e-02 1.069482837162128719e-01
1.051098715940224915e-01 2.825372319831559453e-01
5.653968205641463074e-02 1.656603641102054603e-01
4.629874482329353336e-02 1.821373916993950792e-01
9.010893166995290193e-02 1.530445135144281321e-01
1.297500005372098364e-01 1.318672607312956768e-01
1.462146371109351306e-01 1.571245664150766885e-01
0.000000000000000000e+00 1.375456577065859443e-01
3.591673407669659368e-01 2.892391479530048159e-01
2.533055272588956575e-01 1.334706037206603857e-01
4.428626846564890918e-01 4.974160973213002102e-01
1.402068339070709768e-01 6.280464443230894256e-01
3.673464122321319913e-01 1.353242789428229953e+00
8.001925014443883599e-02 1.855788303135832429e-01
9.626768186512865699e-02 1.402183437485125805e-01
1.526815686343260814e-01 5.043372277766551282e-01
8.372589059037834069e-02 2.019978536646913625e-01
7.479154104397645053e-02 5.544186754758881897e-01
8.677804267027681984e-02 1.179559674658907514e-01
2.932260150502972729e-01 3.116961859066188500e-01
2.932260059528942198e-01 3.116961810713966829e-01
5.283298809362321768e-02 1.593483155461876410e-01
4.612827842030334247e-02 2.299091018113051110e-01
3.701714951036094020e-02 1.898823439281869530e-01
2.129157823600645316e-01 1.527194520970914515e-01
1.663393842533928968e-01 1.359181223047047082e-01
2.274003330115629273e-01 1.585885605411515298e-01
1.911038267674281532e-01 2.208444597529901909e-01
3.529197353732501097e-01 4.334938109495531378e-01
6.195348593158599149e-02 1.607726197635139798e-01
2.061371680263288930e-01 1.322981724943962378e-01
4.822635998908422761e-02 1.120451177276881732e-01
0.000000000000000000e+00 8.203933131157543912e-02
4.373496205398463149e-02 8.690547386324627699e-02
5.127161430393292751e-02 2.197804649320165560e-01
3.835783396301015863e-02 1.430459712955929608e-01
2.192211727536253207e-01 3.320067339254469951e-01
6.529471484063804898e-02 2.320967332034568065e-01
6.730159666439061716e-02 2.237608727505758788e-01
1.202631277585095859e-01 1.809957373832268568e-01
3.040416363070615538e-02 4.384802768587144906e-01
8.409563791253600595e-02 2.036950884250652016e-01
4.778261255956276626e-02 2.783906428121107890e-01
4.072346794928791147e-02 1.060780671108358802e-01
4.418596744810655841e-02 8.742694088772157146e-02
0.000000000000000000e+00 1.792581946962657213e-01
7.919716838672787029e-02 2.377985588420027940e-01
4.074538323660707034e-02 1.200840565850833930e-01
5.721481849201140446e-02 1.011189226147410913e-01
1.762301870515061708e-01 1.945648091581958783e-01
8.720868937542516908e-02 3.625730012840619465e-01
1.201992733399478291e-01 1.673474632628024483e-01
2.741696407819011472e-01 3.939294697014157354e-01
1.910073799711004272e-01 2.046827385829339818e-01
3.954792318442670873e-02 1.723250730278284570e-01
2.283867462438526341e-01 1.652988715384262342e-01
2.863498796850655892e-01 2.172897732793826475e-01
4.732079087209110912e-02 1.567105074236292694e-01
3.750912570691785491e-02 5.331274219464713360e-01
8.864279089919609167e-02 1.411710727668158971e-01
0.000000000000000000e+00 1.757414715842370856e-01
7.749087280074937190e-02 2.843940941572830616e-01
3.179109212682921237e-01 4.208075307201006865e-01
2.430567081373433969e-01 3.225295635349317847e-01
3.051047406857292921e-01 5.502946615822010834e-01
1.614345200485911014e-01 2.595921997738040998e-01
8.640087239214316872e-02 3.737550932924513236e-01
5.371356376833747587e-02 2.971881289021836015e-01
1.104817805811896259e-01 2.748925983671731688e-01
3.843804953467210711e-02 3.313077302799347645e-01
3.997545170008901666e-02 1.193151236416334776e-01
1.051350205836120572e-01 2.887752125960867944e-01
5.629581072657055540e-02 1.061754247972608728e-01
3.355944482742098667e-01 4.863830667641291239e-01
2.872032282243666135e-01 3.303724888274593430e-01
1.170473550041921523e-01 1.236085562754816319e-01
4.045456348833401800e-02 1.193024467450377601e-01
7.224217572444710522e-02 2.038262177070508108e-01
1.290070920436887092e-01 1.115373660496050690e-01
3.289023203344805801e-01 2.603550890224092251e-01
4.629874482329354723e-02 1.798416302126090438e-01
0.000000000000000000e+00 1.277078826703464953e-01
2.932329269869061172e-01 3.093862075720482663e-01
4.017151823983997061e-02 1.124426441857541425e-01
7.485586445104421005e-02 1.213597879970900600e-01
8.306372326924930938e-02 1.440562188683492673e-01
0.000000000000000000e+00 1.955854683904706626e+00
3.189671426084784156e-01 1.814974328744034526e-01
0.000000000000000000e+00 1.269326721269002645e-01
1.001157423757576687e-01 2.804046882909039251e-01
3.701517266509291026e-02 1.926138242278760127e-01
8.302041966548975860e-02 1.160428058387166644e-01
4.020791726515057091e-02 1.991427684160017308e-01
3.727778253135481390e-01 3.260852752540736588e-01
6.506644407279515985e-02 1.352114250814064056e-01
0.000000000000000000e+00 9.180829792995469363e-02
8.904421173373432141e-02 2.289142310728020657e-01
8.631174355845799839e-02 1.435851047268232594e-01
3.207377812228400238e-01 9.374766836146005700e-01
1.327894913183323977e-01 2.490486760139418443e-01
8.768919091996345283e-02 1.175587646569616201e-01
2.547977074346584603e-01 1.171548183674978177e-01
2.987873604564119656e-01 1.142716079182625188e+00
1.670510426176688712e-01 2.034924720871794379e-01
4.745030036144733815e-02 1.852346843730338921e-01
3.839614985174378409e-02 1.432786933516315697e-01
0.000000000000000000e+00 1.013989045492523361e-01
4.745029778096090944e-02 1.769960757395930839e-01
1.288577020281606034e-01 2.700807973837870968e-01
4.060994870704633108e-02 1.479844662952192191e-01
1.061367985394768981e-01 3.012634183834210777e-01
1.912456577202624186e-01 2.208904055359848240e-01
1.672736119288733836e-01 2.026283064229500441e-01
2.872032282243666135e-01 3.303724888274593430e-01
3.345484739839411636e-01 3.609795087162338545e-01
3.835783396301015863e-02 1.430459712955929608e-01
1.039417524289591582e-01 2.820372186081134269e-01
1.202797670587667650e-01 1.824172704992501060e-01
4.428626846564889807e-01 4.910481848844100439e-01
1.775848360578557439e-01 1.301581774586680895e-01
1.188470103023417240e-01 2.541403059151331467e-01
8.689154855168029767e-02 1.280963802249546202e-01
1.985335800745390011e-01 7.610907385373990586e-01
1.293837395745473795e-01 3.000056648595973985e-01
8.567181823229198800e-02 1.460980804949925660e-01
4.739663193549795844e-02 1.571881100910055562e-01
2.276835709273438424e-01 1.586993493609164807e-01
3.039227465510875234e-02 4.382746654598884684e-01
3.692920053064289304e-02 1.899441734045808350e-01
3.865379318731339275e-02 3.312064613105258348e-01
2.296436327512027531e-01 1.591997635478649697e-01
4.991646550121686676e-02 1.795456505895840216e-01
3.907732510516487984e-02 4.084372232955473803e-01
6.623259750807623802e-02 5.511818593514024034e-01
1.017156335099067971e-01 2.725219583739950102e-01
9.162179583616925083e-02 1.329397540824517887e-01
1.505247590195117890e-01 5.028360828509668146e-01
1.832334658196815569e-01 1.819435940606139168e-01
5.027109088926982189e-02 1.419963584143047464e-01
3.257862939429053140e-01 3.036650911492418947e-01
2.505222503580392113e-01 1.509611637576652732e-01
2.275917393371997277e-01 1.596677798720482488e-01
5.790810361709570336e-02 1.152785734043589028e-01
5.059213230645904363e-02 2.190047254670468846e-01
2.863053963902360000e-01 2.220562135813974047e-01
8.531600405921595243e-02 1.337736531602025380e-01
8.306791714327264875e-02 1.256522803368245733e-01
5.859585652530414912e-02 2.802083168355365417e-01
1.972749762536961937e-01 2.948042116983324301e-01
2.107157893788915992e-01 1.684165741381045411e-01
2.476782436691752631e-01 3.529799642759977041e-01
1.338849391860926497e-01 1.966832463496438477e-01
4.739450569321207452e-02 1.875535782625134817e-01
1.073100271281826612e-01 2.938754692617367437e-01
4.223509460829483197e-02 1.451436883212214590e-01
9.118592251027096696e-02 3.917053457035489239e-01
4.304989812164443375e-02 5.345670168600007433e-01
4.074964996178988969e-02 1.200660396420268061e-01
1.035307329117418351e-01 2.956352440406110338e-01
9.184636366738738178e-02 1.225537704462954791e-01
2.189044724526551244e-01 6.672032391554026942e-01
4.001522681868266429e-02 1.191272936879964051e-01
7.617631319616137431e-02 1.227230271628919483e-01
1.096792221888589491e-01 2.597278117366277339e-01
4.512194990222923724e-02 1.722812980668513294e-01
5.430904141348700392e-02 1.366000770698499456e-01
3.138375719280322995e-02 3.064804431147623576e-01
3.839142474656399157e-02 1.170321840975441230e-01
3.836108477084471113e-02 1.158433632928085877e-01
5.569288778575370163e-02 1.185942339173801513e-01
8.315402676905449264e-02 1.135084501944344793e-01
3.099580092144779697e-01 2.436220640741564580e-01
8.689629384899379139e-02 1.179073097241073037e-01
3.351153002762456978e-01 2.617610130966320225e-01
5.797358887376583003e-02 4.214494259535370713e-01
2.153892547584004558e-01 3.073171762935996698e-01
3.173354123327949416e-01 4.221643740432957093e-01
1.509329334978938841e-01 1.883108933073422420e-01
1.052090138741866715e-01 2.881004516026996476e-01
2.099721695720760950e-01 1.979048503233009626e-01
4.913994324366097177e-02 1.504403550006959134e-01
5.796831197662283969e-02 3.768115119469216956e-01
3.968399681519335642e-02 1.451331625236257084e-01
6.779528197907268294e-02 1.337994547609271945e-01
3.332866192217273094e-01 4.361641823208279312e-01
6.412945128278393914e-02 1.029060565049764731e-01
8.662991075008358299e-02 1.069482837162128719e-01
3.838540537869464947e-02 1.419452978301446455e-01
3.807338298834752471e-02 1.432571579053652511e-01
8.317249268024588804e-02 1.542407785510312157e-01
1.173398162986301618e-01 2.393383680235803279e-01
1.424464107247497280e-01 5.498892686179157607e-01
3.679698366514288360e-02 1.517676845565771870e-01
9.538548856156829625e-02 1.428131520553741762e-01
4.066794192123074358e-02 1.131355932335784548e-01
8.664019279027405929e-02 1.046435513482141533e-01
1.907867632035962491e-01 1.778228047124637001e-01
1.451649990502633381e-01 1.560018913924055561e-01
4.769850564773377155e-02 2.789202105864195258e-01
3.362774232187022705e-02 4.318673814310971526e-01
3.081535235972436282e-01 2.674055517969412543e-01
1.874000747880265327e-01 2.068367930966100721e-01
1.029186100855259273e-01 1.783946977002058010e-01
7.830550426772076023e-02 8.661928765421786358e-02
2.668842301540292894e-01 4.215317277804040974e-01
3.247944660412811768e-02 5.233580486152499267e-01
1.003754334099256768e-01 1.310762991411184852e-01
3.923776996785427462e-02 1.303588778151182626e-01
0.000000000000000000e+00 2.355603773154796965e+00
1.003884463727714310e-01 2.020987565430371613e-01
1.035307329117418351e-01 2.952916046191937927e-01
3.551489857123745625e-02 1.735056998905967207e-01
3.513670903737137752e-01 9.010297273021118158e+00
4.043089925074307145e-02 1.398466393728937940e-01
3.650109838035716509e-02 6.492133900651405609e-01
3.846309970129845046e-02 3.202695450380445008e-01
3.876287860280212133e-02 3.311471843877454857e-01
3.976893807228517458e-02 1.340520397134230546e-01
1.060161908259821262e-01 3.046019927274156158e-01
1.416026213903154585e-01 2.051959846047039238e-01
2.723727365278735268e-01 7.081152784213207152e-01
3.887371333185007244e-02 1.400765397267622336e-01
1.096928499051513101e-01 2.265967383453579564e-01
1.402068339070709768e-01 6.280464443230894256e-01
3.292701146228944054e-01 2.525801979600986735e-01
1.198006472374655573e-01 1.666349629279993416e-01
3.821980566390676542e-02 1.439633538878853924e-01
1.322294701160158237e-01 2.144213564139605677e-01
2.505017504074569246e-01 1.509549871411700328e-01
1.289602528132968717e-01 2.701882473274979657e-01
2.099721695720760950e-01 1.979048503233009626e-01
3.807338298834752471e-02 1.432571579053652511e-01
1.035746809252872241e-01 1.825071303241113663e-01
1.264280338410068705e-01 2.722299421496094385e-01
3.838540537869464947e-02 1.419452978301446455e-01
4.231735760356197806e-02 1.564534435053729078e-01
1.907867632035962213e-01 2.069944050415279402e-01
3.836108477084471807e-02 1.142615824635649924e-01
1.912456577202624186e-01 2.208904055359848240e-01
2.855457681093688804e-01 2.397564002721005449e-01
3.663946265352129306e-01 2.710733748773240803e-01
4.600381662931627424e-01 1.127629678528479618e+00
4.243398736397101939e-02 3.640376836494856883e-01
1.780966185969566351e-01 2.335954316657730956e-01
7.639473566333547516e-02 1.963625053311880142e-01
1.269612519566608866e-01 2.966522130764009946e-01
4.031643363146195785e-02 1.178600157117312558e-01
8.545910827217687022e-02 1.666133811482163884e-01
1.818597501895787838e-01 1.596933371384341993e-01
5.140191644085194411e-02 1.822787729556202552e-01
1.601074522867846905e-01 3.014467081229381673e-01
4.556217344640910855e-02 1.397550888928988655e-01
4.648150992068597609e-02 1.621103171837935675e-01
3.002357572644226980e-01 3.637949234900265671e-01
1.889277423374737530e-01 1.820141195265185807e-01
3.831347795171734238e-02 1.173966923131689044e-01
4.785189237360633341e-02 1.505823994724765635e-01
1.060090325704572262e-01 1.601287069978130639e-01
3.837822365078043946e-02 1.452054830496602444e-01
3.138375719280322995e-02 3.067621478926966794e-01
7.847905684818902439e-02 3.310912578009137519e-01
1.510452164906979644e-01 3.224087470529209964e-01
0.000000000000000000e+00 1.613319087437365684e-01
3.979764606035608721e-02 3.352961939834587235e-01
1.614337041223356806e-01 1.814661721237598169e-01
1.041676139953397195e-01 2.997407755853043754e-01
8.689154823492468982e-02 1.286883163230650995e-01
1.215849015458397853e-01 3.505529133069875680e-01
1.202797670587667650e-01 1.829402175447761847e-01
3.590628831836031876e-01 2.766669577017650816e-01
1.925079297711311532e-01 1.873035825177668812e-01
3.940250987496021762e-02 1.682749785477093973e-01
1.536765061286636258e-01 5.062166347183869597e-01
1.061367877367354468e-01 3.011514415398571787e-01
1.110071502421946937e-01 2.377386695679216955e-01
8.442497777847046692e-02 3.521363314382031096e-01
1.341715508602792650e-01 1.975942284596874099e-01
3.897571455333097290e-02 1.436697098868092437e-01
4.092438585225643272e-02 1.171256810272957305e-01
3.839614985174378409e-02 1.332386982009974574e-01
1.288577020281606034e-01 2.700807973837870968e-01
3.834983787949696604e-02 1.430305567721801563e-01
1.338138276183778452e-01 1.951016210000713069e-01
1.807616067158319406e-01 1.381628083479219393e-01
2.839022722019869938e-01 4.220402881378274018e-01
3.836764327017157250e-02 1.169928908364712139e-01
2.855053175613298522e-01 2.397309976112812213e-01
1.750028701733880310e-01 2.808125574595178309e-01
1.206061337161152963e-01 1.329649201990818763e-01
3.598944807648077338e-02 2.004190111939073704e-01
0.000000000000000000e+00 4.184559419760295329e-01
2.849395597251755952e-01 2.645516346430180632e-01
4.109823283487936546e-02 1.447508232244941739e-01
3.052489016304140573e-02 4.399191938356585285e-01
1.769693709557794148e-01 1.857000676996372335e-01
4.489714165826583919e-02 1.458463811815106370e-01
1.274777868706988559e-01 1.666832971440851130e-01
3.839614985174377715e-02 1.463873006164344015e-01
3.800995524067305592e-02 1.153610783519783411e-01
4.103579155782467458e-01 4.703173508867731778e-01
1.076956579711639272e-01 1.795637287502828972e-01
1.037397398236474394e-01 2.939836791294727081e-01
1.052090138741866715e-01 2.881004516026996476e-01
8.039209624930866716e-02 2.439903779771452341e-01
9.789150887277692226e-02 1.972978021827898332e-01
3.190344895753073617e-02 4.338184639693819511e-01
1.202798551687636885e-01 1.797187485520881089e-01
3.836108477084471807e-02 1.142615824635649924e-01
3.679698366514288360e-02 1.517676845565771870e-01
4.322791177297070908e-02 1.226334932349120582e-01
1.503225482261110746e-01 4.153288522123522175e-01
1.820854146043170418e-01 1.384997047242981782e-01
4.242007383437508550e-02 3.639779971480239795e-01
3.798786278470927397e-02 1.399939713793397489e-01
8.784545422681772076e-02 3.905220515025193406e-01
4.025535076412876251e-02 1.194507759312370548e-01
1.986204498460845957e-01 2.701514312708201415e-01
3.929595092674312284e-02 1.543986733260469257e-01
5.556929264476435926e-02 1.186293517280212623e-01
3.896248769310719368e-02 1.378861546433577667e-01
3.120862926207156399e-02 3.400108633516006895e-01
3.895308740880079057e-01 2.416815134293968104e-01
5.206006078274064142e-02 1.834424120964889271e-01
4.084666043804050656e-02 1.224278419949282881e-01
3.074233967848776644e-02 2.912829694699688998e-01
1.850534813117666044e-01 1.607498470899655363e-01
4.035387005986708353e-02 1.347976774842985503e-01
3.869851230511248824e-02 1.412105978373677517e-01
3.847102224678491250e-02 1.446932292186807745e-01
1.263221777746050822e-01 1.340825852362503845e-01
0.000000000000000000e+00 2.515580894757108998e-01
3.836108477084470419e-02 1.151291846862463886e-01
4.678567332593759620e-02 1.515620983261925792e-01
9.797906405076096947e-02 1.776082042664252625e-01
4.200768320090278451e-02 1.268075796883876838e-01
8.689154836951588912e-02 1.281836489374339472e-01
3.598237310859059290e-02 2.003993087927789518e-01
3.899710975931600793e-02 1.436796185716120167e-01
3.821563533697420328e-02 1.439799032275870527e-01
4.354595714189439526e-02 1.448299485402179676e-01
3.941967420952138812e-02 1.331363433214709791e-01
3.354380783371730540e-02 1.476010015793368935e-01
0.000000000000000000e+00 1.495324048048832510e-01
6.599873152200801119e-02 1.358551999482770500e-01
3.866554720702625181e-02 1.180888481198991841e-01
8.531597820912496799e-02 1.297507804480877991e-01
7.937840369223390924e-02 1.582307648550934920e-01
3.836109853350147536e-02 1.516117481929631916e-01
3.802900143910810382e-02 1.153777734449069892e-01
3.594671098418500410e-02 1.745670452468122413e-01
6.818661544122785190e-02 3.244016839782017381e-01
4.520727939559852915e-02 1.460486403332978689e-01
3.201143114252124472e-02 3.056549401169686986e-01
3.682765259778084804e-02 1.518305954451561746e-01
3.116542730285004961e-02 3.996193200263428724e-01
5.523748907529021923e-02 1.530645672276557401e-01
1.016054925453827584e-01 1.359198670946391019e-01
9.118592251027096696e-02 3.917053457035489239e-01
1.142061226444730654e-01 1.852526474551872693e-01
3.362774232187022011e-02 4.299463159591386252e-01
1.001157423757576964e-01 2.809304539233847819e-01
3.785324051365589193e-02 1.181939898371157094e-01
3.972466611255526941e-02 1.339671274452802763e-01
4.260593957054579356e-02 1.117016597946681317e-01
1.436604088335982354e-01 1.530255473552702417e-01
4.053143731013700984e-02 1.168308522034123137e-01
1.206061337161152963e-01 1.329649201990818763e-01
3.839614985174377715e-02 1.443588329062859277e-01
3.821980566390675849e-02 1.547807362491056826e-01
3.890457447934472096e-02 1.235004738789791251e-01
3.328926139115366556e-02 3.586465910210983044e-01
3.894081056809791525e-02 1.436077047393475858e-01
3.807835066418728542e-02 1.433769444455241515e-01
0.000000000000000000e+00 1.071318285822024929e-01
3.182414802452692565e-02 1.721590295851927188e-01
3.834983787949697992e-02 1.363832441433044940e-01
1.184148609227739929e-01 1.920667323782097036e-01
3.887923815326635446e-02 1.463386203484340342e-01
1.076490149493165988e-01 1.788942207038965726e-01
4.043089925074307145e-02 1.398466393728937940e-01
4.043089925074307145e-02 1.398466393728937940e-01
4.003703237663241293e-02 1.064540184278680024e-01
4.956759977503891884e-02 1.269432791018712536e-01
4.030951360122012744e-02 1.176150924688506710e-01
3.911416957311068809e-02 1.498724624792367455e-01
3.835783396301016557e-02 1.423527767370648123e-01
3.888087091869613099e-02 1.411608346141533799e-01
1.076956579711639272e-01 1.412386655871737395e-01
3.920375707328229570e-02 1.456148102420366519e-01
4.000419060103313496e-02 1.327958379672194711e-01
3.835783396301015863e-02 1.430459712955929608e-01
3.362774232187022705e-02 3.732862325334337372e-01
3.096619163247111423e-02 3.001422506116178113e-01
4.039545697765679205e-02 1.698778057535493269e-01
3.644590848650736820e-02 3.325110929204203591e-01
3.151591220056913778e-02 2.611330517880788848e-01
3.834759024849942327e-02 1.604919711698910845e-01
4.043084636566415119e-02 1.294921372815595328e-01
4.535216860953217993e-02 1.570361537893327497e-01
3.897571455333097290e-02 1.436697098868092437e-01
3.839614985174377715e-02 1.501921281744289793e-01
3.817768752208867272e-02 1.438126980020881240e-01
0.000000000000000000e+00 1.277459181729588000e-01
3.600373456253972565e-02 3.021086233880639349e-01
4.082289514956423393e-02 1.377006404995511635e-01
4.447264441008154379e-02 1.260340949498962859e-01
4.003093643559063608e-02 1.094051796068653132e-01
4.084666043804051350e-02 1.224868481456799496e-01
3.835514907533760925e-02 1.429703169351618786e-01
3.807268232317032042e-02 1.356063492103394830e-01
3.046859551711258648e-02 4.393665808884488211e-01
3.839614985174377715e-02 1.534120868938570470e-01
3.679698366514288360e-02 1.517676845565771870e-01
3.967777281479434315e-02 1.586748910112346922e-01
3.839614985174377715e-02 1.501921281744289793e-01
3.991553232595411449e-02 1.406625689792156686e-01
3.116542730285005655e-02 4.093065717498849398e-01
3.681211577974110444e-02 1.609350647533400458e-01
5.561560035237152894e-02 1.187764772025166060e-01
3.795483046262138754e-02 1.422808198627343867e-01
3.114901601008477836e-02 3.294517301521638353e-01
3.810892312105933211e-02 1.415620629813063303e-01
3.056348384522782069e-02 4.404563032034921610e-01
4.260593957054579356e-02 1.117016597946681317e-01
3.151591220056913778e-02 2.611330517880788848e-01
3.834759024849942327e-02 1.604919711698910845e-01
3.835783396301016557e-02 1.438830340351958115e-01
4.000419060103313496e-02 1.327958379672194711e-01
3.902519407069680868e-02 1.442706773325400094e-01
3.166702363477578303e-02 3.280814692275387801e-01
3.867586096249785860e-02 1.156479315694693144e-01
3.922007270020178710e-02 1.244167316939844142e-01
3.820676473417635582e-02 1.139950341340980472e-01
3.976893807228517458e-02 1.340520397134230546e-01
3.784195010224830624e-02 1.431794208500897780e-01
3.809467474201796988e-02 1.123014931276601347e-01
3.846569156161325220e-02 1.444725074562016875e-01
3.819289669997612963e-02 1.400575341465096768e-01
3.843806496573178022e-02 1.153852697901105590e-01
3.558476506837406766e-02 1.992889819057807044e-01
3.941577904967660806e-02 1.521734309957436804e-01
3.785324051365589193e-02 1.181939898371157094e-01
3.138375719280322995e-02 3.064804431147623576e-01
3.839588093209497788e-02 1.431046798388518060e-01
3.673032759339852488e-02 1.551437958841791476e-01
3.927155075762799735e-02 1.165018941225808430e-01
4.011652211906201887e-02 1.300795130447164327e-01
3.899710975931600793e-02 1.436966679456725404e-01
3.782950413978071469e-02 1.445392204041023587e-01
4.175123932144196581e-02 1.203389299849113026e-01
3.786379312941712261e-02 1.181572006567729177e-01
3.036297177722979690e-02 3.007055255000044558e-01
3.879706083596640848e-02 1.371761815821826991e-01
4.036359652498806155e-02 1.216942727287181752e-01
4.004645262226945446e-02 1.346135188467461330e-01
3.901803096448532709e-02 1.190716667086131886e-01
3.999035869479775074e-02 1.225444842759235847e-01
6.593751640771901290e-02 2.166939724626288644e-01
2.893979769762904386e-01 5.893526334652198218e-01
3.821980566390677930e-02 1.312673265312814253e-01
0.000000000000000000e+00 1.220121764190247454e-01
3.807835066418728542e-02 1.452643688074733985e-01
3.866554720702625181e-02 1.146313748392508575e-01
3.200661432875760021e-02 4.024004224516259942e-01
4.038151799701675954e-02 1.239163501493278502e-01
3.362774232187022705e-02 3.732862325334337372e-01
3.362774232187022011e-02 4.299463159591386252e-01
3.034902646661811337e-02 2.279850649392671513e-01
4.021706764120649286e-02 1.331853722828471309e-01
3.226380523537451112e-02 2.493754677697826438e-01
4.030983911261046965e-02 1.350804437364050703e-01
3.369550445843372960e-02 3.741949883957393364e-01
0.000000000000000000e+00 1.271334483765489687e-01
3.836108477084471807e-02 1.164901386842609882e-01
3.743187743622970048e-02 1.496823508895163690e-01
4.153928637221231818e-02 1.806708743778987214e-01
3.761160918657995705e-02 2.823864893074969351e-01
3.811938968800548944e-02 1.153536207665371016e-01
3.266964280562488498e-02 3.327567392033167204e-01
4.002586007817234698e-02 1.080711986687653142e-01
3.800995524067305592e-02 1.420594281053608743e-01
4.064201989830387024e-02 1.278120037213983373e-01
3.417845189646759319e-02 3.770513030548510724e-01
3.075266453319118812e-02 3.966772058280411684e-01
3.161895704872502710e-02 3.424759129484500897e-01
3.935128105022953071e-02 1.297738850739020011e-01
4.009211438888658774e-02 2.793457011867924167e-01
3.970140129232922754e-02 1.470479054431245991e-01
3.060554241368368400e-02 3.158397252301199942e-01
3.074182033963927113e-02 4.299048452231484796e-01
4.014180721986269212e-02 1.317289304863163146e-01
4.455872621388121818e-02 1.051794814427770147e-01
3.839397257182958906e-02 1.332349204436157064e-01
3.836108477084471807e-02 1.166247309506358021e-01
3.836108477084471807e-02 1.142615824635649924e-01
3.882653429338018408e-02 1.239578610407647136e-01
4.153224023185130703e-02 1.392156864398230443e-01
3.927841900065350000e-02 1.181754797726391332e-01
3.160905701784758048e-02 2.490509897798494077e-01
3.885112977497371528e-02 2.091677712291026836e-01
3.193371595508192468e-02 2.395890716785405439e-01
3.895677658295591123e-02 1.374739420864484474e-01
4.036130209724160534e-02 1.779882395888930102e-01
3.865647628506589661e-02 1.360541698351288298e-01
3.138375719280322995e-02 3.067621478926966794e-01
3.655762546022633258e-02 1.981177101860279732e-01
3.583517435674665741e-02 1.965396992914832663e-01
3.515255784325101857e-02 3.004371158626559790e-01
3.244185184988254700e-02 3.381840016039812657e-01
3.602708469149921294e-02 2.000593703076236629e-01
3.878326902576963164e-02 1.352793422706785320e-01
3.835956177277521917e-02 1.166224228756094772e-01
3.811014957964257294e-02 1.415648643818516461e-01
3.542602246112656200e-02 3.149070965235775676e-01
3.065163501894300688e-02 2.432205326685230318e-01
4.062652522659338655e-02 1.280681299979021526e-01
3.076816479183838021e-02 3.072002928504160013e-01
4.010772791491731132e-02 1.309239202834617533e-01
3.151591220056913778e-02 2.599407165264082109e-01
3.803394975957855723e-02 1.174911754130131825e-01
3.819283859731688324e-02 1.400574276111244965e-01
3.680515052931447595e-02 1.097224366159526426e-01
3.785095087132014230e-02 1.442467848384757223e-01
3.829249013501135473e-02 1.214925063604783140e-01
4.308874233506709839e-02 1.111665684192411629e-01
3.073231072141804215e-02 3.991624465732604432e-01
3.786035051994871004e-02 1.177151361565597493e-01
4.137429443011852309e-02 1.111918644832963349e-01
3.681949003148053678e-02 1.500105850453772038e-01
4.052296925055594301e-02 1.078379600306169361e-01
4.009139605943214113e-02 1.186623661331951546e-01
3.696761523767626983e-02 1.397536238373947026e-01
3.060514792195863018e-02 5.105119302605518605e-01
3.680366930430869349e-02 1.517809954561863406e-01
3.061060637562099118e-02 3.962291026016130369e-01
3.818096939841306853e-02 1.680904805792477197e-01
3.583261343936032517e-02 2.916174585066104719e-01
3.628621800685107035e-02 2.376149613780298153e-01
3.093476758620768499e-02 3.141827472198824300e-01
3.835783396301015863e-02 1.291843871055546877e-01
3.106127177505259296e-02 2.306566077242937773e-01
3.918278668690369088e-02 1.316824646890984440e-01
3.040448552793921511e-02 4.883512175071038075e-01
3.820188494521706279e-02 1.300560815055464003e-01
3.743187743622970048e-02 1.487405239019056191e-01
3.584482509489686497e-02 3.236835280005326276e-01
3.794847318586386242e-02 1.421978489150809433e-01
3.761160918657995011e-02 2.825349433962935919e-01
3.836108477084471807e-02 1.072573740213117188e-01
3.877666221177465677e-02 1.168583414805758752e-01
3.811512604722542413e-02 1.451319161264258972e-01
3.802354861084461524e-02 1.157167253469203044e-01
3.837440397373044487e-02 1.137164616744097551e-01
3.052259058315274359e-02 4.067382039058158871e-01
3.085514941356338331e-02 4.404150278451915423e-01
3.075642609686930762e-02 4.300069665157671417e-01
3.807835066418728542e-02 1.433767060334074084e-01
3.795483046262137367e-02 1.399649068332247948e-01
3.350258128528574297e-02 2.513862348671108138e-01
3.790774291788082118e-02 1.158275153700472626e-01
3.791243789059974001e-02 1.298563766542205900e-01
3.681211577974110444e-02 1.609350647533400458e-01
3.902336708603299648e-02 1.203135844293541784e-01
3.252465916934058066e-02 3.172117525462887500e-01
3.182414802452692565e-02 1.721590295851927188e-01
3.226380523537451112e-02 2.493754677697826438e-01
3.984766108507407228e-02 1.918976689868683305e-01
4.043103551348430774e-02 3.281782540436550821e-01
3.735747414539707101e-02 3.993483013728910680e-01
4.066376684346766079e-02 1.101788573302467378e-01
3.817550505993323046e-02 1.372718317240745889e-01
3.246410988986836443e-02 3.042416865726579323e-01
3.043367164064563271e-02 2.520861964372985153e-01
3.951020643264469695e-02 1.400664755223589575e-01
3.454430690192061143e-02 3.322648435884680840e-01
4.006863610629542161e-02 1.462626460502484682e-01
3.824730162805616701e-02 1.432442337820476197e-01
3.873811965859759454e-02 1.154293154048192521e-01
3.093712991697283171e-02 2.078316310100429554e-01
3.162208399172129064e-02 1.752038106969453779e-01
3.835514907533760925e-02 1.417287614526565320e-01
3.803535539216666012e-02 1.224903342065108147e-01
3.060795663441559511e-02 3.176672186695083111e-01
3.039884671828025145e-02 4.353785399394249356e-01
4.002586007817234698e-02 1.080711986687653142e-01
3.138375719280322995e-02 3.064804431147623576e-01
3.836108477084470419e-02 1.151752112229795788e-01
3.889353623112976055e-02 1.162623519307049297e-01
3.784200372941675522e-02 1.428636787989124302e-01
3.056345997686920821e-02 4.412798839976284082e-01
3.598237310859059290e-02 1.825139737413281338e-01
3.354380783371731928e-02 1.621612219328463222e-01
3.807268232317031348e-02 1.259244619697095502e-01
3.812459801135732740e-02 1.209167514342520677e-01
3.755346089426158523e-02 1.383443893082539067e-01
3.046859551711258648e-02 4.977558867579978119e-01
3.842352573540414040e-02 1.233897080589124035e-01
3.074523159890261634e-02 5.171809456827274332e-01
3.892971188216096112e-02 1.436370145648080965e-01
3.835635426628625222e-02 1.424196948227281212e-01
3.034902646661810990e-02 2.419088973943482879e-01
3.151591220056913084e-02 2.612009821788890407e-01
3.098882300447226845e-02 3.063260308717231095e-01
4.289999519985883414e-02 1.125319255958500408e-01
3.053747361813264824e-02 2.174979283290118526e-01
4.024116672501018566e-02 1.040875262217274694e-01
4.310081550346030882e-02 1.134167883094836099e-01
3.151591220056913778e-02 2.599407165264082109e-01
3.680719056630223085e-02 1.553112702810314494e-01
3.197881383556432783e-02 1.777624563146510961e-01
4.013051657924424087e-02 1.103822310284734987e-01
3.448090193327545128e-02 3.024655887465724224e-01
3.784121717716799199e-02 1.966615337954654430e-01
3.846929586621267161e-02 1.406570559714327984e-01
0.000000000000000000e+00 9.119425056414649788e-02
3.050606937360491808e-02 2.747157819912510734e-01
3.839066022962750457e-02 1.149058124198172881e-01
4.199689714963208281e-02 1.087822467507296581e-01
3.144954206340847686e-02 2.595316850109862794e-01
3.229507706680225659e-02 3.076587394391895325e-01
3.915189097754508823e-02 1.123145224509326939e-01
3.753861115219551958e-02 1.383170338554914613e-01
4.745750022163011672e-02 1.826737092938189866e-01
4.417805515575492364e-02 1.119372129267925675e-01
3.164842193331198622e-02 1.752767661813648681e-01
3.093476758620768499e-02 3.141827472198824300e-01
3.892617983111790192e-02 1.079882104657660657e-01
3.065463870069951718e-02 2.400045307588456744e-01
3.396630109328144242e-02 2.962441825267695394e-01
4.319319193479107671e-02 1.215306808666079125e-01
3.656560924151801978e-02 1.533650523066300841e-01
4.447455659333251349e-02 1.470115025593931868e-01
3.795431637729074215e-02 1.151395290586600950e-01
3.834989906982493729e-02 1.153508863801274986e-01
3.996494654807308117e-02 1.216088011405725006e-01
3.662029084802254086e-02 1.508810620048598172e-01
3.690669293717229599e-02 1.522467749067175080e-01
3.813746626886754115e-02 1.168214766697241586e-01
3.265762997722860411e-02 2.058004998991594114e-01
3.106127177505259296e-02 2.306566077242937773e-01
3.696154141411783778e-02 1.476463169251940599e-01
3.083170020753017021e-02 3.918449836591244573e-01
3.837959256684086301e-02 1.161492303213177701e-01
3.074545959315611032e-02 2.915450387009607125e-01
3.124052807888531152e-02 2.450012202516975990e-01
3.207569176020392404e-02 3.605231519933428941e-01
4.008284099660983785e-02 1.179037132557699680e-01
3.048201341403383030e-02 2.278481603986224069e-01
3.839560392647464043e-02 1.406807439226830381e-01
3.785665532913731063e-02 1.430524880003968269e-01
3.741438135815493282e-02 1.177622329371376952e-01
3.805281521921249216e-02 1.382907854180704388e-01
3.079783218370690107e-02 3.914913908049475477e-01
3.613473738198687280e-02 1.534951650028248404e-01
3.787695130151690764e-02 1.481955289008156096e-01
3.026615249873049543e-02 1.940261665933839808e-01
3.946383622571515704e-02 1.084965101100228563e-01
3.921968742640005029e-02 1.437889853921707484e-01
3.833675752574144946e-02 1.109153555637616556e-01
3.685647362992490461e-02 1.549970392816387987e-01
3.809467474201796988e-02 1.006486339236865174e-01
4.168446758443028477e-02 1.066061790266070591e-01
3.605528058645973699e-02 1.656966278842102180e-01
3.036907853871681842e-02 3.007357646318932765e-01
3.982690038135070637e-02 1.341762488241879936e-01
3.046744182550659152e-02 3.193095364081407483e-01
3.679698366514288360e-02 1.328674963269647347e-01
3.226380523537450418e-02 2.965476979774510080e-01
3.800971138885894662e-02 1.153607083023792390e-01
3.955405609050983290e-02 1.249281166341393162e-01
3.408718743318053801e-02 2.295406873884715260e-01
4.268540746033660377e-02 1.860830678696222540e-01
3.820335643702026107e-02 1.139834618359875512e-01
3.795974727863899584e-02 1.440034312295901675e-01
4.055483446342059151e-02 1.076735922180732941e-01
3.151591220056913084e-02 2.260810113743224325e-01
3.180280302489564559e-02 1.717488907234392681e-01
3.034902646661810990e-02 2.284348671587175250e-01
4.308874233506709839e-02 1.096541797944334123e-01
3.802900143910810382e-02 1.170206606169194447e-01
3.035935045656259698e-02 3.007233696927505973e-01
3.791363887672316579e-02 1.298479887406541466e-01
3.785324051365589887e-02 1.167592241661998681e-01
3.789622362657030230e-02 1.527924181913997148e-01
4.010777397848330761e-02 1.081733155285844877e-01
3.801217307478153840e-02 1.152692148353297863e-01
3.790186350022740902e-02 1.158498828106968859e-01
3.128789637534790113e-02 3.281841592776251204e-01
0.000000000000000000e+00 1.071318285822021182e-01
3.743703122206368250e-02 1.355728727944053025e-01
3.937257401812148394e-02 1.193284486867490085e-01
3.607859369770677338e-02 1.724521173984042977e-01
3.786379312941712261e-02 1.181572006567729177e-01
3.106127177505259296e-02 2.306566077242937773e-01
3.883680960776334651e-02 1.124593936314079862e-01
3.054452605647528171e-02 3.045471905989947659e-01
4.001145126553069115e-02 1.088777980448012717e-01
3.803314755334603198e-02 1.069670747965013602e-01
3.077816988421533742e-02 2.335742555981597246e-01
3.807651742361387037e-02 1.402000058222757639e-01
3.751047498148819132e-02 1.267921348520304747e-01
3.298597123538617865e-02 3.767532075662001212e-01
3.681211577974109750e-02 1.566477461290587403e-01
3.029130256874867227e-02 3.026689404516914039e-01
3.679698366514288360e-02 1.480860374403075164e-01
3.034902646661810990e-02 2.397706384232899668e-01
3.025267897640569401e-02 2.519037590562199780e-01
3.823067668739241198e-02 1.353193786244754060e-01
3.743971085121133163e-02 1.488921816580006385e-01
3.576871157093066550e-02 1.565710595622908652e-01
3.121089530694578021e-02 2.397328861764231323e-01
4.032043140790949470e-02 1.059374188145493084e-01
3.801217307478154533e-02 1.152811966142917033e-01
3.875343152641944067e-02 1.118217431533481410e-01
3.403063371897414868e-02 1.610396268769354045e-01
3.836022197464818151e-02 1.142602975010152955e-01
0.000000000000000000e+00 9.957568862157255285e-02
3.878705514015030192e-02 1.249270922061075650e-01
3.726983039021698058e-02 1.376168365628068491e-01
3.043742067447976693e-02 1.949647127623353182e-01
0.000000000000000000e+00 9.902387680705829198e-02
3.097238421502454889e-02 2.403517600993066161e-01
3.186928375914276773e-02 2.827494257461716232e-01
3.341953600691600912e-02 2.375572700048079744e-01
3.488798553219786547e-02 1.491178580934965081e-01
3.053747361813264824e-02 2.174979283290118526e-01
0.000000000000000000e+00 1.063078725071835429e-01
0.000000000000000000e+00 9.107099665947471223e-02
4.377059025335333642e-02 1.215254241371146876e-01
4.744043463600090826e-02 1.768949275553716449e-01
3.060450842511433511e-02 2.482597262863168730e-01
3.684335272437485459e-02 1.498786078841818636e-01
3.883711548646918282e-02 1.124603381905876637e-01
4.003788291701520369e-02 1.124602033827600406e-01
3.811801474888953933e-02 1.139594375174924484e-01
3.465883127764542160e-02 1.333057928136925918e-01
3.885025289239173868e-02 1.077819597933968587e-01
3.743187743622970048e-02 1.384691013375858037e-01
3.784935731988553487e-02 1.181879271680991716e-01
3.819863255088359888e-02 1.233562264059089586e-01
4.003703237663241293e-02 1.064540184278680024e-01
3.906770293133594862e-02 1.128717320498224680e-01
3.950888493594692519e-02 1.448210464634485106e-01
3.603499066672534445e-02 1.256796394088550151e-01
5.510596759133214867e-02 2.114733244682497071e-01
3.381960637211695736e-02 2.902892896038823389e-01
4.256762934153198591e-02 1.167236390033427468e-01
3.066997364926879813e-02 1.713940529800149215e-01
3.034113533936066975e-02 2.250262248553515643e-01
3.010845823507087016e-02 3.083099055028020175e-01
3.785324051365589193e-02 1.066280408732468848e-01
3.234661427148455975e-02 1.709464411283556362e-01
4.006062200686188318e-02 1.269080982437568172e-01
3.049208916752353671e-02 1.815963867018805245e-01
3.408718743318054495e-02 2.339441998052729510e-01
3.608900153621171641e-02 1.605815587595329774e-01
3.791421534451599323e-02 1.317446369115047033e-01
3.802354654244788357e-02 1.157474336323123798e-01
4.317622703613551577e-02 1.136532847682294178e-01
3.032896670448861562e-02 2.286807950432974690e-01
3.678215219210849429e-02 1.151733452077558784e-01
4.114644675413801911e-02 1.423623743360213079e-01
3.044130253995367547e-02 2.217762014736972265e-01
3.797623443629243728e-02 1.180490573568005047e-01
3.876011214808486316e-02 1.119205834682967249e-01
3.885306293534716154e-02 1.304519445039658276e-01
3.193371595508192468e-02 2.395890716785405439e-01
3.036907853871681842e-02 3.007357646318932765e-01
3.430276454667405273e-02 1.404045607724108691e-01
3.791049288485805885e-02 1.643165944907078735e-01
3.822910508368841664e-02 1.135505137769222961e-01
3.925463045094056830e-02 1.295891454136877119e-01
4.049389410056248445e-02 1.089661163025246876e-01
3.583460255773793929e-02 1.965381312473762909e-01
3.087114938694230856e-02 2.332538807959073923e-01
4.442087520030914977e-02 1.105608269733959897e-01
3.800967469197289589e-02 1.153606526140795591e-01
3.679702064708408049e-02 1.569429134083193678e-01
3.038417812315593464e-02 2.970608174030563431e-01
3.743952413410580465e-02 1.356855081728813861e-01
3.607859369770677338e-02 1.724521173984042977e-01
3.184555758411530130e-02 1.762928353740771670e-01
4.244716209885381758e-02 1.097089799741854665e-01
3.950415152610037978e-02 1.031304852257906995e-01
3.354380783371730540e-02 1.476010015793368935e-01
4.120031996958862380e-02 1.088479941172828536e-01
3.605528058645974393e-02 1.615900930266041813e-01
4.004968515876108220e-02 1.078967335780143533e-01
3.031661009360965900e-02 2.592264403005417606e-01
3.916869256737433996e-02 1.269831056421447391e-01
3.068301893667255489e-02 2.507431444678387411e-01
3.175483557958969083e-02 1.646908659935205355e-01
3.050325147762223549e-02 2.174738905640019315e-01
3.340603893621714449e-02 3.775026555699231290e-01
3.295585046415806102e-02 2.973673265107182884e-01
3.183899061356804117e-02 2.312623201785944105e-01
3.079305757538906840e-02 2.394318929431750453e-01
3.024472600298611091e-02 2.310082237104335301e-01
3.820253385841811122e-02 1.315088325078368481e-01
3.285341765530727653e-02 1.698325162358960694e-01
4.192438286126223129e-02 1.040714260473080410e-01
3.808297641585744325e-02 1.149395555271927466e-01
3.836108477084471807e-02 1.142615824635649924e-01
3.784178733698076447e-02 1.509949929605352847e-01
3.019360133782569497e-02 2.405492046377916693e-01
4.025365133771025700e-02 1.139310963240531688e-01
3.982212829679796645e-02 1.053732517025411930e-01
3.033680510656727031e-02 1.945726084319417126e-01
3.044625701199734844e-02 1.749512322066394121e-01
3.544400765907668172e-02 1.688303810463856469e-01
4.013751275251027650e-02 1.299159311819152174e-01
3.090904370403043180e-02 2.004016595849211213e-01
0.000000000000000000e+00 9.075706648664455534e-02
3.800971138885896050e-02 1.194786918201553028e-01
4.209552924203066593e-02 1.093415854867226117e-01
4.042983648164717725e-02 1.054151820477931961e-01
3.808178295005396757e-02 1.156174033012030977e-01
3.669452203485767949e-02 1.664673949563893474e-01
3.353804270947483013e-02 1.622310811687003029e-01
3.430890925689446258e-02 1.406634909688876944e-01
3.856425882464045718e-02 1.131091580044497336e-01
4.327351306292828020e-02 1.072644564078649027e-01
3.835561360933404523e-02 1.180602939820409175e-01
3.942224936212175568e-02 1.313540574458044452e-01
3.807243886949291528e-02 9.733552441809542599e-02
0.000000000000000000e+00 1.075707985577681047e-01
3.800971388745166130e-02 1.153604935436968876e-01
3.795393568014470559e-02 1.157196235792494615e-01
4.016586069369678519e-02 1.080349952457292928e-01
3.684235317164599038e-02 1.543617951033321722e-01
3.361447351883608409e-02 2.907111009045991179e-01
4.114136002191014219e-02 1.176403067901768823e-01
3.065738838891732959e-02 1.714404699228869455e-01
3.746536196151595277e-02 1.376716360324944100e-01
0.000000000000000000e+00 9.071740353509365196e-02
3.679640450000404295e-02 1.328664506888632413e-01
3.786044085533289694e-02 1.177115792719373305e-01
3.695576520387155312e-02 1.495898361678507926e-01
4.277595058695696922e-02 1.136247129757760460e-01
0.000000000000000000e+00 9.776105756713260320e-02
3.024005997085038588e-02 2.073990543566077427e-01
3.054397486106780538e-02 2.108841007105758392e-01
3.353568780275624495e-02 1.375704846890177524e-01
3.798239889222993632e-02 1.264339724022627010e-01
3.349755390853986770e-02 1.601314703550841545e-01
3.790723676931775227e-02 1.193313127795405243e-01
3.744793550116308489e-02 1.194922341527001608e-01
3.810704727683755094e-02 1.095504404214085042e-01
3.576818655989481843e-02 1.565682486022834663e-01
3.682954447556828492e-02 1.498520572501592374e-01
3.369296976136257338e-02 1.457772145530374375e-01
3.142620343943485633e-02 1.730283825428952649e-01
3.528432534773975893e-02 1.531498005780462246e-01
3.296776675571976012e-02 3.184056035128807749e-01
3.795579938090667266e-02 1.151037069159283888e-01
4.049410256100183930e-02 1.057884491214635264e-01
3.823479956023655146e-02 1.135589705172786179e-01
3.798126646700073633e-02 1.150905753249535646e-01
3.727352611250083630e-02 1.414652182350413512e-01
3.648091341256026743e-02 1.565069252830225965e-01
3.790097975646531531e-02 1.265314861432791094e-01
3.973604690082414154e-02 1.087348608953478818e-01
3.796512942235140409e-02 1.160799965185495553e-01
4.592427070943657513e-02 1.299965362530196289e-01
4.204056912774731952e-02 1.034564667902119622e-01
5.143117297489709083e-02 1.732896970900622280e-01
3.808078208530616543e-02 1.129343179177334233e-01
3.481856031248775629e-02 1.508422636235710323e-01
3.034111587560171797e-02 1.827320936627968018e-01
3.036787625191622250e-02 2.417651152023268524e-01
3.679698366514288360e-02 1.501606284605740416e-01
3.678215219210849429e-02 1.157843297507218372e-01
3.881780971429668603e-02 1.123967441150189178e-01
3.605528058645974393e-02 1.651524436193688716e-01
3.767207119998724346e-02 1.456646774373926423e-01
3.669827296982301756e-02 1.524705707128668764e-01
4.037841638241287251e-02 1.058971979091973825e-01
3.153681680178422458e-02 1.757075081011664208e-01
3.464590805154058040e-02 1.332809374373794264e-01
3.025702528407910041e-02 2.624655346654108934e-01
4.003703237663241293e-02 1.064436241017942819e-01
3.790774291788082118e-02 1.158388388489989401e-01
3.801429487845509048e-02 1.152348609184848938e-01
3.026438220234276000e-02 1.940660145757986677e-01
3.923462870226449017e-02 1.124331350624803161e-01
3.800971138885894662e-02 1.153607083023792390e-01
3.024472600298611091e-02 2.310082237104335301e-01
3.239118722291779717e-02 2.196059417000669478e-01
3.656560924151802672e-02 1.180342473963341965e-01
4.744871487131126220e-02 1.629513809195600460e-01
3.997405834609328579e-02 1.055036129992674432e-01
0.000000000000000000e+00 9.815899384727702626e-02
4.117783484435776770e-02 1.494500253213078000e-01
3.345639655481672664e-02 2.690061771623443176e-01
3.968494610727877486e-02 1.049312325132304574e-01
4.259553876649861681e-02 1.122210217660519899e-01
3.782427317950402129e-02 1.130317048355695408e-01
3.790174738049608555e-02 1.158497053455517928e-01
3.818753304957855227e-02 1.256637983708269457e-01
3.157188896420391744e-02 1.599865396231546499e-01
0.000000000000000000e+00 9.364824997172029042e-02
3.787803904176086089e-02 1.157821260873731911e-01
3.800982529574444685e-02 1.153608811583135274e-01
3.114802418985323715e-02 1.840591433827793721e-01
0.000000000000000000e+00 9.637813260916003322e-02
3.115147937346189611e-02 2.202474651905984293e-01
3.448602934868317399e-02 1.388757368227432065e-01
3.796246166695395330e-02 1.101321448323652752e-01
3.951330002578615219e-02 1.008449824578453724e-01
3.738904499879316945e-02 1.969427871084522830e-01
3.784181720901752533e-02 1.195263145522899861e-01
3.465883127764542160e-02 1.333057928136925918e-01
3.953681115658509021e-02 1.199669649249073544e-01
3.091558448374605653e-02 2.108171628753097715e-01
3.085343075383310471e-02 1.839391571885127530e-01
3.741717757875243772e-02 1.224332929491080690e-01
3.292523754506371941e-02 1.692895772318774306e-01
3.240796135364028274e-02 1.582597928398544185e-01
3.024245225466015707e-02 1.850788373762062844e-01
3.084678118870999228e-02 2.166541288000804755e-01
3.011034283962483321e-02 3.084106014500387904e-01
3.803595125405226374e-02 1.151920310886371951e-01
3.488798553219786547e-02 1.511233631416096790e-01
3.034902646661810990e-02 2.364736614489346411e-01
3.488798553219786547e-02 1.491178580934965081e-01
3.464590805154058040e-02 1.363378894510332284e-01
5.308618342896426201e-02 1.024930836148082863e-01
3.340412521053847533e-02 1.444730440736815558e-01
3.809509003410391920e-02 1.091042286900018310e-01
3.806354845738298132e-02 1.135857369584866855e-01
3.801429487845509048e-02 1.149590519845840181e-01
3.034902646661810297e-02 2.445787153612865583e-01
4.284776498264914468e-01 2.794764093496274193e-01
4.262294378630200609e-02 1.034347011909132752e-01
3.931991462310303886e-02 9.761673218437766364e-02
3.744793644197940558e-02 1.194923155720891278e-01
3.883274804950749559e-02 1.029157585738794123e-01
3.925073569634566356e-02 1.635259828690473483e-01
3.100742460362647043e-02 1.637914515081248246e-01
3.790134445165735388e-02 1.064129482410761524e-01
3.403063371897414868e-02 1.610396268769354045e-01
3.403063371897414868e-02 1.641739690672842367e-01
3.889876117618214224e-02 1.118297883730021564e-01
3.800460420324536237e-02 9.753643545343677890e-02
3.808297641585743631e-02 1.093189179477763173e-01
3.879424388495460868e-02 1.123931708993988060e-01
4.018174744737258025e-02 1.053953007585596152e-01
3.287324699034311487e-02 2.141275302217173215e-01
3.810515987853470288e-02 1.153823826839886213e-01
3.354443148727488666e-02 1.468435471386104196e-01
3.136889479842425166e-02 1.696395245864094070e-01
3.049208916752354365e-02 1.784920893547775056e-01
3.719704436956157434e-02 1.610046856065074916e-01
0.000000000000000000e+00 1.051428979746706766e-01
3.081085515994582552e-02 1.659650882182821530e-01
3.746792137304505443e-02 1.174669316739090225e-01
3.790397067497023459e-02 1.158152358247142855e-01
4.189776736263166323e-02 1.304351987226709531e-01
3.034296981773462396e-02 2.210561249011481766e-01
3.025540607282971306e-02 2.413014167136131316e-01
3.219183216575872974e-02 1.734866916971083139e-01
3.108586119397581393e-02 1.726348032007690991e-01
3.283893478257432497e-02 1.605312771856894083e-01
3.253858486833585001e-02 3.880364322661207788e-01
3.805616508310689927e-02 1.171122678837720477e-01
3.952440480725193106e-02 1.090688380609658725e-01
3.353568780275624495e-02 1.375519398037402252e-01
4.082499349088488522e-02 1.030159151584716104e-01
3.023512826566123954e-02 2.370243027715644990e-01
3.750268867527957461e-02 1.290523238251629345e-01
3.802069201345274763e-02 1.128718210235777064e-01
3.180846056549497397e-02 2.263691621140454246e-01
3.034111604277869509e-02 1.822316589531923214e-01
3.791190800385624976e-02 1.284582941890700380e-01
3.568830884901279255e-02 1.469705230501587578e-01
3.102739678828535241e-02 1.837213161253974103e-01
3.796665200925924272e-02 1.089432554969222283e-01
3.790174738049608555e-02 1.158497053455517928e-01
3.044253173613536284e-02 2.205029710188599612e-01
3.162208399172129064e-02 1.752038106969453779e-01
3.774759857696289439e-02 1.152067518577680055e-01
4.470562158767418109e-02 1.159576038644006823e-01
3.128391947086515273e-02 1.702058557512621251e-01
4.110847052183697753e-02 1.037597689147613383e-01
3.154305707013187882e-02 1.671739974426003361e-01
3.815072137320172502e-02 1.178602000479424539e-01
4.010600654170811546e-02 1.051145509482753065e-01
3.828705648952614865e-02 1.116706337414198058e-01
3.166254742214753837e-02 1.754576569446744949e-01
0.000000000000000000e+00 9.069862853665536240e-02
3.724940515944115405e-02 1.196514805013018379e-01
3.809467474201796988e-02 1.123014931276601347e-01
3.369553462812954064e-02 1.846226131273867588e-01
0.000000000000000000e+00 9.576151253041950695e-02
3.659610664805590385e-02 1.470999700247622999e-01
3.464600645877881357e-02 1.332811267223756313e-01
3.162116846094645273e-02 1.753675348385979049e-01
3.674638298710586337e-02 1.322939639032443826e-01
3.724926149585060936e-02 1.183776848044548746e-01
3.243424778054114499e-02 1.645189585403284416e-01
3.148071294813603593e-02 1.557869797157663827e-01
3.222482770722471385e-02 1.935825927994804518e-01
3.785011565382181281e-02 9.425146727614287789e-02
3.966139272991181519e-02 1.146230767000488426e-01
3.024245225466015707e-02 1.850788373762062844e-01
3.192777781475810567e-02 1.825146508785088773e-01
3.800530334937126525e-02 1.131221507258803188e-01
3.979327979627930029e-02 1.098177484898944789e-01
3.800460420324536237e-02 9.753643545343677890e-02
3.674638298710586337e-02 1.322939639032443826e-01
3.025608025055571623e-02 1.939938779969811178e-01
3.238496477227880560e-02 1.968027685200144927e-01
3.204413441256542122e-02 1.501495591853106992e-01
3.128391947086515273e-02 1.699774049583357705e-01
4.245606946967517281e-02 9.415878609479337580e-02
3.340991978539014501e-02 1.592766340706414929e-01
3.102739678828535241e-02 1.837213161253974103e-01
3.102739678828535241e-02 1.631963398516472763e-01
3.245496957467336463e-02 1.583746262653885351e-01
3.099104450919337034e-02 1.814010735755867409e-01
3.118935861794188205e-02 2.430062725828974757e-01
3.807352248540807338e-02 9.732700892833445749e-02
3.494482956592329104e-02 1.284443777799096631e-01
3.707386561419361709e-02 1.215680898330829540e-01
3.924610144546962498e-02 1.100493862945081114e-01
3.013507532191881180e-02 2.274153174186754056e-01
3.081085515994581858e-02 1.656583735106706978e-01
3.674638298710585643e-02 1.325267096840121450e-01
3.778490456140539550e-02 1.094977793792787507e-01
3.830351059927340762e-02 1.088976853807180484e-01
3.746794179824000648e-02 1.174672634080447670e-01
3.013556243197997725e-02 2.247060975852807896e-01
3.812644643524836646e-02 1.105447357558432403e-01
3.650843470816646230e-02 1.222644011542003278e-01
3.464841958798128840e-02 1.332369554275010526e-01
4.075959016752603997e-02 1.030614880204627909e-01
3.081496783315627180e-02 1.660138908227209165e-01
3.806846916924695734e-02 9.680166554924610200e-02
3.681780349109382150e-02 1.151808462921959930e-01
3.678215219210849429e-02 1.158305263895663684e-01
4.610335072058639044e-02 9.916035418848774541e-02
3.146270085697207980e-02 1.843298247647709442e-01
3.055858393180026222e-02 1.825910029931455403e-01
0.000000000000000000e+00 9.101267030073788289e-02
3.809467474201796988e-02 1.123014931276601347e-01
3.243424778054114499e-02 1.801385984436713605e-01
3.836108477084471807e-02 1.072573740213117188e-01
3.033322642232215774e-02 2.106264036501350745e-01
3.993287227872464179e-02 1.574140703351351867e-01
3.314643981738830264e-02 1.376267918418110081e-01
3.424481744186799043e-02 1.238958676867786823e-01
1.698561066757680871e-01 1.358830990110467263e-01
3.774759857696288051e-02 1.265176273727637857e-01
3.844591600217237698e-02 1.035225664053689293e-01
3.809467474201796988e-02 1.194026848900042181e-01
3.724926149585060936e-02 1.183776848044548746e-01
3.368292908628753995e-02 3.130161394884040660e-01
3.857720682781209248e-02 1.036206670545620351e-01
3.814353960720411052e-02 1.155427780893464873e-01
3.827356919616430042e-02 1.115123042720932711e-01
4.015511239966313567e-02 1.107938472855041906e-01
1.029253814280680773e-01 1.780863840951375510e-01
3.465125175974607952e-02 1.422613000115045823e-01
3.123621260633888813e-02 1.686772804984136287e-01
3.816617560616154814e-02 1.159582580932873447e-01
3.201492329092029548e-02 1.510418229387565092e-01
3.657273966503568619e-02 1.253306674501870333e-01
3.529880533096181605e-02 1.452818058549443514e-01
4.074954705961610080e-02 1.106657144968527240e-01
3.809509003410392614e-02 1.232543821796463768e-01
3.796665200925923578e-02 1.089689911252730015e-01
3.081085515994582205e-02 1.659217909379574751e-01
3.809149407921429836e-02 1.091256541484921377e-01
3.026663274939245252e-02 1.940188181858225613e-01
3.789093104190890265e-02 1.094853857414497950e-01
3.845482607963687793e-02 1.110515519466866996e-01
3.065847315120940816e-02 1.698056185528586948e-01
3.085243832666513877e-02 1.857241689023838294e-01
3.724926149585060242e-02 1.184241586408030927e-01
3.175483557958969083e-02 1.646246316666262199e-01
3.806354845738298132e-02 1.135722316148819605e-01
3.787803904176086089e-02 1.157959889962973249e-01
3.228082250326800434e-02 1.810337501882454403e-01
3.154771498971602195e-02 1.687576056490202592e-01
3.355978330820508920e-02 1.361911676496105894e-01
3.033301398868924054e-02 1.967035855077090556e-01
3.207049508056102755e-02 1.768230104237731581e-01
3.303557083640092790e-02 1.374341486491745257e-01
3.800167965115099772e-02 9.753686974835841517e-02
3.464675478246194429e-02 1.332785651153967077e-01
3.034455535378981564e-02 1.821821307495445352e-01
3.796492204010853272e-02 1.104217576802848377e-01
3.019360133782569844e-02 2.251673632194871599e-01
3.023407639373373521e-02 2.422356329104199679e-01
3.354380783371731234e-02 1.461250723272402297e-01
3.796246166695395330e-02 1.101495451520862201e-01
3.876348312379451766e-02 1.059250120663813438e-01
3.083869555941103069e-02 1.751414214849900675e-01
3.194032946996508415e-02 2.001470899147763938e-01
3.531445432429781983e-02 1.644555246074343169e-01
0.000000000000000000e+00 1.080496253679135849e-01
4.075582539594789500e-02 9.887759704851672993e-02
3.870868574679826868e-02 1.170200908573402615e-01
3.081282736023572069e-02 1.303826227327574139e-01
3.015907034846431606e-02 2.200801756385069030e-01
3.179690266342232591e-02 1.640417134824790624e-01
3.672384429512554060e-02 1.326634356851499053e-01
3.037685012056720937e-02 1.804558483216108788e-01
3.654169872289516480e-02 1.179956488818083710e-01
3.058489846259320952e-02 1.832674252683737237e-01
0.000000000000000000e+00 9.337737986268458690e-02
3.796665200925924272e-02 1.086821412560358413e-01
3.795404133013499659e-02 1.157227627129267244e-01
3.314402949315132380e-02 1.376234524141622118e-01
3.432361892468417663e-02 1.554532971243183792e-01
3.280470736950125837e-02 1.493797512638728453e-01
3.024481674591458086e-02 1.879375100802505860e-01
3.085391583007519173e-02 2.226748804920951064e-01
3.785011565382181281e-02 9.425146727614287789e-02
3.063050117828909624e-02 1.813831271059972161e-01
3.162331877187720547e-02 1.662882909711766444e-01
3.081840447808379541e-02 1.662595491784183699e-01
3.856685056127262534e-02 1.129102497215786344e-01
3.160114049576295825e-02 1.765216655065799667e-01
3.413420512260210288e-02 1.392729036406934462e-01
3.270427259490370914e-02 1.685614682211421245e-01
0.000000000000000000e+00 9.034918094172789127e-02
3.326527006916635970e-02 2.094298569974198387e-01
3.747044025178367793e-02 1.182369173842974658e-01
3.090286189007767498e-02 1.655656016809218256e-01
3.656288183861079039e-02 1.253137754728171904e-01
3.022866537009818652e-02 2.495751637260826827e-01
3.172947507834201347e-02 1.580576487867970947e-01
3.063146839542064612e-02 1.906440618813899646e-01
3.159967600049184283e-02 1.562669116035924066e-01
0.000000000000000000e+00 1.116538404181695310e-01
3.997568916268368078e-02 1.280176927089736461e-01
3.126660033363982266e-02 3.238000269049279289e-01
3.301966865658163830e-02 1.527649958103262373e-01
3.491899006549872148e-02 1.289469940262130965e-01
3.804514901560597517e-02 9.677201124708899316e-02
3.012659237112782357e-02 3.084027394838496638e-01
3.773474816582952918e-02 9.393950989214100433e-02
3.083166040127250512e-02 1.660588510900641024e-01
3.055186939214287953e-02 1.881433414133432125e-01
3.394658558162781670e-02 1.471864389280618801e-01
3.678309918140671569e-02 1.157971934485517718e-01
3.735350233017706301e-02 1.223293832237715428e-01
3.028493937626011365e-02 2.037188010547445749e-01
3.421866425389195887e-02 1.360030174713739159e-01
3.678215219210849429e-02 1.157843297507218372e-01
3.287968593798808875e-02 1.604062489321081142e-01
3.055858393180026222e-02 1.825910029931455403e-01
3.464590805154058040e-02 1.332809374373794264e-01
3.614762834992538837e-02 1.232433730979464181e-01
3.304215318006262225e-02 1.562099157628836776e-01
3.560961108357234284e-02 1.278473614443062789e-01
3.974145100570104783e-02 1.521998561405153993e-01
4.306751532114624220e-02 9.703106341583804528e-02
3.464550997797721799e-02 1.363371061971600517e-01
3.787056910748594352e-02 9.793624905666359348e-02
3.810290854684574707e-02 1.087371103650713600e-01
3.065738838891732612e-02 1.641797065826870738e-01
3.859817014750989428e-02 1.358354683352570313e-01
3.807352248540806644e-02 9.701426807750583581e-02
3.065847315120940816e-02 1.698056185528586948e-01
3.804191455311792952e-02 9.931989663111685795e-02
3.154731770591146650e-02 1.737451135783907863e-01
4.237544811546000573e-02 1.045366334999977415e-01
3.098399577975219019e-02 1.806887106550481847e-01
3.026670906869461872e-02 1.940279506378269903e-01
3.010814448237613544e-02 3.083082990705629522e-01
3.406963267166106951e-02 1.281258117667457563e-01
3.092131712854046671e-02 1.647260650762172318e-01
3.796252876671312587e-02 1.089307879149329222e-01
3.812955022101591207e-02 1.147238703300468843e-01
3.464586814214356408e-02 1.332805357979515992e-01
3.026023781505731911e-02 1.852021229086100174e-01
3.776395338537708035e-02 1.086371489146034097e-01
3.127471004430765894e-02 1.677056155818297256e-01
3.038076919005520266e-02 1.783954970905791415e-01
3.028205504990794453e-02 2.267150996685374786e-01
3.073074383519410965e-02 1.710638576053324367e-01
3.041585061331284270e-02 1.819387184980131578e-01
3.308519267023529026e-02 1.387568979255685564e-01
3.735640263142509659e-02 1.159000385214490336e-01
3.101391938892229111e-02 1.427457999202710603e-01
3.301750932689832829e-02 1.575283090211495596e-01
3.068197063877286038e-02 1.714275739339386484e-01
3.010660374635045974e-02 3.051546308940255581e-01
3.671569075498112150e-02 1.203755174963816454e-01
0.000000000000000000e+00 9.071740353509365196e-02
3.584191439093971365e-02 1.245503296175429903e-01
3.032360424204749369e-02 1.853270103741435360e-01
3.026051406467733865e-02 1.941196350460870079e-01
3.014132942886401517e-02 2.414783397504687845e-01
3.355978330820508920e-02 1.355222382537519532e-01
3.314643981738830264e-02 1.376267918418110081e-01
3.025897332342779994e-02 1.529709323245783958e-01
3.806079961367929421e-02 1.203721139509567745e-01
3.027241804122962274e-02 1.852393938271623963e-01
4.292966175194434103e-02 1.281943638581140299e-01
3.067222970347714683e-02 1.845370718677919464e-01
3.023811944772572535e-02 2.422518290357980053e-01
3.424481744186799043e-02 1.238958676867786823e-01
3.066778680176312361e-02 1.698314108761442287e-01
4.021271282665030145e-02 1.191483156019548934e-01
0.000000000000000000e+00 8.863901537603639802e-02
3.659033054271254581e-02 1.174270664761115912e-01
3.465840721461279500e-02 1.340938652257260832e-01
3.079554772188994663e-02 1.694242757215673467e-01
3.641391101510649958e-02 1.233161140295387093e-01
3.311467201452372722e-02 1.214913841841267078e-01
3.102269367660599395e-02 1.846971253278698877e-01
3.184656449054534127e-02 1.756470257169260585e-01
3.706209317196385716e-02 1.179034284213780898e-01
3.832878485042257033e-02 1.046857439299259118e-01
3.026954344530555577e-02 1.716180332580780066e-01
3.314402949315132380e-02 1.307125329005400516e-01
3.465064989792673855e-02 1.425052910389640048e-01
3.049208916752354365e-02 1.784920893547775056e-01
3.080829237833203338e-02 1.774059091446433811e-01
3.738794965185215924e-02 3.050006110748639809e-01
3.467281913720675346e-02 1.890866948554260629e-01
3.010845823507087710e-02 2.594331652087872864e-01
3.560961108357234978e-02 1.504600507775486207e-01
4.076292337120128451e-02 1.396190118067199837e-01
3.025608025055571623e-02 1.939938779969811178e-01
3.225213988776107904e-02 1.476331004965697469e-01
3.041544376099147504e-02 1.826824704200034621e-01
3.352717341735206996e-02 1.522141387836985216e-01
3.678225742391887099e-02 1.158306998521823894e-01
3.078487632300383470e-02 1.933858163424554688e-01
3.023512826566123954e-02 2.370243027715644990e-01
3.031733587939499860e-02 2.509536501214192916e-01
3.710641852320571005e-02 1.144838561963933271e-01
3.687886650797345123e-02 1.248713636157090523e-01
3.464586814214356408e-02 1.332805357979515992e-01
3.429728213702925438e-02 2.958489134972798751e-01
3.394496718700427962e-02 1.620858524219763175e-01
3.132829335286381467e-02 1.788167488551128392e-01
3.352015478228384526e-02 1.361428197895539205e-01
3.656560924151801978e-02 1.185199375141837985e-01
3.254335747542556195e-02 1.343518575324117725e-01
3.304862363642404460e-02 1.522283560737829611e-01
3.097247847597527776e-02 1.427958148594002941e-01
3.824266827889398479e-02 9.308590700211670510e-02
3.275188587666483936e-02 1.505090867687627343e-01
3.857445702701040036e-02 1.074718764931209269e-01
3.654709304427394834e-02 1.101515423987474290e-01
3.660402090493137389e-02 1.336529158448377108e-01
3.509509764287589706e-02 1.181631347696262269e-01
3.034455535378981564e-02 1.821821307495445352e-01
3.491899006549872148e-02 1.289469940262130965e-01
3.025914920843001191e-02 1.931616755004128827e-01
3.079845345147909710e-02 1.561146266765910950e-01
3.228739369713904545e-02 1.592634857208979626e-01
3.484234058533224737e-02 1.287654276384058438e-01
3.553305380411343056e-02 1.278864873408006031e-01
3.114493848127810119e-02 1.299140073059848743e-01
3.452566570982180255e-02 1.887821746939672696e-01
3.166107444326663606e-02 1.275863367465225884e-01
3.235339768365479152e-02 1.855537477508619193e-01
3.032617596108775487e-02 1.845671589533421086e-01
3.092717943699360011e-02 1.550599022078339995e-01
3.526265659453685364e-02 1.488074325165375522e-01
3.383732172036778979e-02 1.795272938187966461e-01
3.095942899447683139e-02 1.653521385457535631e-01
3.009662118800196864e-02 2.579976937169655149e-01
3.608225152344927966e-02 1.592225719907517933e-01
3.229598706936917529e-02 1.542783879237498157e-01
3.089448917272634779e-02 2.275231627371208099e-01
3.023606810550460988e-02 1.822503233579129966e-01
3.200877757347700414e-02 1.982492825199018149e-01
3.117147989578681125e-02 2.164625047150004478e-01
3.102191916637219576e-02 1.914257261993712322e-01
3.793574400483537556e-02 9.802354701011090077e-02
3.806820404123104074e-02 9.680132845858839541e-02
3.107623327538516084e-02 1.402771647142184441e-01
3.896759836757100748e-02 1.169519813309187750e-01
3.079044535559088275e-02 1.303352588156490022e-01
3.746609989666248308e-02 1.136624635806804118e-01
0.000000000000000000e+00 9.071740353442567240e-02
3.108044588715520515e-02 1.833415920256558362e-01
3.584191439093971365e-02 1.275808389669145226e-01
3.013507532191881527e-02 2.253273291856252025e-01
4.199314618404515614e-02 9.729538738175816381e-02
3.013440644583216185e-02 3.029538767183412307e-01
3.026426228940189839e-02 1.773179873832072539e-01
4.647819538305782150e-02 9.350934402103878995e-02
0.000000000000000000e+00 9.034918094172789127e-02
3.044625701199734844e-02 1.749512322066394121e-01
3.223692109797304112e-02 1.466465355075901311e-01
3.102486156595442301e-02 1.637590004791928400e-01
3.034111604277869509e-02 1.822316589531923214e-01
3.023175910399176353e-02 2.495879348381124241e-01
3.081282736023573110e-02 1.327413049405481993e-01
3.068170490764291283e-02 1.688477141219302258e-01
3.053273534294555572e-02 1.776583325044035766e-01
3.270846329438166500e-02 1.861528783276942267e-01
3.413983155692632693e-02 1.237276522965201214e-01
3.595336065460054409e-02 1.247155641939894505e-01
3.785036292162871630e-02 1.164158489882557712e-01
3.050442946370359593e-02 1.455897760355028270e-01
3.152545051439620272e-02 1.548205290749521956e-01
3.510682687833056870e-02 2.950712839284711508e-01
3.013579302946381433e-02 1.897667555392254790e-01
3.028205337998701729e-02 2.193232349888035448e-01
3.656560930091096173e-02 1.262705314962349057e-01
3.065738836482855695e-02 1.714404700149385341e-01
3.785011565382181281e-02 9.421315372744031025e-02
3.776958507590526259e-02 1.095230792679206533e-01
3.788200395564972345e-02 1.099904969656377296e-01
3.039943090835896949e-02 1.847318429206064871e-01
3.095163725170653121e-02 1.504327394640857796e-01
4.205107072168847576e-02 1.319045217412885829e-01
3.033249300955779063e-02 1.843776955714578336e-01
3.803753154784142443e-02 1.134727571545891961e-01
0.000000000000000000e+00 9.677085990814425498e-02
3.077815502623298602e-02 2.334725845401286470e-01
3.407439268275954530e-02 1.336580310478541200e-01
3.049924784343703565e-02 1.960509286040999777e-01
3.745245142332539329e-02 1.127329571329505759e-01
3.124197348395400461e-02 1.584658574994777247e-01
3.708195663483250526e-02 1.272684309566857741e-01
3.014200858109516296e-02 2.247756536643266689e-01
3.614762834992538837e-02 1.232433730979464181e-01
3.048418555964116719e-02 4.767793114819714462e-01
3.054157432087601168e-02 2.232386840895683178e-01
3.024741758390290733e-02 2.311830932023316021e-01
3.321508221425854140e-02 1.774667705302076792e-01
3.312696988660613490e-02 2.294806395648002761e-01
0.000000000000000000e+00 9.038648188613454537e-02
3.404997778752626159e-02 1.280720821095316653e-01
3.778503697748058360e-02 1.080859133959496260e-01
3.560946141941331855e-02 1.296182032941331774e-01
3.688827335245430800e-02 1.153555035379387333e-01
3.678215219210849429e-02 1.157843297507218372e-01
3.641170295473820234e-02 1.233123751471229684e-01
3.017665823595034810e-02 3.172782257783649529e-01
3.805788501215994629e-02 9.321216068797980037e-02
3.076109516630136723e-02 1.320378891706333047e-01
3.655312543307719791e-02 1.207112941053864880e-01
3.027867079731600547e-02 1.751429439167783431e-01
3.072854077791286817e-02 2.254377417898307256e-01
3.065738838891732612e-02 1.641797065826870738e-01
3.166107444326663606e-02 1.275863367465225884e-01
3.065847315120940816e-02 1.698056185528586948e-01
4.010325270176885726e-02 9.902073754347208434e-02
0.000000000000000000e+00 9.822115130148031947e-02
3.167789473091906643e-02 1.273440045888177830e-01
3.032075643629959447e-02 1.807768903081196921e-01
3.013960314541655472e-02 1.800399382582331398e-01
3.654479260367340249e-02 1.242132835896197773e-01
3.040083419359499578e-02 1.523824006442817125e-01
3.010845823507087363e-02 2.968262856510261449e-01
3.824067006649756184e-02 9.509339546397668763e-02
3.623814184533186850e-02 1.146703219909386562e-01
3.166413808513107719e-02 1.241931752822213880e-01
3.026816383283809433e-02 1.765521296805361295e-01
3.139999475906025267e-02 1.435438667616550368e-01
3.736110559453036106e-02 9.505097351299728048e-02
3.669726485825484941e-02 1.133398173852347424e-01
3.424908340973281673e-02 1.483878734376655462e-01
3.494482956592329798e-02 1.288876043634800406e-01
3.166107444326664994e-02 1.272952630865868406e-01
3.065847315120940816e-02 1.661684141442440199e-01
3.010845823507087016e-02 3.083099055028020175e-01
3.034048419520478379e-02 1.822043816295793039e-01
3.653188604163327274e-02 1.148958420984236839e-01
4.260340382525380082e-02 9.678606792217880894e-02
3.027452358667913346e-02 1.781035659185127296e-01
0.000000000000000000e+00 9.618589044451469894e-02
3.031602344830351334e-02 2.275854188467582306e-01
3.701497438119148026e-02 1.007541872551519502e-01
3.576457521768360015e-02 1.277707117537900117e-01
3.205356853098823011e-02 1.393904420398240362e-01
3.755199098241827904e-02 1.244333526178162536e-01
3.790268752364209931e-02 9.797777077085668973e-02
3.020552422217254868e-02 2.405966966798175344e-01
3.184754210589483409e-02 1.559000746660589853e-01
3.018792782493001647e-02 2.416649369578872941e-01
3.088295906943305108e-02 1.670658604235558120e-01
3.724909806859758726e-02 1.399726158291511036e-01
3.200891706884727989e-02 1.741840481081455838e-01
3.015371754596647691e-02 3.063881017087839997e-01
3.037432043029635043e-02 3.063445887189582550e-01
3.143345368707948367e-02 2.311496519112624382e-01
3.035728232234078186e-02 2.053832418789614811e-01
3.028709464021359099e-02 2.053133010847366657e-01
3.031460246488184088e-02 2.417003553373895108e-01
0.000000000000000000e+00 1.219417648263785015e-01
0.000000000000000000e+00 9.034918094169690217e-02
4.301368006312231845e-02 1.188898623455110076e-01
4.497670374412776617e-02 9.380190485300694825e-02
1.142561789214629059e-01 2.456758217322904114e-01
3.061778414521693081e-02 1.496546554002809448e-01
3.065489260329994081e-02 1.711100205466152269e-01
3.016497702827151267e-02 1.755731320776310889e-01
3.657284965396444265e-02 1.199575488365758197e-01
3.664746748099949325e-02 9.780478287396837667e-02
3.091059366491254873e-02 1.632084775256685827e-01
3.023718471355142656e-02 1.815887424068255152e-01
3.710560761276361641e-02 1.181051841087153720e-01
4.052254803203660105e-02 9.242524754068943971e-02
3.463157217919259762e-02 1.332035551562085751e-01
3.094515508814781740e-02 3.061324916438930566e-01
3.768700189099792597e-02 1.089239234856275995e-01
3.364963314651350790e-02 1.448828517895571211e-01
3.808090212136980290e-02 1.213124630173599977e-01
3.279313083369463783e-02 1.222711746719891135e-01
3.784632109982984799e-02 9.644726116982731134e-02
3.776388932345674243e-02 1.024640462818962039e-01
4.249252357163482013e-02 9.404053796583639047e-02
3.076109516630136723e-02 1.320378891706333047e-01
3.778490456140539550e-02 1.094977793792787507e-01
3.673185582502685315e-02 9.806578541746249766e-02
4.002098746569172916e-02 1.026007052341100373e-01
3.020886221289511772e-02 2.219143191213475697e-01
3.013424866216135936e-02 2.231940868304592984e-01
3.773474816582952224e-02 9.394872811915376543e-02
3.163147832132761489e-02 1.275126100943922702e-01
3.138661084710715060e-02 1.653184720005489716e-01
3.605839561359479306e-02 1.149442576205742528e-01
3.803305509399475953e-02 9.351732505980624166e-02
3.168744250232757159e-02 1.578959238673614263e-01
3.027291165536534837e-02 1.849254779971204465e-01
3.031550573119253314e-02 1.715342560629901092e-01
3.413674374628234559e-02 1.237220568055147907e-01
3.042481274862434901e-02 1.659968034728472319e-01
3.687649567993121075e-02 1.025648428549941343e-01
3.078137036414232280e-02 1.753734960820002020e-01
3.614762834992538837e-02 1.232433730979464181e-01
3.019360133782569497e-02 2.405492046377916693e-01
3.314402949315132380e-02 1.187382028058376199e-01
3.778503697748058360e-02 1.298198547024042582e-01
3.623687675844677186e-02 1.146683203668140139e-01
3.020307269882238632e-02 3.185968534876670311e-01
3.038076919005520266e-02 1.783954970905791415e-01
3.013507532191881527e-02 2.253273291856252025e-01
3.825194061866512424e-02 1.137782392516150237e-01
3.061100732392997917e-02 1.506254038169700105e-01
3.268801994308389441e-02 1.245416408870403252e-01
3.812919390207521880e-02 9.412766073976941428e-02
3.678215219210849429e-02 1.146122817869065225e-01
3.120227674720157246e-02 1.305372647567885902e-01
3.062714121099868042e-02 1.712321177512532711e-01
3.196292729766286173e-02 1.726309133591118483e-01
3.855233703294898978e-02 9.605558675992144357e-02
3.038968712003533093e-02 1.728670574779353208e-01
3.046498410044453167e-02 1.555722832387130272e-01
3.019535034534460288e-02 2.251738850156340954e-01
3.025338358529071348e-02 1.780413712009893401e-01
3.617020226539442024e-02 1.232818493652694802e-01
3.161221805832514775e-02 1.469782833358192764e-01
3.061423779233713241e-02 1.456237048368554110e-01
4.235824343721242974e-02 9.139247272490537422e-02
1.024773376745837516e-01 1.285768324436907251e-01
3.049638116711507127e-02 1.743221197513358245e-01
3.022440070660664321e-02 2.252601096928143476e-01
3.041383922598206099e-02 1.684284638134839751e-01
3.024485477955564036e-02 1.951790314864253750e-01
3.413983155692632693e-02 1.241437333781073710e-01
3.019175497000107719e-02 2.406862482781562118e-01
3.023634614697491563e-02 1.822511613234445993e-01
3.808903345869269624e-02 1.190886409966067094e-01
4.056414544868151839e-02 9.132233179798668332e-02
1.974613236372074199e-01 1.916654713788487341e-01
3.414106678256240840e-02 1.255737598560726365e-01
3.654908924963108652e-02 1.202194935969480710e-01
3.736110559453036106e-02 9.505097351299728048e-02
3.010396516905210901e-02 1.903352423417074557e-01
3.061778414521693081e-02 1.602202125038779124e-01
3.032755674286480990e-02 1.793220164392458627e-01
3.027938971155454823e-02 1.826199435356151701e-01
3.065812647233289584e-02 1.718747976593305027e-01
3.106540854648743785e-02 1.640201769116533259e-01
3.041219037753391599e-02 1.519995034737474660e-01
3.015128761530162446e-02 2.201733623902698833e-01
3.623334153338000907e-02 1.160211881878315254e-01
3.678215219210849429e-02 1.151733452077558784e-01
3.745245142332539329e-02 1.127329571329505759e-01
3.040428993905956029e-02 3.016514769590483147e-01
3.010318234953777983e-02 3.354528805724742435e-01
3.654171724324496023e-02 1.180191427496860568e-01
3.659427279478864176e-02 1.174101466027196311e-01
3.027452358667914040e-02 1.558766089086553175e-01
3.773474816582952918e-02 1.049152518815533036e-01
3.702702777929202382e-02 1.052625379422595514e-01
3.798345737476103295e-02 9.803402977707791066e-02
3.023623557943243625e-02 1.822354188194200975e-01
3.024227474691300668e-02 2.052652984982228923e-01
3.164976497782819032e-02 1.278758299685385236e-01
3.027297363394752458e-02 2.247753837919999331e-01
3.080086226078184233e-02 1.305649824549516558e-01
3.671108170526722614e-02 1.132843549400318062e-01
3.746609989666246920e-02 1.136494343480700386e-01
0.000000000000000000e+00 9.716593249004618071e-02
3.024008703995529138e-02 2.407343200674960659e-01
3.144998076297123718e-02 1.888852076160375260e-01
3.049894812853348042e-02 1.724313081587814100e-01
0.000000000000000000e+00 9.337333080890164450e-02
4.197731415536686689e-02 9.245833807784432923e-02
3.202067667727164640e-02 2.936531414365952664e-01
3.007692281292393896e-02 2.644173757748102260e-01
3.144298139940026465e-02 1.238969365864854288e-01
3.174877919197645337e-02 1.440213738250394337e-01
3.025772884194922671e-02 1.635376529688380154e-01
3.669069739045351802e-02 1.066147078647406710e-01
3.031928685158810644e-02 1.714918962166094574e-01
3.035691292541501177e-02 1.805002251116485101e-01
3.712778640084210546e-02 1.436043508163268312e-01
3.773474816582952918e-02 9.394852296280242765e-02
3.736110559453036800e-02 9.724369542260288823e-02
3.269227434774336916e-02 3.021360032383333949e-01
3.058384195200716457e-02 1.452680915690415797e-01
3.268801994308389441e-02 1.245416408870403252e-01
3.314137025278562909e-02 1.176548635329886516e-01
4.186138396961816555e-02 9.091290823782864627e-02
3.160498644714691135e-02 2.572281198501472632e-01
3.614762834992538837e-02 1.242705234028059769e-01
3.010660374635045974e-02 3.051546308940255581e-01
3.623814184533186156e-02 1.135278255185727808e-01
3.026954344530555924e-02 1.724594518437185531e-01
3.011379070686740975e-02 3.006458293580528962e-01
3.737443617026096898e-02 9.511466290850020822e-02
4.221840345262214966e-02 2.259452314867219092e-01
4.311219329345652301e-02 1.215041311908324068e-01
0.000000000000000000e+00 9.413061396064763275e-02
3.057805864054490355e-02 3.051765771998641852e-01
4.095176928149103779e-02 9.375301734467698933e-02
3.028748607592091427e-02 3.037558217893053247e-01
3.803550062370799484e-02 9.351258361762337934e-02
3.061436240231298761e-02 1.456313408116602093e-01
3.802629920098529737e-02 9.376635849243256104e-02
3.052502231141027492e-02 1.512400832964242714e-01
3.023623557943244319e-02 1.821805371772802495e-01
3.614762834992539531e-02 1.232712313961401712e-01
3.119682742170789419e-02 1.295513684568896928e-01
3.016616199742697818e-02 1.755668218015686011e-01
3.822100616787876132e-02 9.469286386858676019e-02
3.037010305416171924e-02 2.558796834037256329e-01
3.160080772300107033e-02 1.234829294479727613e-01
3.165306072811086002e-02 1.379851372470669579e-01
3.835393932987866267e-02 9.485563504391388012e-02
3.164610652185366468e-02 1.275420927037395069e-01
3.172141986115380868e-02 1.581948913712170057e-01
3.040021130701663424e-02 2.441677995040057725e-01
3.632776527129782246e-02 1.251987019278751612e-01
3.810462927016456530e-02 9.607976807879924086e-02
3.081282736023572069e-02 1.303826227327574139e-01
3.013424866216135936e-02 2.231940868304592984e-01
3.081986023954822601e-02 1.306078635195225823e-01
3.026426228940189839e-02 1.773179873832072539e-01
3.135924542433961987e-02 1.551743967282903924e-01
3.414585606388522571e-02 1.572624730161746032e-01
3.078207032749475866e-02 1.326750362807819217e-01
3.010328990196814783e-02 2.347692814254838667e-01
3.741957677098325247e-02 1.012156731712516300e-01
3.147920349758194514e-02 1.708838720717778259e-01
3.215812361257028296e-02 2.587551352630075852e-01
3.085895979623868787e-02 2.118858025238277154e-01
3.704669633650570920e-02 9.737114393861613648e-02
3.009822575979570827e-02 3.350082079356924147e-01
3.029047858195549683e-02 1.722631236894462126e-01
3.616037951462326011e-02 1.149915404777384631e-01
3.043983714671287533e-02 1.629439339894408478e-01
3.397787086590023375e-02 1.253715450271770115e-01
3.238412453791564977e-02 1.173690314081252961e-01
3.676260437804642484e-02 1.242873180970024832e-01
3.757324375963075336e-02 9.527188038284946370e-02
3.126874990572979518e-02 1.271213826065574481e-01
3.074973544207310408e-02 1.909082582352486512e-01
3.019928233657449834e-02 2.234348089327873321e-01
3.690297662769886911e-02 9.613017105086262004e-02
3.186015039298334406e-02 1.224430169685866432e-01
3.061778414521693081e-02 1.496546554002809448e-01
3.027452358667914040e-02 1.558766089086553175e-01
3.116468765237518854e-02 1.329698045711747156e-01
3.012324736608252423e-02 3.355646594972317986e-01
3.010157449445528821e-02 2.949658108166369197e-01
3.032108377677146874e-02 1.971927478379037757e-01
3.591078570340384968e-02 1.913621131496538730e-01
3.492836429926426262e-02 1.628647931673828653e-01
3.427226521568142031e-02 2.476551416930682092e-01
3.307257986733036503e-02 2.317401842871290862e-01
3.061172996949428418e-02 1.366620712548682615e-01
3.662187676573427919e-02 1.034635867921113728e-01
3.063236237609858956e-02 1.784937196357191946e-01
3.840737601885983038e-02 9.429730822186817296e-02
3.792529132348163717e-02 9.439509579508857662e-02
3.649948570537942666e-02 1.246769930330509091e-01
3.622547753524638092e-02 1.135350274404567372e-01
3.041463991957426768e-02 1.524169992715584676e-01
3.476464132081890507e-02 1.742768441883152941e-01
3.037271515618479925e-02 1.541136254566707608e-01
3.164976497782819032e-02 1.278758299685385236e-01
3.051483281145087739e-02 1.444848920536655479e-01
4.241109791574063786e-02 9.692086163211761918e-02
3.693182418075417750e-02 9.716605680315798521e-02
3.050468521106144970e-02 1.455903864346066723e-01
3.016479906832746083e-02 1.755726141438479770e-01
4.096746756745246049e-02 9.162508199419776289e-02
0.000000000000000000e+00 1.478936186249248941e-01
3.105783599288988381e-02 1.591365228423735623e-01
3.052133875036370028e-02 1.607640232919480550e-01
3.023634614697491910e-02 1.816149601600849095e-01
3.012079212608069143e-02 1.771693503590018037e-01
3.136809360164018873e-02 1.254592508900470582e-01
3.101390744164085264e-02 1.314914370102696350e-01
3.051483281145087739e-02 1.444848920536655479e-01
3.169878860935063103e-02 1.256223885455373668e-01
3.734999793597704870e-02 9.746803243542007111e-02
3.012145089900556197e-02 2.972958436556359385e-01
4.035804664441479395e-02 9.237899907537953925e-02
3.137438541103781953e-02 2.499999206074917657e-01
3.223395044607803989e-02 1.239297862659968080e-01
3.081166367291878969e-02 1.315841230417131580e-01
3.260109604530015553e-02 2.185731929661123563e-01
3.713125877019362447e-02 9.488974597053656534e-02
3.077037318988998238e-02 1.915518260329127365e-01
3.121566207189485284e-02 1.316925450769349804e-01
3.642888098953780268e-02 1.038465206146701875e-01
3.138831344260239326e-02 1.302145824441972854e-01
3.107442433987291433e-02 1.326018550351673042e-01
3.061829074357609592e-02 1.506555451652937805e-01
4.013603197247318788e-02 9.073854654204439873e-02
3.081451245738817818e-02 1.822746781065737731e-01
3.673401794060397740e-02 1.068950843812817714e-01
3.081981270759956773e-02 1.335519065084589119e-01
4.052172374727019272e-02 9.239156521541665168e-02
3.225340002918068022e-02 1.236122813381019536e-01
3.668647858644330517e-02 1.066200967422145512e-01
3.060580364965804351e-02 1.365267572423979059e-01
3.023616531909828833e-02 1.822415471962579303e-01
3.044969091351539328e-02 1.520835186492338620e-01
3.958110210857703759e-01 2.207975898989148478e-01
3.892092220856797208e-02 9.907521306600527988e-02
3.737796519156243169e-02 9.567926736960842560e-02
3.690621125618448461e-02 9.609985373988554069e-02
3.147776900724622712e-02 1.262562429514796081e-01
3.768055232711817887e-02 9.465482714741568770e-02
4.035240054144649535e-02 9.283757380485734012e-02
3.302234249141962341e-02 1.670878102681651878e-01
3.046017245020459993e-02 1.510010662792691249e-01
3.668910858587814267e-02 9.821383127535435187e-02
4.185301490455767270e-02 9.017858759478453168e-02
3.080082720422336329e-02 1.305975721925103361e-01
3.152164461597575101e-02 1.303080143076254527e-01
3.025897332342779994e-02 1.766920059375158281e-01
3.034457787161357750e-02 1.797848515506202949e-01
3.029884215262793751e-02 1.656986973180495926e-01
3.090003584177546461e-02 1.551793076725374587e-01
3.033668304802304705e-02 1.618688332874281544e-01
3.105461981311788411e-02 1.608092634402240040e-01
3.128674439155899878e-02 1.507287752905024369e-01
4.061752502792757846e-02 9.877617363269533546e-02
0.000000000000000000e+00 9.639849840969635930e-02
3.168586619415035555e-02 1.231401816704833507e-01
3.081858839505401126e-02 1.657559501584943140e-01
3.842083164331937944e-02 9.190753035177881558e-02
3.041463879311781526e-02 1.538436121597087369e-01
3.089204065862275611e-02 1.292285216615200738e-01
3.658690762868727075e-02 1.069968257389642408e-01
3.737416476138746141e-02 9.416782185335509370e-02
3.095409901760808741e-02 1.336916349639730717e-01
3.012716374502175803e-02 1.677229989687793466e-01
3.044520129537893818e-02 1.766156465550628996e-01
3.086598422286929502e-02 1.308172051726234630e-01
3.148487743873167044e-02 1.334595782132180775e-01
3.106736442800414610e-02 1.349040764174424256e-01
3.312969882560710955e-02 1.785410939619940240e-01
3.070736034750737309e-02 1.650754043469017940e-01
3.035552852957125458e-02 1.634295963138626129e-01
3.010416366722913975e-02 1.899062861044472361e-01
3.144097360520993478e-02 1.241586475465225048e-01
3.881259724377190967e-02 9.328340438677473756e-02
3.038571530927470024e-02 1.597777095924768909e-01
3.135877909273471903e-02 1.307535183502068765e-01
3.026426228940189839e-02 1.773179873832072539e-01
4.095176928149103085e-02 8.694945737056938850e-02
3.215134039139016381e-02 1.227795732797464789e-01
3.616037951462326011e-02 1.149915404777384631e-01
4.058463015169390398e-02 9.747173945802191375e-02
3.713699156345884322e-02 9.748973747446464111e-02
3.321132088045607861e-02 1.177789699051686456e-01
3.151409742359943811e-02 1.286834652734540896e-01
4.061579752994044085e-02 9.303471830972538659e-02
3.704118553573091527e-02 9.736390147591365840e-02
3.013968809636040358e-02 2.274217591887773560e-01
3.669100909404352656e-02 1.066151607354209885e-01
3.009641143171053537e-02 2.579967946617200414e-01
3.748824675079733687e-02 1.041382850310744318e-01
3.734640359823668265e-02 9.750652186620123452e-02
4.158441352654743822e-02 1.128007584146651504e-01
9.712226118291367172e-02 2.236994917214659706e-01
3.098510310074163374e-02 1.303370272247278416e-01
3.040029581849935936e-02 1.420198296815499417e-01
3.052084642750209006e-02 1.386800943810878872e-01
3.153143940762570541e-02 1.277366034404211759e-01
3.658690762868727075e-02 1.044560799964997372e-01
3.051483281145087739e-02 1.444848920536655479e-01
3.672984502582673366e-02 1.123574033826659768e-01
3.045434317984448136e-02 2.454816103239618741e-01
3.139343353997739450e-02 1.355093713320695836e-01
3.019454065130973766e-02 1.494738173126440306e-01
4.229792777177113910e-02 9.262251393988993331e-02
3.169965400896810476e-02 1.277682588263635566e-01
3.697221200193626794e-02 9.721917220145957772e-02
3.040029581849935936e-02 1.419329313299005357e-01
3.030168747115681224e-02 1.640901411417736988e-01
0.000000000000000000e+00 9.107278936932949875e-02
3.026984469322008958e-02 2.788405803072155353e-01
3.761331218351669087e-02 9.563094311808593984e-02
3.013727933528035849e-02 2.227654003878856426e-01
3.013649162554313254e-02 1.803805206110700998e-01
3.894301973602154465e-02 1.059848297775926457e-01
3.081832285222460208e-02 1.301764567004225770e-01
3.085925796901019258e-02 1.289557313686648110e-01
3.016479906832746083e-02 1.755726141438479770e-01
3.637661806067702536e-02 1.164001189929594476e-01
0.000000000000000000e+00 9.033125883342854601e-02
3.925153062309467283e-02 9.354701160613659860e-02
3.144298139940026465e-02 1.238460816925223973e-01
3.049057552033639443e-02 1.443495006813436954e-01
3.010879689712085347e-02 1.519236314117110298e-01
3.289158415728799661e-02 1.137393976966441927e-01
3.444388223937625698e-02 1.242064761962053954e-01
3.265395497960996846e-02 1.135849839514419257e-01
3.095731342556781035e-02 1.474737770051591790e-01
3.672226491687696076e-02 9.840009309643657498e-02
3.668590818377070323e-02 1.066208339303434810e-01
3.061182657558965750e-02 1.653837126854622308e-01
3.012674725002778553e-02 1.650100514285341158e-01
3.020293849031148448e-02 1.815930678997176861e-01
3.847398471879451970e-02 9.180914243686738585e-02
3.144097360520993478e-02 1.241586475465225048e-01
3.015020845266456681e-02 1.842699276473235559e-01
3.704116698154821113e-02 9.681149453901297108e-02
3.079044562317402242e-02 1.311690823971243258e-01
3.168582624865450698e-02 1.231401040462450081e-01
3.673188258127645101e-02 9.806582113408821022e-02
3.622547753524638786e-02 1.095798609319169059e-01
3.412476118601267400e-02 1.078632538187592471e-01
4.019414078807490021e-02 9.049944232807961841e-02
3.106094181214796163e-02 1.569249861556565040e-01
3.773474816582952224e-02 9.818220484823354799e-02
3.591545709549320148e-02 1.180097757692949723e-01
3.080086226078184233e-02 1.325323222977223825e-01
3.014831861427312576e-02 2.232461879185823339e-01
3.016816429782282274e-02 1.583271522766019068e-01
3.807003566808625505e-02 1.020138513502043126e-01
4.056414544868151839e-02 8.838265336840636643e-02
3.622547753524638092e-02 1.135128442494771212e-01
3.013447295494251985e-02 1.897625991005873480e-01
3.013424866216136630e-02 2.177021744209669540e-01
3.875353698315724127e-02 9.250694809888324044e-02
3.101433755717267204e-02 1.303985014636858120e-01
3.278577765098153463e-02 2.587871792319130226e-01
3.590641272876263224e-02 1.609869780541441919e-01
3.801001638455770576e-02 9.374591729768259885e-02
3.133550549544975028e-02 1.295501862120601588e-01
3.606042523504943142e-02 1.000529560386023836e-01
3.174089777795845169e-02 1.235871491460597688e-01
3.215134039139016381e-02 1.227795732797464789e-01
3.081282736023572069e-02 1.303826227327574139e-01
3.690609533133140663e-02 9.609970281031925132e-02
3.080095429576219096e-02 1.305978416391557484e-01
3.185571999777163377e-02 1.561910726253885051e-01
3.109910570311107819e-02 1.532049049685673126e-01
3.010857052053190694e-02 2.179469495276694091e-01
3.099336786249182185e-02 1.568985910700903263e-01
3.055869321725004917e-02 1.446416485240023531e-01
3.842621416579405924e-02 9.189377551458424720e-02
3.084228451143071134e-02 1.725157256192787480e-01
3.673185582502686009e-02 9.828532814057969191e-02
3.668801000681757435e-02 9.821561612165653765e-02
3.079043872383046415e-02 1.303322348047661894e-01
3.193050946712622240e-02 1.656639908019326146e-01
4.434658795825292127e-02 1.048957919116305093e-01
3.008932101457964872e-02 1.898594632649023561e-01
3.008924592869182887e-02 2.644715392004899357e-01
3.707705359677990892e-02 1.023993264519476448e-01
3.805834591124719612e-02 9.696023939273107350e-02
3.018210361084701712e-02 1.791156287986160334e-01
3.357510716533188000e-02 1.310954685846362211e-01
3.028701067515567752e-02 1.533382492987404033e-01
3.041463879311780832e-02 1.528870436448521164e-01
3.075409484269700164e-02 1.527290072169003587e-01
3.040048274777781487e-02 1.420238341231530588e-01
3.041463879311781526e-02 1.538436121597087369e-01
3.008765289258398881e-02 2.504777215808315360e-01
3.810240496615993622e-02 9.386099696419118732e-02
3.150832787553585479e-02 1.338883051361504928e-01
3.664585537526224984e-02 1.003714183261062848e-01
3.789749795462774712e-02 9.509451944388219724e-02
3.188154416418902126e-02 1.212412529980094050e-01
3.010846857413541217e-02 2.580484688496628154e-01
