# $NEW GRAPH$

# $NEW TRACE 2D$
# $LEGEND$: $$
# $LABEL X$: $Objective (or constraint)$
# $LABEL Y$: $Objective (or constraint)$
# $BEGIN DATA$
0.0	0.0
0.0	-17.90200952216855
0.31003721682743396	-0.013575461132324692
0.05940695755549009	-9.725125821364774
0.03646683771308172	-3.486668355824813
0.0	-21.893946748346252
0.1441341892149804	-5.316190943903758
0.3066408666702785	-0.2343676743498914
0.04159527370480324	-19.69280731749299
0.04443887794321356	-10.55298318656668
0.08429010667839347	-4.857264371017731
0.045996384324342124	-18.570105222054462
0.0	-10.407826532431612
0.1186143042453597	-6.77675979955301
0.20667933038386085	-0.05706596318440685
0.06743261603691396	-0.8284646406985532
0.46695513016432055	-0.006104197234309715
0.07901706026081	-11.61262863968299
0.2023204305715058	-0.181441560938641
0.06372827876890118	0.003207668296043395
0.0	-13.706077676532114
0.18541456128165293	-4.63866347438194
0.08324395305679833	-1.6508459345362732
0.0	-5.898670294446085
0.06501363225917549	-0.2591055747455744
0.23600528014969024	-0.14044325537012767
0.3878402824889608	-0.010363942579858324
0.0	-1.927824852436958
0.09213231317205332	-15.236516858917033
0.10644680457183091	-6.307296334200012
0.08218947306176919	-0.9881971421622201
0.35475909242154013	-0.07470361273312896
0.17954888799921997	-3.202976772000297
0.0884860345436039	-3.0232939923802657
0.10161033848101013	-13.295865965650808
0.04634726080092677	-0.19683734693026286
0.18747691216033638	-0.26068504495824074
0.08538372736327673	-1.206340325833873
0.1841034524477186	-0.8460819589490325
0.0387398045791065	-6.605500586699434
0.0	-8.39107991175026
0.16708774931678325	-2.2522108137984245
0.09406149144440872	0.0356062433282887
0.05713126465608303	-15.296618853099005
0.3067288633610332	-0.5371102607410412
0.11442930672857178	-0.3696495550590125
0.10426540034394692	-9.40956991292382
0.07711265416961241	-0.44617796495603984
0.0	-3.3868368260805193
0.06535072767719703	-3.282783262498593
0.04000989486402664	-2.100858243899714
0.0	-6.25419399311136e-05
0.45591782638048395	-0.13042841709594624
0.0	-2.1345441479159626
0.0	-3.292349163661796
0.10154582196508091	-2.999176789303103
0.09267476981714089	-12.02531563040468
0.2681054207524742	-0.4658700501070565
0.0	-0.6879069981678212
0.28616436222723296	-2.4612795663071068
0.057206384505080074	-13.064287923714222
0.32072266671518546	-0.15599310460622576
0.150239207877721	-10.346238313826461
0.23425871493598086	-0.5207729323382976
0.3185699187840082	-0.03512934298536822
0.10204046934448045	-3.582504022979489
0.16048124698771565	-6.9090038940749645
0.191626947835253	-4.971200022793445
0.2995333490169739	-0.5887570585699774
0.2627278826036937	-2.119291105664547
0.0638596664831727	-9.037628713307642
0.1747664024859481	-1.3176839133533282
0.0	-7.737416691427759
0.11386517769333643	-7.989690213310287
0.09405063451452901	-3.809840643733548
0.31520728496699546	-0.8632457942024571
0.12807441825212018	-9.270692874558444
0.0	-8.178735436061556
0.04390474175662454	-10.649457055276521
0.08994299639759125	-15.02013323586309
0.040482883741214296	-5.275550621475333
0.09434402575968248	1.4136820184288483
0.05998762570427918	-0.0032408508851010293
0.1840542415970058	-13.892564510939847
0.03344357093662461	-12.915341033180411
0.041190492958752475	1.014825346230458
0.09066313607181602	-0.1584078971973974
0.03725914001447404	-10.7177227344234
0.0	-0.715989545715253
0.04241167707129237	-4.607060751205065
0.03795567233231307	-3.136041906397
0.0	-1.2330264802746074
0.2388792565248712	-5.025018807380761
0.08059302280328266	-0.8146016789033889
0.09224522930800397	-1.802662823962913
0.0	-0.5988096155086141
0.05642191896590043	-0.17235794846916186
0.11340181699524095	-0.6432865563002841
0.32354264146929895	-0.008385999066708977
0.10890264608138578	-0.09990308766885704
0.2631702461902843	-5.879708796895786
0.06514474386147287	-0.12912959104203406
0.10194289605577816	-5.109599574752578
0.0	-19.592282620986747
0.03725914001447404	-10.7177227344234
0.08059302280328268	-0.8929142638846292
0.06348650093027723	-17.983915034062125
0.1833570609197386	-1.9891180032738596
0.04268343859010983	-4.514919450237701
0.08807497818028306	-3.0377408208735766
0.052868966656560316	-9.676494450275447
0.037350117148600204	-17.23820074651697
0.10179349398840737	-10.313170697228596
0.08420001272777754	-4.8624715715435105
0.16712747751566923	-2.251675389217574
0.0	-3.451806161626936
0.3048605469186098	-0.24640471787535717
0.09896022870731137	-12.011440565834608
0.21836642893164682	-3.414037313495357
0.12963551385447467	-2.0714905364468215
0.0884860345436039	-3.0232939923802657
0.31524917569201394	-0.8631310842125642
0.039473082694250594	-8.932976118354087
0.04134664991387269	-18.857889542697627
0.43348270897246644	-0.26770389545683054
0.07104116947448438	-0.28476804820602347
0.04433535564492365	-2.024835539918551
0.09836923278668704	-7.024967004720978
0.04000989486402664	-2.986123391746407
0.08538372736327673	-1.1833420179856613
0.10711829820491438	-4.096490394083246
0.06743261603691399	-0.9200701753084065
0.0	-16.995103173051486
0.08882719253572118	-6.72984812101387
0.08848603454360389	-3.4541570112453623
0.08890707031233608	-11.249215482983297
0.07711265416961241	-0.6749941174811676
0.10544339072490669	-3.880396772002936
0.1827499550989976	-1.5456982864133637
0.04136144595674418	0.9792913068819012
0.387804614354828	-0.010454987790528919
0.10514132392982087	-6.272609109884759
0.3076495761851514	-8.017770661466328
0.060740851958316654	-8.39421083177584
0.04577694919903845	-18.591995358502295
0.05707779510692626	-12.864456887315077
0.0	-21.609282635110173
0.050196107105553264	-12.826765842316286
0.06982291335846565	-14.899934447009347
0.38324182124395656	-0.10608578889103884
0.0	-21.476857629731256
0.15042073977766038	-4.032066339401708
0.14413418921498047	-5.806931401778562
0.0	-12.809543993719082
0.05148342647857878	-3.419161105564821
0.08951440520007574	-1.3175673541317103
0.08981110070236338	-14.508535614207537
0.045996384324342124	-18.584710045811853
0.08058407249084314	-23.77014233386645
0.05454425232015505	0.006177623529264082
0.0	-1.6858631303197467
0.0	-2.4606929934570254
0.10049639389028164	-13.24120607914426
0.34272054859334095	-2.4605374091866596
0.0446479464634979	-17.182301628733057
0.3151439536814817	-0.9119879477865763
0.10101732898153201	-2.944203528535543
0.306746950831553	-0.5370785897656662
0.06743261603691396	-10.277495782742255
0.182487065749915	-0.329036106862012
0.09224209273939889	-1.915306857880739
0.09468468035507906	-11.647047974066412
0.06497062353231739	-0.25928221145839664
0.09329722669203744	-12.713931210790193
0.0373505830468667	-14.550712962497073
0.052564655140901986	-10.249649207104614
0.06501363225917549	-0.2591055747455744
0.06459019273523295	-0.25404546807492095
0.06534908948745301	-2.910188001289869
0.03874020685132167	-6.414483560837937
0.0	-0.1294537346860106
0.21532827827245174	-0.06696413069891141
0.12451327418080298	-1.753330165439952
0.06123447203115897	-0.0032453116480442527
0.036278666706146996	-3.5762173166147004
0.28616436222723296	-2.4511074294057664
0.32239463060665957	-7.105071310422395
0.0	-6.731865643093781
0.26755383003420913	-4.3852293545453715
0.06372827876890119	0.012746772726820333
0.10050985561579558	-12.974810252262376
0.1044286981612361	-9.39485588834273
0.11722486422803739	-13.24882108044149
0.10366622215604977	-4.520756260296414
0.0	-0.014320666923312728
0.11284342187012292	0.0650441153089273
0.043692642246526726	-4.48557051241775
0.08429010667839347	-4.922149037040969
0.07404105556744758	-9.29648536539568
0.22684390658296047	-0.18662994200753466
0.0	-28.254813478866893
0.041059980401144024	-14.842990117131302
0.03634735481017453	-18.52594373772545
0.05422347343555424	-2.3881763883095375
0.09402902810637322	-26.109825045787257
0.0	-0.16638378866863437
0.03810365487882471	-5.9345533916086834
0.09759302337964718	-6.31272625419088
0.10194289605577816	-4.861485883783717
0.0	-2.6965076680535374
0.09044987798534865	-14.405991400607244
0.10242024610559297	-3.719238285456652
0.1012226378301881	-7.667895295160319
0.05773748905949272	-12.87292105789157
0.03925592734191257	-8.512198883632257
0.04076055278696934	-6.09919429546369
0.11173199928548634	-3.708709913016598
0.08812431134075867	-28.28572301991504
0.0	-0.0005977968369737546
0.09591892831480876	-7.9158910406936345
0.10060480014661191	-7.744019607940603
0.11897822231670002	-3.615334871163547
0.45703810760256747	-0.1980684606611796
0.14474946666602626	-9.021888210732254
0.03357435578035284	-9.867380193445085
0.0887809599122483	-6.30180025201477
0.04433535564492366	-2.0245809286965915
0.043221594658999773	-10.484253693110706
0.05788283300334919	-9.847817958212968
0.04918295357613959	-29.302514241046165
0.09185372674967805	-6.498054604426763
0.03635177824756433	-4.477893392604585
0.10035307568536159	-12.51989905323858
0.044114632401344424	-14.801813264544833
0.0	-19.180371797858804
0.04586258289838262	-18.55727927329394
0.04577694919903845	-17.008810465839872
0.15080242540701022	-9.990116267942328
0.09493640337488284	-11.748238656853298
0.05704227673585055	-12.881238933476943
0.03687261660046903	-3.236655287869072
0.058860589708062516	-17.85256090110212
0.05375346561615961	-11.08856328203671
0.09252991184748047	-15.290815061767702
0.05113331221628537	-1.749699811005267
0.038739804579106495	-7.181661846365203
0.0	-14.06502565715598
0.12014208659257306	-15.64205486633564
0.0	-16.357885831172503
0.0	-21.549204273834235
0.0	-19.637931306770742
0.09597129652369146	-21.22265810271019
0.0	-8.594367908363846
0.06124799129488513	-9.53760445883872
0.1307178572649441	-5.841736371480556
0.036278666706146996	-3.5762173166147004
0.03787877680243993	-3.3683864475390632
0.06242721893928719	-28.462942661750162
0.10599168597162371	-4.539805185300289
0.12946680273149444	-20.685401054891926
0.06074112811917025	-8.394172667314605
0.04136144595674418	0.9792913068819012
0.0769345381307654	-0.7273497661215219
0.04599638432434213	-27.90897314307984
0.09213231317205335	-9.488247641417258
0.04159527370480323	-24.984692030455243
0.0	-13.230859132566279
0.0	-21.609282635110173
0.08049375765307042	-23.53583664805504
0.052356291212920986	-0.17456593275582485
0.0	-10.407826532431612
0.13988448363575018	-6.857648541518362
0.04498411442896393	-0.16121012952033026
0.05094813363323672	-10.365787537730514
0.038504677470759655	-3.4454682969626016
0.032764292294574934	-12.514158776352447
0.05731096912587848	-10.17420483415209
0.16557236074994355	-14.928757577826273
0.04602145595852469	-18.574585079184637
0.04474651701158773	-6.168061708428105
0.04673219521318851	-15.237767739001185
0.05892002072384197	-2.3753824797478797
0.1016103384810101	-7.608205842675683
0.04118005338234672	-19.117954439061787
0.03883367316088103	-15.044676156901645
0.2575730515359754	-5.79060750891914
0.0887026459529785	-3.6546379412053835
0.0646465565013401	-14.123054799495888
0.037293823738121325	-1.204851118765915
0.07023937154806727	-9.779265684503152
0.040799349775518884	-17.63238669441191
0.06743261603691399	-12.200194950565894
0.08961733439824285	-0.36866318778247087
0.04624167821790448	-15.032575708536662
0.17081573231637304	-14.465881440815007
0.0	-12.547334227422615
0.04465264995443583	-17.23239327294468
0.04546434927603102	-1.8081267709081552
0.0	-10.31712242785999
0.04991410978081677	-10.840234814166966
0.0417417207685871	-18.858577604694243
0.03644631949508122	-17.690995330328104
0.033530704893376125	-1.9241789847234059
0.03859711030890613	-8.572379217687848
0.04585551955801694	-18.27682293124548
0.4064933485702374	-3.050288558716305
0.06458714666237114	-19.114368210441594
0.040839121426062865	-25.168537218921557
0.062417527791650725	-6.627620755190911
0.0	-19.577872165336974
0.0	-28.254813478866893
0.05671163073477528	-15.256649728451448
0.042853839535285945	1.370911334063576
0.050995037016059834	-20.4422200675618
0.20331426151580206	-11.537773859111379
0.45216009958952363	-1.0195035160148558
0.07943272330098983	-35.06416422177324
0.048307481977443036	-18.450522909732804
0.04530454287956375	-14.385083554875616
0.16301479004356992	-10.04781851409101
0.0688293836009935	-18.370419273541287
0.04202042531976458	1.4390633788256697
0.0	-15.882823472388187
0.04116637346198067	0.9644937441101851
0.041602775219774325	-23.239361333975456
0.07142023344126291	-18.563127849631158
0.06450355848483512	-13.086945630938503
0.036487203837225014	-3.082563744240174
0.035883635044162566	-18.116530219973534
0.05713126465608303	-15.296618853099005
0.0917489335961689	-21.895855570551028
0.10526344908110724	-14.378484120700172
0.0	-19.63025388719893
0.06151129608056129	-7.230615913696488
0.0912486695934339	-21.190100866004283
0.0	-27.00605975835083
0.04536105065341388	-14.650115139928134
0.2309318015871218	-10.807223446707495
0.06548939616328323	-12.64804165001788
0.0	-21.609282635110173
0.04490937447226608	-17.082276914209828
0.08061978272231299	-15.854175185339647
0.08046971884244387	-11.498121284685023
0.08122943052703248	-19.800864337255145
0.03690951037028065	-7.1754996321762485
0.04468554641848742	-10.84317964595168
0.052636155554009335	-10.885418449702955
0.04161270824449153	-19.22770120265408
0.03912818196343559	-3.3813432495964695
0.04133874833613023	-34.76980880965693
0.0596439068073601	-4.616601826071523
0.038075125012511805	-25.78164157685772
0.061257011741176995	-13.928204737160355
0.05282329367725152	-44.262551613686796
0.045173573260879354	-7.494797811635364
0.0	-21.893946737727116
0.03682723480781038	-3.240980027535364
0.0584412498098595	-17.865219913210456
0.03535343873481785	-16.33645919903869
0.03938800326681536	-11.435757455938498
0.04090443208006443	-7.682618812493591
0.16996485667036157	-3.894955506880419
0.034788453229226315	-8.492489176533601
0.07833753529986628	-22.0776919315499
0.130548590619489	-4.36749364700146
0.03852848116121814	-6.769087401262782
0.04107436880587491	-12.839186304223391
0.041937603339037774	-21.357457215250847
0.08913453300217875	-11.456111158987529
0.10704259203118996	-16.384619800856203
0.041130293603581704	-17.54884634628688
0.05348673491700643	-20.64355933619653
0.04673219521318853	-13.597998121257215
0.037083695727148994	-3.697829770838817
0.043221594658999773	-10.567103975614954
0.04279108718106049	-19.470030423061367
0.043926920637306466	-13.76159744863887
0.27375824493424156	-11.610990347573106
0.0	-7.550175769113368
0.03725914001447404	-10.7177227344234
0.046846700682516215	-15.801052505297056
0.08051330308499532	-19.00163237177699
0.057767351864661115	-19.96689800289867
0.05031797422286412	-28.190526911559264
0.03811580326801742	-1.8703004621104193
0.04475712236414693	-19.636507476972646
0.0	-12.273885875144662
0.0900042689526945	-15.009903491314196
0.0	-21.893946763987774
0.04673219521318854	-21.701178133903646
0.0	-15.2670006871558
0.039155127121884827	-20.36278534629778
0.06583503278583022	-25.382081195725657
0.03297778297547453	-13.101202260225996
0.039255927341912564	-7.179279078922672
0.03780629107134261	-2.691585715835695
0.06240773478703892	-13.716007046346759
0.039224729250057336	-8.258580796450968
0.04465264995443583	-17.23239327294468
0.0386604692969811	-10.587213287830354
0.038075125012511805	-25.91538467438694
0.04277205280646224	-20.273585603072195
0.059103862950625335	-20.177744606871233
0.038270178458521875	-25.865335335647696
0.03943040431766293	-7.742270124999959
0.0470686397290398	-5.039876670819537
0.050469593517484194	-17.301060358103804
0.06438857344138166	-5.971567292508792
0.05629857715328765	-9.984617516169598
0.0	-3.3011009795556174
0.07686355822621713	-28.04313185676534
0.04133874833613023	-34.76980880965693
0.039255927341912564	-7.179279078922672
0.04233114463545896	-14.293952150283616
0.04947700507287596	-16.84180249999815
0.0	-13.70010463842796
0.0	-21.893946763987774
0.054490146191456784	-30.777462181158214
0.05651384910671687	-7.3367372341829045
0.03921976615787688	-13.754005331793854
0.0385078897770694	-2.1054946719670236
0.04392692063730647	-27.071088457788722
0.03852848116121814	-3.545207127160722
0.039194181796123946	-36.105107991152785
0.05263177234504638	-18.92567610591802
0.04694210771447239	-17.32604733892823
0.04161307096027052	-19.618486783647434
0.03735317530495844	-18.640477245375838
0.03713000550722196	-3.6931223274467184
0.03958879680748193	-20.13967674825129
0.03634735481017453	-18.52594373772545
0.04076748354023096	-36.785603478108136
0.05757263190940283	-13.820653491310706
0.050933031729454986	-19.62118988274687
0.050317974222864124	-24.896537958888057
0.04657471833369409	-10.949001479695456
0.041486461388991924	-8.012821648640248
0.04089333936008191	-35.15794257552605
0.046615330028094475	-14.48423360953226
0.03787877680243994	-3.487928499260505
0.03852848116121814	-6.769087401262782
0.0373505830468667	-14.546577878000095
0.03844503450608747	-6.74622155275525
0.050995037016059834	-20.4422200675618
0.042956698652659046	-10.490616487997821
0.0455292729788196	-27.277955109769646
0.10786487331258018	-16.910995512180595
0.04119933297081252	-15.95803561554234
0.0372944991995608	-17.54444982413771
0.04110536589113438	-14.875563796867803
0.038740206851321665	-5.5683911368165955
0.035732866738800134	-3.151044631502451
0.03503071665653558	-9.210434890123674
0.0738310658747586	-21.818030416185145
0.03899994416616939	-13.357487203129798
0.040337044675776854	-27.709633362122645
0.12413635487567613	-12.88991822262259
0.03675112683697185	-19.75803574801096
0.03609089600707418	-3.0861642845403594
0.055159239104881366	-21.096310714634555
0.038876840916103966	-39.128758211663886
0.04014860019094452	-20.362612360230763
0.04584589835737205	-13.441642786387074
0.046017837780937515	-27.895961556358607
0.0	-20.788019582889696
0.06728294564685802	-17.92331595775104
0.0	-20.59052365770041
0.05436122475472874	-19.662883578425557
0.04023074403383847	-17.750810428477095
0.045848386539981925	-14.7085536917386
0.03724932258230232	-17.59829670280099
0.03705247345195966	-17.269000616363183
0.04152523915150648	-3.2022635987188988
0.04309203349703064	-19.090852217261766
0.031222101613986444	-10.555736341562678
0.03810365487882471	-5.54506972495648
0.039311617369692534	-21.13924658621591
0.03416109960933235	-29.80170279029527
0.04411827187204993	-17.467932134913493
0.09120096066177666	-18.131865153999136
0.08236644727277034	-19.46996000847692
0.035883635044162566	-18.116530219973534
0.03634735481017452	-18.2286331583873
0.031906238087543254	-12.058689699392795
0.05389239196765602	-42.935649603640414
0.03635177824756433	-16.777817609078685
0.05265512267414455	-5.955819059981691
0.04690395497398805	-9.757574650636363
0.04133959387763555	-17.730580785629016
0.04336899687049023	-25.05455354971397
0.03799781621411376	-31.759105374973803
0.0	-28.42150814262923
0.05384583282283438	-21.94820327450347
0.06545854147533074	-23.946970138443184
0.035353438734817846	-16.891046156436996
0.03861562149705927	-8.493202778522772
0.046216519544573814	-19.877218154049434
0.035937484536775414	-19.59930971522316
0.05277452995854267	-45.38133816698234
0.038221199117156865	-18.603223234890745
0.039784550907130414	-33.60530092755286
0.03725914001447404	-10.7177227344234
0.038876840916103966	-39.128758211663886
0.04844750843801617	-31.98813651526509
0.03941091965291497	-19.42248925146777
0.03569771821564813	-3.1542470199998327
0.052849163230670564	-44.83195539339434
0.043368996870490256	-26.44847981192593
0.03342684765679675	-28.631708077658484
0.03345334204864905	-13.335282100212233
0.043603507074304125	-18.56444490467213
0.03991937535906011	-35.58348997986705
0.04658899423206646	-27.81513238655047
0.05524511526243847	-18.878948503961997
0.03955769930538421	-1.7098257420145568
0.036278666706146996	-3.7225161141639784
0.035353438734817846	-13.238751618236265
0.03836728401399959	-15.018366620144192
0.035713711820025654	-18.163286032288777
0.03735290975401075	-19.052566279281667
0.03598394293211694	-4.654364511422732
0.0468961894740592	-27.097535833879352
0.041656498500703965	-40.0181697784249
0.03771329552121218	-11.983505536335363
0.039194181796123946	-34.97023709059949
0.03917288969528484	-30.30306181903355
0.03766536918391555	-11.794965201651292
0.051053410953935355	-32.21053107932988
0.04392166562864824	-11.432979944292933
0.04023074403383848	-17.972993864571155
0.03973959435765806	-21.682683974888388
0.035818458857867136	-21.33910063686065
0.05347863717438017	-3.008377139546851
0.04727378572414891	-43.96183378460721
0.041154719691827574	-25.863627112030983
0.038544072107879836	-22.36732091526935
0.038961139924784734	-14.304502320335054
0.03609089600707418	-2.6761277034057285
0.03602225264398643	-4.2186302738607715
0.08812431134075867	-28.18747304937619
0.03250431009023928	-1.9162163630611244
0.04610345187894488	-26.944022191259485
0.04094361038133808	-23.758648821612756
0.03607518436708718	-17.898778865566698
0.03269971882824998	-11.538563720875452
0.04316524720544068	-32.09008672102912
0.0	-2.4168123049317587
0.05083929272527996	-28.150831723900573
0.08289167379611725	-18.38233582015328
0.04606914969393418	-32.851661240684955
0.03633655609877859	-27.147822315431043
0.03399813978220752	-22.846479623159823
0.03535651034380586	-10.715979448833064
0.04158665717796878	-42.35234894318767
0.06242721893928719	-28.462942661750162
0.045561046753034386	-21.855951415743103
0.046918582540427564	-27.767768515045752
0.046017133997948524	-27.27083291738851
0.04161270824449153	-19.22770120265408
0.0412652774031346	-19.716208202760075
0.08022274697353247	-19.81469594117012
0.03503507490881157	-9.38898226683393
0.0355334469367388	-18.320340862861357
0.04089333936008191	-35.15794257552605
0.04118005338234672	-19.117954439061787
0.03337517153948768	-2.1688139756161298
0.03717692998230026	-3.7528568630309587
0.04294146997955925	-43.88471448480371
0.03787447860804162	-14.274456503929056
0.04133874833613023	-34.76980880965693
0.04133959387763555	-17.730580785629016
0.03613049157034414	-19.365149057002988
0.03573272727957572	-2.688084750136918
0.04014860019094452	-20.362612360230763
0.07789948248433583	-28.171755319027863
0.0506119158475533	-7.399668964472072
0.041354628137641014	-38.95365393112593
0.03619157775854762	-17.274355244176853
0.04246215361103032	-10.153859374341044
0.039311617369692534	-21.13924658621591
0.03760154730979963	-18.602128501587394
0.039515915212835935	-25.678145638756217
0.043381560365309546	-19.666011942448012
0.045289769279659	-14.559632798916589
0.034531623484711005	-5.763468454383729
0.036439415055797515	-3.259066358269893
0.0410836608434222	-34.236526929122604
0.08010554230813309	-30.072138253692053
0.042902675198372486	-18.320707391036677
0.034788453229226315	-8.493882497330304
0.03573363508197397	-3.1533998700874264
0.03782925106465953	-28.298589970735993
0.04551726007387916	-18.775296244136992
0.042944294434208954	-35.54512040307986
0.03640035969563933	-3.5639558200689683
0.04055169629167571	-11.270889056256411
0.03785803188526058	-23.237680693022458
0.03932696708987127	-20.168867929606108
0.06307100040951848	-28.248305634764947
0.03777061899204441	-28.34089371941601
0.03744932985602405	-3.170265433723291
0.040199989509615515	-27.037254655765416
0.04144971429330492	-42.098569428587425
0.0385516129050954	-22.411508229766994
0.03353070489337613	-1.931751660868339
0.037122671993011	-19.62359062342926
0.04609973851993896	-31.714716932365864
0.04133874833613023	-34.76980880965693
0.04064967573547649	-35.23747494095435
0.0366867275229926	-27.132062223267
0.03799126534477546	-39.3051722106681
0.05045556725594624	-24.287248983872914
0.03605828977898717	-25.41509695789401
0.04727378572414891	-43.96183378460721
0.04116774874066266	-36.02635043246149
0.032549142018865274	-10.71409013992716
0.03269971882824996	-9.340728118330684
0.043270887144712285	-26.284390404889916
0.03417985849271513	-22.892530548919396
0.05105341095393534	-38.28697050040513
0.03353070489337612	-1.6201126375324761
0.04250825071608864	-27.257598493866052
0.038734464344711686	-29.138354574105097
0.040462825976424505	-35.17054449793604
0.03705497491640018	-18.736595013190378
0.047373586818284324	-44.00141257683649
0.03993435646555924	-42.058506068023625
0.03413147652202372	-29.827600624170685
0.04083912142606286	-25.866368184343354
0.04274478848606898	-46.19747511146727
0.03524103280363702	-26.001815000999162
0.04763853273791324	-45.65778210297169
0.041354628137641014	-38.95365393112593
0.0327828066460876	-11.520781788908922
0.034007598304433284	-22.870873596026552
0.03571146256485012	-26.090795405063112
0.03513334185069571	-2.555852896744097
0.03577831541939828	-38.54638999110464
0.08150660138701234	-15.822836516482218
0.05277452995854267	-45.38133816698234
0.04061773618215648	-18.504077874005016
0.041571829462186516	-22.171609320138973
0.03393694248595855	-4.000419213978621
0.03734243061727403	-16.25098623938339
0.03797335359071286	-22.140288290672874
0.04559036936389635	-17.83639398668579
0.049220850119604795	-27.342730702589474
0.035273873893478976	-2.6886088567984814
0.03618373639183857	-18.677012103777265
0.03364983475539768	-12.458237273667786
0.04808713872791231	-31.934294707986425
0.04520256248084028	-43.44644261102464
0.03634735481017452	-13.916015777710538
0.03574102592739304	-6.171304218289273
0.041472157244671536	-20.709816118379976
0.05039089481806458	-44.195993188206494
0.037386272479915474	-17.175112537524598
0.03622387204248544	-31.615459604429766
0.036346922129963835	-18.22880897930118
0.04316524720544066	-33.72751432358412
0.051053410953935334	-30.721809510550347
0.035973476536484694	-19.71076342725311
0.03570270331306389	-18.166921299311326
0.039517301278550916	-19.306312570543163
0.033416665743029	-22.081799054171785
0.035944112632611554	-18.207202895473962
0.04141895143030507	-39.9344862557844
0.03503507490881157	-9.38898226683393
0.05363491871894256	-43.163542696302045
0.054795421081672804	-16.11663101162967
0.04068376312829648	-35.459753056381686
0.03432131489367175	-19.274775241041127
0.039644888827976586	-18.989686630640875
0.03782211078644733	-31.210255178288346
0.040349237771462446	-36.92049158712175
0.03888315869365461	-29.261007926052095
0.035965777564319075	-5.709702824295604
0.04062863804846197	-36.73131330545144
0.06789645968719943	-19.357259658253856
0.04346959619875746	-30.511995181283158
0.034788453229226315	-10.340388427197013
0.03535130929729946	-8.76095576136831
0.053684011235799176	-49.54503651463794
0.04286312025319414	-37.301020769953965
0.04159782735733114	-41.99477445072258
0.03535482766325413	-18.10490233325382
0.03672750749396758	-21.978704380907942
0.038851753680798295	-27.566315954260318
0.04733095715742876	-45.097308120301925
0.05213820309942363	-27.63359200434963
0.03655007055946995	-18.68201646641162
0.035361346511772515	-1.5921416477688095
0.042809657781204796	-43.85685323813956
0.03787815036362332	-28.44297842811878
0.044904890429918416	-25.67560240872573
0.04617338386215994	-22.74192800162721
0.04405604978964371	-43.091652064523785
0.034658554306059935	-18.46236041374493
0.03774288993781868	-28.27271825077212
0.05277452995854265	-41.95602412733664
0.03558738758287857	-17.616580960216446
0.03426820630086673	-20.316142702089426
0.04146637254238087	-26.778359784856907
0.03677354915036223	-27.203975588895446
0.03605828977898717	-31.480866987899443
0.03337517153948769	-1.7511372505743448
0.042980616165685444	-37.382981621123335
0.03905887474520533	-33.50504519300749
0.03262538349330145	-12.730614479310207
0.03411307912760252	-7.737173968495529
0.03250431009023928	-1.9162163630611244
0.040199989509615515	-25.382327638982243
0.04152080485167197	-36.98697839069432
0.039149331894485453	-36.24414074905745
0.04857314617520573	-30.609025960142827
0.04803041542181365	-43.83436732210102
0.037233623210489224	-42.2559744341456
0.033857965577179024	-28.266555421233523
0.03777289449217564	-27.12871526214006
0.04235131945123724	-42.910256859037126
0.08385435050572895	-46.960959306315566
0.035541999022590164	-18.775316358390214
0.03357201590095719	-29.008671349084587
0.05027977669124866	-43.67035113928025
0.04805060105723263	-28.58056874898776
0.06191038278973274	-1.8811236142898307
0.03335324050294692	-18.344048519998303
0.03271248210603384	-24.030483965462853
0.04154591961189203	-54.89546870282461
0.0509784973463762	-28.730173055350527
0.036448720003090115	-12.172120613750865
0.034021322536287014	-20.760368622228278
0.03260614263540053	-28.87220577379628
0.034895468811683344	-13.460351755761188
0.05195160034044242	-43.885187431931456
0.03616189043891756	-25.518662143024873
0.03663321321281985	-22.59067194226809
0.0342055375336075	-15.887666281777264
0.038203139695615104	-29.64383672523464
0.05703004685286524	-36.836901187405594
0.035818458857867136	-21.963172504203122
0.032652425208792704	-9.106466692482638
0.03605828977898719	-24.99671114022101
0.04000652406893478	-24.14427160251164
0.03797214439577022	-31.78064783805503
0.03784081519179179	-28.289941204406606
0.03153804105986361	-13.063341399097142
0.03577831541939827	-29.793600511373093
0.03967888292791367	-33.69524393636658
0.03635941648571752	-35.61556822750218
0.035973476536484694	-17.83289226497684
0.05105341095393534	-38.28697050040513
0.033142957857434305	-27.357610221469162
0.04202357091012609	-42.41680685460306
0.05014780934938505	-44.89999201375568
0.04423075977813814	-43.016430792299374
0.03978455090713041	-31.56113296133497
0.03364983475539769	-12.083985334460538
0.03213224268288314	-1.910553347842363
0.03778376605778886	-19.250422237134273
0.03680089048581984	-19.44137527050756
0.036141496651603607	-10.997622152371981
0.03701017368187792	-22.734632525513746
0.03269971882824996	-9.340728118330684
0.03417711072740133	-11.897040513503466
0.03278293221666741	-11.520771059915614
0.035441803412658214	-20.52138089987986
0.04068376312829648	-35.459753056381686
0.03867684951401165	-21.23016487291218
0.040158811217703476	-36.76049605829607
0.03702511638282465	-23.094697185080992
0.04942974670547955	-23.743979591796982
0.039213697405140094	-39.28937440944763
0.048652336346067464	-0.6870161895766251
0.033043939926873024	-22.209571255674362
0.04338374693299914	-42.54682541137441
0.03753327193177385	-24.974085178681804
0.03896568237001326	-33.592232055055476
0.03888458547126535	-29.264322924781734
0.03732239781258811	-13.494050946937183
0.03915408357770311	-28.268343853771693
0.038565633004795215	-28.71355016874006
0.06007059634787663	-5.859706476377658
0.07639024004830304	-24.840469763680506
0.04055753159733558	-45.98582312176479
0.04263971552103674	-42.36061142110655
0.03787801524662166	-28.440693844597938
0.03782895812594587	-27.29370624025926
0.035425725800150895	-39.37476098873267
0.0323122982450721	-9.381787320571457
0.039400543836710884	-41.97976290629918
0.03548252005652601	-21.19924189927617
0.04159804379941484	-41.534409833069
0.047638532737913235	-45.918083705778244
0.034771283907053245	-10.341787655258662
0.040492134630190406	-26.833003214369374
0.0495432655528992	-38.349460453959374
0.03994135307940673	-38.06838191584119
0.03323334693000646	-22.13229336546826
0.034035810701444694	-22.851798405481983
0.047896720617731	-23.537820570974883
0.03832009024397021	-42.51995088754702
0.033416665743029	-22.081799054171785
0.03361991517483288	-21.948281831886003
0.04488354287861794	-40.01139084241231
0.033678125779965894	-9.987522027707884
0.04137020737230514	-42.084591364349556
0.03263620511542377	-11.544161656469484
0.0355076880610039	-29.101213413060915
0.047632258742984844	-45.60254081643112
0.039519328735374004	-37.12430039318965
0.03099918363427256	-1.9061181106281435
0.037665340724082286	-46.53139385171736
0.051439347361533744	-37.841391195989615
0.033043939926873024	-20.409820572134254
0.03260544939628688	-12.008151603261606
0.038812714344806674	-44.678316392853276
0.06979023225240935	-17.660245262222062
0.03292912837137733	-11.55358640656602
0.042823899395242115	-1.7762964713617817
0.03945199419252249	-36.110497739847574
0.046637929654026855	-20.26866686682284
0.034924722392162835	-32.63842800455825
0.04306076216604072	-41.22539753446019
0.039178219530224205	-39.30655255826316
0.04094252451216881	-41.8759174979481
0.04169413351384934	-55.67495563501219
0.03572782332704709	-23.79860756415755
0.04154591961189203	-54.89546870282461
0.031812547003463865	-8.159734738059328
0.03289903786912601	-28.097763552516568
0.032614176366252294	-22.13232719030191
0.0506951556781884	-35.707707960778826
0.03998877614583039	-38.02323423618074
0.04213142223819628	-36.27151267797363
0.035938378409956104	-27.190639240578985
0.04024301899183319	-38.78099598378655
0.038861996680174746	-33.631011339749016
0.03740893985279827	-13.377578841518549
0.04163712863051707	-32.677230118098954
0.0447360741383859	-42.92419346988252
0.03269971882824998	-11.538563720875452
0.039144467769198034	-40.24517948037918
0.0724987086187857	-8.008205254392909
0.03365198975050636	-29.337660253572654
0.033857965577179024	-28.266555421233523
0.0315380410598636	-23.632105286130983
0.04139233951121116	-21.749766012010845
0.03441474538840082	-13.277060393797852
0.03924235511944826	-11.240431051744675
0.03859530362434007	-38.351935526207086
0.04175320973761535	-41.43235811584962
0.034012773816574346	-24.899233099385192
0.047725606221780084	-43.107074791191415
0.03268700513081806	-23.774815767568082
0.033371446241207595	-1.9297442413651558
0.049114510454906925	-44.739164556596485
0.043610981296036674	-42.52728841247265
0.04127301266065317	-38.81619590045908
0.03344357093662461	-12.944847577732506
0.03919290096464002	-42.65186951920255
0.03393324984969279	-23.79307487531105
0.053684011235799155	-40.62658383787598
0.03734406197298006	-21.628414306743085
0.042324272929314226	-37.21973928620837
0.04541129509615786	-47.248405723886734
0.04091178498069169	-42.72292731116241
0.04006291336014114	-35.39434190364226
0.03972631427243489	-38.78801542007411
0.03481603498574792	-22.46994751244824
0.03841144781889697	-40.954446144935964
0.05167083483601125	-44.80466130631364
0.04282026107238749	-42.61554892371527
0.03357201590095719	-29.062897406303573
0.032702698635322755	-22.439208577022576
0.04784110655516609	-49.12307642267305
0.03544192243828033	-26.223912151137213
0.037260812993660984	-28.895495220900948
0.038007630357621246	-32.052937990163855
0.04159782735733114	-41.63090818663701
0.034065372973544644	-18.230805805937578
0.03748606498003432	-28.191569427928172
0.042141426138422214	-36.25508801732011
0.034638687971578	-22.60606641637778
0.0373210462994219	-43.882367008047076
0.04933641286576187	-31.590876853662653
0.03896764124900588	-36.30778056310729
0.044041726071130674	-42.64940057731599
0.03993435646555924	-41.33439775579043
0.04154591961189203	-55.45753336005625
0.04919203847261669	-36.13291601570375
0.04743281015601073	-25.512398945952924
0.04129450998013193	-49.88450846795048
0.04733128407506608	-38.545539812619474
0.034352172273647445	-30.91335692810922
0.033416665743029	-25.047794131737422
0.032821272514767685	-14.780431601630541
0.048658684923113295	-30.923978381442
0.04372123681273624	-28.86961164172481
0.03801229070114549	-48.24957895974632
0.043260450008734117	-40.82959312601885
0.03310399738532258	-28.306959537741665
0.042562561896912675	-36.89782522816195
0.03304393992687302	-21.628998084560823
0.0455438399653376	-24.990280457659896
0.033030361844051656	-31.842372921994684
0.033932122390302875	-29.999812339332905
0.04594154551444876	-40.676584452339014
0.03302842058476917	-13.346847595819641
0.03279406060041901	-21.28844041618288
0.044927403865170225	-49.605207567209675
0.03220737586906782	-15.328552272166563
0.03635941648571752	-29.733708875892308
0.03622387204248544	-31.916701608900347
0.03756280500936562	-31.330592776287975
0.03635982210009363	-22.835361583027577
0.03623107816768621	-30.626652573909343
0.047267160932544156	-43.937199710682115
0.0308211486256197	-1.917138643798112
0.04954960999151922	-42.00353950113366
0.03298700872715822	-28.532803430495015
0.03388418976212885	-28.244620796520753
0.03357201590095719	-29.062897406303573
0.03733270613079862	-27.816066872843496
0.04824197145359231	-51.185005912581595
0.038114713515341674	-35.77960906476533
0.04398728671257158	-40.205301440133944
0.04045483601894092	-37.41609838192842
0.044438956255655034	-32.057770929177266
0.03869639035990664	-45.54183788330812
0.03915715785574736	-44.67281068347065
0.03323580226197702	-29.385734018478292
0.037233623210489224	-53.818647111760114
0.048944691923266025	-39.732692409892906
0.039154475078302074	-32.44936016435791
0.0626258865637085	-20.070055911198796
0.04428438131820514	-57.60646504814022
0.040896630426087675	-21.06012535902879
0.03416109960933235	-30.485106160148334
0.047638532737913235	-38.795959452098224
0.03601468289046432	-33.898998264843605
0.03841144781889697	-38.07985144852268
0.04922461143048402	-19.704929402632025
0.038302100650199684	-41.21844215812097
0.041174010278842536	-41.92836520136948
0.0390590769089428	-40.16977057803244
0.03524103280363702	-27.51148187419217
0.03413147652202372	-31.53881261034015
0.03867446589782575	-24.092637337587735
0.045721255485498526	-38.549179526887166
0.03360084186279983	-29.037945049674175
0.033791661442598445	-28.231909336787705
0.03536858457500738	-27.617432099223162
0.03489194882989591	-9.807655250598621
0.047103798825343234	-48.44530873998836
0.0377481572683305	-28.059190171547986
0.04158665717796878	-42.35234894318767
0.04158665717796878	-42.05853802764641
0.03948758739740121	-39.48692922053977
0.0346956565437224	-26.493049977633955
0.03379486784934795	-17.233419157372325
0.031875968774168574	-15.17586326776691
0.04224464236478464	-46.04734742488788
0.037705584426550934	-23.34993727255111
0.03585158315254536	-44.17912699094313
0.0404771851494872	-43.13801503069247
0.03794854699938544	-54.96556257789288
0.04177190018505473	-40.25876500921033
0.032702698635322755	-22.281698880791858
0.03681481230894841	-19.930265309963957
0.038172632019040344	-32.10122554076943
0.04337426620944909	-11.508566252595532
0.04272839521849863	-31.675768193180822
0.0386106888692602	-50.63624534528693
0.038007630357621246	-32.052937990163855
0.03262538349330145	-12.730614479310207
0.03681472407964935	-38.54669654356396
0.041548165022154554	-44.89592264243908
0.03297739315679852	-28.892717109909466
0.038876840916103966	-39.128758211663886
0.04970494048080319	-46.68510883271683
0.03347065640503631	-16.355518714035192
0.04806241489982477	-45.3010315380363
0.03305968492521258	-10.69531146999724
0.04147866896153126	-45.920349988159785
0.03908635096394717	-12.305488055958199
0.04737358681828433	-50.825596053895175
0.041981253897097365	-37.74587388377191
0.03190623808754323	-12.900283243354638
0.03356646354729604	-26.465203133960067
0.03484553199426716	-18.366065756149748
0.03164127024630528	-15.073293828107303
0.03259745233180115	-28.87990467305694
0.03369968345138923	-29.258381217877787
0.04630951019336449	-46.07929584995231
0.04049065063371941	-38.31496647254747
0.038378541462346906	-28.658990712052827
0.034941001884685775	-27.38759554725524
0.0386189171965989	-40.86295237136555
0.07067056305223267	-44.73506361202273
0.034955434703679324	-25.445924167916488
0.031233488484895735	-10.551878357415074
0.048284517614889146	-2.135449144968176
0.03554520527991577	-31.318438526439124
0.0544253260469649	-54.902760703895176
0.038567557033999535	-42.67275861381256
0.03260614263540053	-28.87220577379628
0.03099918363427256	-1.9061181106281435
0.03744227801620835	-49.653450385696765
0.032394677349676014	-18.45961377318248
0.0402451748942347	-54.89666633647491
0.03730385044355628	-41.44324743038848
0.03635941269731562	-42.387814741239886
0.03223743146887964	-13.501304444911352
0.033602148446186655	-29.03681500715872
0.03298582546724844	-27.629674903474225
0.032702262511526664	-22.60713815297519
0.04055646044509858	-54.52749618066789
0.03436118279585481	-33.68423371415712
0.03415189451997942	-29.008698462043643
0.04154591961189203	-54.89546870282461
0.03622387204248544	-31.615459604429766
0.037297978829695926	-43.76225681032963
0.03867223763912078	-45.57030232434472
0.03798417580959471	-42.34692773094848
0.03590160333355097	-28.823630640172023
0.05042959990317958	-44.56767138040991
0.040743815224879305	-11.374654041872336
0.037434799045293086	-39.1234421780317
0.0349537150390184	-30.97110718326937
0.03340401557929619	-28.651292852526073
0.03297062859674335	-28.24319895742964
0.03805032071128088	-35.77393983269214
0.04154022650321223	-49.393920801827875
0.041168042652810835	-50.03822460727018
0.031906238087543254	-12.058689699392795
0.037004235975788086	-53.92964364039773
0.03187596877416859	-12.61324010919166
0.04148913030416004	-45.97134722317845
0.03895262610437502	-37.90805582660024
0.03577831541939827	-38.6706158992869
0.03594982745240303	-11.24193268639151
0.03622387204248544	-31.916701608900347
0.03252127133336252	-29.707656004067065
0.03551227341815116	-29.10450770750623
0.04168067506946957	-55.669560121655685
0.03385796557717902	-24.04908493982637
0.04541129509615786	-47.248405723886734
0.039020015688405886	-33.221066354036104
0.033932122390302875	-26.55403372337707
0.034161099609332356	-21.436957712218167
0.03323580226197702	-29.083009013364705
0.03818337958336429	-43.847258267936915
0.03771395494434084	-24.968803073082064
0.03168129527598764	-20.820470093285383
0.03298269321893315	-26.642125344559663
0.038038951332494964	-38.49887732907336
0.036270206461500275	-34.19660872894001
0.04784110655516609	-49.12307642267305
0.03841144781889697	-38.07985144852268
0.03940322982560641	-37.418661388528896
0.035922602519632335	-44.56336908234428
0.04154591961189203	-54.89546870282461
0.04431680345620699	-57.76444254211308
0.03956041728240584	-47.42838865734343
0.031812547003463865	-8.159734738059328
0.03416109960933235	-29.80170279029527
0.03357201590095719	-29.008671349084587
0.03858130151613697	-37.867099302679144
0.03390838176320203	-29.973529012957417
0.03915220671373785	-43.507699959618364
0.03355255615498195	-31.61371519093032
0.03701536353144246	-7.815242574697723
0.030960638996559563	-8.767311913785644
0.04580877808347862	-43.50955898874723
0.03535881342112778	-38.18905898927519
0.0312609826459892	-2.944228041030561
0.03217385651703962	-6.725439170408224
0.038638878294631855	-49.87770261904054
0.0390590769089428	-38.94858264410866
0.040781080269777524	-42.62339003140291
0.03442302804775439	-30.134918997443453
0.04306387710690134	-12.631896591708994
0.03379388301591754	-26.55620352079241
0.04154591961189203	-55.53546305276549
0.03268867415338896	-23.973357809947803
0.03896307232679582	-12.865621589885752
0.03575320725991851	-20.90316974674857
0.046987962647832233	-51.255129402253864
0.035629512531487564	-29.395968465930615
0.04389817702608833	-48.621353438927024
0.054825820404503574	-39.79202054143948
0.03228392885469189	-9.237972528747562
0.03420240369831089	-30.6991289998464
0.04209225035936295	-49.370488118390135
0.03595471085638554	-31.019854261564124
0.036680627921996466	-50.55406279243427
0.03473785458342059	-29.724903213031176
0.03585158315254536	-44.018136533029505
0.03320664070012661	-32.30985071551344
0.03569885431616634	-41.59757792933264
0.033068300706717464	-27.05175375772141
0.04154591961189203	-55.45753336005625
0.031315426138071985	-2.9409385580573946
0.03634797963234773	-41.431391528837224
0.05291736579378962	-21.370653731177516
0.03259861295710733	-28.878876221408074
0.04330217756991229	-7.596033745032145
0.04051435365236012	-17.025126469668546
0.03718561066820571	-41.810910027346466
0.03227858266230826	-15.33553918606257
0.03193878309612048	-12.170003557813935
0.03227431665921787	-24.690094989716176
0.03435067509075937	-30.944075138451534
0.03510060741574554	-31.018648126756545
0.031239324842165312	-15.178073613289968
0.0397857293946258	-40.36141125770893
0.035909249366536986	-38.73893157536557
0.040189652772737346	-52.43764999712109
0.030960638996559563	-7.8039627240199785
0.03556529466732128	-37.69415170156889
0.031812547003463865	-8.159734738059328
0.03745591226597688	-29.45345681037894
0.03809519757950375	-36.48406701797286
0.053256483461071216	-51.70045295439091
0.039289106094252006	-40.189267158917325
0.037410144722202505	-54.81804697332846
0.04149472975568688	-55.5841359676702
0.05414304008567445	-53.803086890286274
0.03967417216866197	-6.229685606197665
0.03333641629701562	-31.244813782598506
0.0380171624046399	-49.19961459361735
0.037238186598609016	-46.93723028663825
0.03738585484405715	-39.69946363085372
0.03303505420004274	-32.59866331062759
0.031233488484895735	-10.551878357415074
0.03166816513194157	-12.684083572790097
0.04309770856721652	-53.616659902058664
0.03298700872715822	-28.532803430495015
0.034560664902606335	-12.910908441201851
0.05521904052863141	-55.125164615784925
0.03338802672314704	-29.22110251814315
0.03796779891726027	-41.23863114956618
0.03413609756536758	-27.40654712994432
0.04627802739708845	-51.56625459624133
0.03885265696733073	-34.33419294938144
0.03167908968289284	-21.395533957630423
0.031970856749587065	-20.179181793187507
0.038372620045808076	-53.593738765086854
0.044342499066468394	-48.359286051444506
0.038220353684063346	-48.29490362750398
0.03964726269777102	-30.59517411913775
0.035851583152545344	-39.750812723451425
0.035425725800150895	-38.83656153287463
0.036331174198345896	-42.49873801299406
0.03296530762948198	-23.25811395610496
0.03264778300621802	-25.88891406963644
0.04199835142498432	-53.17325816389796
0.03305105207778797	-28.006498853237343
0.0313735212541277	-15.176522178588456
0.032876000748022355	-28.126115440851812
0.03772977157382152	-48.0288542237952
0.03171816830346738	-15.268355533538578
0.032711500889397026	-25.57147797283943
0.038120379418190756	-17.562920897209526
0.04400106573916709	-42.49232686107986
0.03912452489727693	-50.995684509793605
0.03181466414592031	-14.248540233973715
0.031862235473812894	-15.987761890366945
0.038515248428593885	-44.67752628876091
0.045753237590650635	-26.902499647728153
0.04885945151647718	-11.543373504906656
0.03139390577714312	-18.33856413979316
0.035536386462782094	-23.449144760708375
0.04168067506946957	-55.669560121655685
0.03297062859674335	-28.24319895742964
0.0348865293439493	-31.104875435340677
0.03698737339486842	-53.94935505985344
0.033572015900957194	-25.407998430870148
0.032402874373995874	-10.410605520641392
0.04221146631195389	-57.174751751398006
0.053886148791509624	-52.12428216272344
0.040945487687761406	-58.22790215415841
0.04172496984963373	-54.96539782978905
0.03200514702785912	-10.48618012669933
0.048262387120428775	-51.404180722095575
0.03382940138026198	-30.881551385168798
0.03388775904582668	-29.99204537690045
0.032278472586830455	-19.402503196017552
0.041909635218023475	-57.08138080331353
0.0339053732435514	-24.9806672700063
0.03185201636605874	-16.75992680117585
0.03220097657690068	-19.254192109317955
0.0417604188892441	-55.13821314335419
0.04149304313793304	-55.16189505184615
0.034273737218914094	-30.5738420327711
0.04461980575186329	-61.06538939930714
0.04382794761986895	-48.99806254117969
0.05601763326013532	-47.4771032419196
0.03593651140044135	-37.93071148007618
0.03912452489727693	-50.995684509793605
0.0402451748942347	-54.89666633647491
0.03648270322316136	-42.516113066084365
0.03167385206710614	-15.286013580331058
0.043546091694094305	-57.474974139929294
0.03105048343254159	-12.878416692491054
0.0391703755299609	-33.65418688495695
0.031685325910341115	-20.817820824683768
0.04095832065375919	-52.65926798571242
0.03920057756868718	-35.58313602777827
0.03598721366340593	-21.307855679126018
0.030857897553535126	-19.79424578765581
0.04171355941023966	-57.11093172110194
0.03536419012980278	-38.11346170315902
0.041135284616759936	-52.7675637781866
0.03736569486844959	-48.342491728349955
0.03149661670574511	-11.516691370538469
0.03250304070010196	-28.538970996235655
0.04194524061289857	-55.514179378379175
0.040256499289377586	-54.95346058033383
0.03652437439101817	-39.97667224269102
0.03985275175642741	-51.82539979051851
0.035922602519632335	-44.56336908234428
0.0308211486256197	-1.917138643798112
0.03558569422718987	-33.83372873148029
0.03844298623501421	-53.94380324335867
0.03491715288030451	-31.114909664024466
0.03597284259856164	-46.18666397983426
0.04154591961189203	-55.608478220206884
0.03167908968289283	-19.576402807311517
0.04269824862005192	-7.770403669248161
0.03460474555471364	-12.803393067099664
0.03633117419834589	-49.84137926045025
0.031668165131941546	-10.495962867143762
0.03697005141530841	-54.70255535769579
0.040533096909926424	-22.744554454963637
0.04483363775813718	-3.213771803532189
0.04060167372971959	-34.59660808643343
0.04046511644984787	-55.7373314647476
0.03609980835274864	-38.778530939978424
0.03961530850661567	-30.290295561801205
0.03470568414172274	-21.495513404911836
0.051560892037674104	-13.80790837168522
0.038610688869260196	-50.60020963700076
0.039567152430393715	-39.18711202944455
0.042708489634422	-20.426180274209123
0.03691987973851698	-47.08212267295426
0.03755314648199	-53.817667147577794
0.03216124229881749	-27.008517642719134
0.0369760308560012	-40.108605830461755
0.05091210833457919	-49.479661135799894
0.040162852520089935	-44.94050657744112
0.033191925096596527	-18.06580926221571
0.033027860472166146	-31.655281251086226
0.040945487687761406	-58.22790215415841
0.0409454876877614	-58.301095086055504
0.03688746487506086	-34.220486880843616
0.04098011518497773	-58.30918010557292
0.04127950698252191	-26.68555403904393
0.03773744545577109	-55.10913502889745
0.04322550432798647	-38.827106086219274
0.038672834386595786	-37.902453485319164
0.03553104214915424	-32.264568889971365
0.03646977173337255	-36.6375355291602
0.0371933120899969	-49.10566411045127
0.03157415767349483	-8.695533969520646
0.03768627267696464	-40.93545447157382
0.03472270292100368	-23.82029048734456
0.03404116738927438	-31.62256719808746
0.04123586532440582	-39.89436752520104
0.03168087667333346	-14.32015026173129
0.04255856999042618	-53.61201692534327
0.03573835161447642	-36.394719572275584
0.03198280971718434	-3.524056180561503
0.04149472975568688	-55.5841359676702
0.031812547003463865	-8.159734738059328
0.03849675053885726	-47.29853864519306
0.03161196201559669	-19.87614685193153
0.04298313088831331	-53.317916753748065
0.05298527758685895	-44.03873345325302
0.04154591961189202	-56.29224042285676
0.04443111166761136	-56.898621415354114
0.037041791260226734	-54.62292357539462
0.04140375728259815	-51.25608058221772
0.04149304313793304	-55.16189505184615
0.03642799354593865	-41.34032276564976
0.03212296522394126	-18.624309213646303
0.0332036565882032	-29.657161309104094
0.03661805371524212	-27.30010568678014
0.03830984333377793	-55.53599735998131
0.03669147708986221	-55.59605328762954
0.036283873903729766	-53.81554625481922
0.04486991547211356	-56.443739461811035
0.03796210555706503	-50.525097795324434
0.03684633828372946	-26.24816404956
0.033796766831011564	-10.431335705310467
0.035941538940859406	-20.20081376611216
0.03149460818296508	-18.661107340806666
0.040945487687761406	-58.22790215415841
0.031122731266060476	-22.740173224712866
0.03766122228533974	-34.85314521516493
0.0377848578737822	-50.47876944008064
0.03668577633179347	-50.54695983756316
0.040940132227082156	-58.23554307958593
0.038485336507835095	-55.453512425846945
0.038326914654219474	-39.99929638692075
0.031105499072664147	-1.9437645756986932
0.03099918363427256	-1.9061181106281435
0.03476991704837015	-42.91678102644737
0.03297443393718982	-27.675874992325575
0.03698737339486842	-54.636263259921414
0.038006894050284484	-53.38184045835251
0.031757377342832745	-19.715723766540563
0.030960638996559563	-8.751492263037456
0.032877677975415125	-23.44151160203847
0.035922602519632335	-38.16201032122575
0.03260614263540053	-28.69443494077499
0.03096063899655956	-9.039093885323583
0.03612560803195483	-49.671323688264344
0.03683505503524058	-41.016240011038214
0.04519190715455322	-57.63342338055635
0.03633035506444844	-53.20315878967656
0.035726260077869026	-34.14851736530828
0.034132284697653316	-18.10799953022914
0.0357944238724809	-34.28497738003406
0.036088990670829026	-41.85729765969331
0.03848702435993129	-56.26669343711889
0.03577831541939827	-38.6706158992869
0.035789899870560096	-44.72919702685922
0.03644843280210725	-49.680870446311054
0.0322288222089115	-24.72495962175882
0.031233488484895735	-10.551878357415074
0.03316393750878588	-33.048717005840636
0.03697431563147796	-46.02484927400827
0.03260826306680594	-24.466586110634907
0.03289050692179968	-24.33434204643938
0.03439966583122563	-39.20073075364818
0.04113496003462404	-53.25451446584516
0.03794854699938544	-54.96556257789288
0.03577831541939828	-38.54638999110464
0.04166389951067386	-19.531765716903944
0.04417021222355279	-48.50213082466976
0.040322766649768964	-29.560281696150582
0.043753265659884036	-37.46955825816944
0.04098671467831113	-58.29976127800947
0.033027319250017326	-31.845307391058743
0.033153649504909184	-33.63306382447088
0.04314841882390094	-50.97501393476385
0.03104172293651487	-12.531251360722965
0.03123743128837475	-15.178460762579162
0.03547624155437134	-37.582200158599534
0.03492873589313102	-32.567703630812254
0.03994403975132472	-51.28516339755245
0.0313810713506218	-23.73784492832419
0.038230565618766324	-56.445890435289456
0.041960305555001964	-56.17261190457159
0.03724366607740039	-54.19426086998806
0.032602080166212716	-28.875804289815065
0.038206440989006385	-56.41378646348258
0.032141037749610024	-23.42631374237393
0.0330688487910356	-31.305242618436925
0.031931851362054765	-15.43146801841178
0.03845173613742178	-52.04260521545716
0.03830735048139967	-16.68701823383674
0.0363311741983459	-51.46177105812698
0.04325191890752939	-51.037851509051336
0.04436086445488129	-12.847563331644103
0.03510334096290305	-33.100070948871036
0.03544604478122379	-43.864636014713184
0.04141957067086498	-41.751530719710054
0.03587209271421064	-44.16400884334085
0.04148640475662574	-56.39214816576901
0.03258348475095881	-28.881275998962714
0.04029564811387739	-54.04787343248214
0.04154591961189203	-55.608478220206884
0.04147568169864435	-55.70312062223529
0.04013905883715299	-53.62758715305845
0.03935966042945806	-55.460329765070036
0.03577831541939827	-38.6706158992869
0.038066362655464696	-35.19696215663699
0.041267252456142996	-54.27732741376225
0.03791535273378604	-54.8267517098785
0.03573835161447642	-39.13229969733939
0.0315380410598636	-23.572470924005458
0.03382497580860666	-28.341826224284322
0.032559828112115045	-30.465280510617024
0.03139408453765893	-20.33969773640061
0.032274167211445104	-20.000077936863125
0.036331174198345896	-50.504029939383685
0.03633117419834589	-48.39011603562398
0.03579233057204602	-38.86595854433317
0.03413147652202373	-31.024060407958462
0.031415977492230025	-11.356583585187433
0.032580860393799475	-27.60525459402091
0.037143384113965706	-17.711267830389104
0.03630614170410056	-29.91548984793193
0.04794137973191595	-51.687003173162054
0.034715201847938935	-30.51689061475462
# $END DATA$




