# x	y
0.000000000000000000e+00 0.000000000000000000e+00
1.000000000000000000e+00 0.000000000000000000e+00
2.000000000000000000e+00 0.000000000000000000e+00
3.000000000000000000e+00 0.000000000000000000e+00
4.000000000000000000e+00 0.000000000000000000e+00
5.000000000000000000e+00 1.062759474951880055e-07
6.000000000000000000e+00 1.601396711071844766e-07
7.000000000000000000e+00 3.793025605012072300e-06
8.000000000000000000e+00 7.801395812784017950e-06
9.000000000000000000e+00 8.741256864931837750e-06
1.000000000000000000e+01 1.009950799589674777e-05
1.100000000000000000e+01 1.098192473984979078e-05
1.200000000000000000e+01 1.196278585366403008e-05
1.300000000000000000e+01 1.278752179084996328e-05
1.400000000000000000e+01 1.308862277888871689e-05
1.500000000000000000e+01 1.425204493329051401e-05
1.600000000000000000e+01 1.456204685580406456e-05
1.700000000000000000e+01 1.498911263117955824e-05
1.800000000000000000e+01 1.515064656620202581e-05
1.900000000000000000e+01 1.535543468997720785e-05
2.000000000000000000e+01 1.564383583380795753e-05
2.100000000000000000e+01 1.584754184494445450e-05
2.200000000000000000e+01 1.612898213299206876e-05
2.300000000000000000e+01 1.648299121477238657e-05
2.400000000000000000e+01 1.684942201777373465e-05
2.500000000000000000e+01 1.705951512762801333e-05
2.600000000000000000e+01 1.730308094312099399e-05
2.700000000000000000e+01 1.740334391020967975e-05
2.800000000000000000e+01 1.750558663001678961e-05
2.900000000000000000e+01 1.771965833658254564e-05
3.000000000000000000e+01 1.781796111587175021e-05
3.100000000000000000e+01 1.784051615357178298e-05
3.200000000000000000e+01 1.791949980652651447e-05
3.300000000000000000e+01 1.812176795351170698e-05
3.400000000000000000e+01 1.822791881015735569e-05
3.500000000000000000e+01 1.825317412176209633e-05
3.600000000000000000e+01 1.826918601941408956e-05
3.700000000000000000e+01 1.834160671924467498e-05
3.800000000000000000e+01 1.837834113088533894e-05
3.900000000000000000e+01 1.840369595356219494e-05
4.000000000000000000e+01 1.843444436278094642e-05
4.100000000000000000e+01 1.849514263956354324e-05
4.200000000000000000e+01 1.855026406453240019e-05
4.300000000000000000e+01 1.857270842450881452e-05
4.400000000000000000e+01 1.861693105189475699e-05
4.500000000000000000e+01 1.863371020152081520e-05
4.600000000000000000e+01 1.867536877772565872e-05
4.700000000000000000e+01 1.868512856371702991e-05
4.800000000000000000e+01 1.869754185990595133e-05
4.900000000000000000e+01 1.870796791309202445e-05
5.000000000000000000e+01 1.870869108003413199e-05
5.100000000000000000e+01 1.872140534941599889e-05
5.200000000000000000e+01 1.873805848756704629e-05
5.300000000000000000e+01 1.874559915175328729e-05
5.400000000000000000e+01 1.875363430538851933e-05
5.500000000000000000e+01 1.875719616273010260e-05
5.600000000000000000e+01 1.877220987586641386e-05
5.700000000000000000e+01 1.877623310581654487e-05
5.800000000000000000e+01 1.878534011934300928e-05
5.900000000000000000e+01 1.879200165448454191e-05
6.000000000000000000e+01 1.880072025601861783e-05
6.100000000000000000e+01 1.881272276053149017e-05
6.200000000000000000e+01 1.881732534900012427e-05
6.300000000000000000e+01 1.883082728783559861e-05
6.400000000000000000e+01 1.883562141464822213e-05
6.500000000000000000e+01 1.887081131412785622e-05
6.600000000000000000e+01 1.887497207688859394e-05
6.700000000000000000e+01 1.888919959307812019e-05
6.800000000000000000e+01 1.890413792799944639e-05
6.900000000000000000e+01 1.890887354040603167e-05
7.000000000000000000e+01 1.891910739632463129e-05
7.100000000000000000e+01 1.892572655247155307e-05
7.200000000000000000e+01 1.898407959016303260e-05
7.300000000000000000e+01 1.898957728022357351e-05
7.400000000000000000e+01 1.900904463655285010e-05
7.500000000000000000e+01 1.901526050464505345e-05
7.600000000000000000e+01 1.901791318824377740e-05
7.700000000000000000e+01 1.908905351022389710e-05
7.800000000000000000e+01 1.909334491663776382e-05
7.900000000000000000e+01 1.909604337953503908e-05
8.000000000000000000e+01 1.909769763948583664e-05
8.100000000000000000e+01 1.911642475302984854e-05
8.200000000000000000e+01 1.937222199343049121e-05
8.300000000000000000e+01 1.937534909182834074e-05
8.400000000000000000e+01 1.937737423235362004e-05
8.500000000000000000e+01 1.938004561185691308e-05
8.600000000000000000e+01 1.939456473080241586e-05
8.700000000000000000e+01 1.939538658255869920e-05
8.800000000000000000e+01 1.940272555450916496e-05
8.900000000000000000e+01 1.941487969069930028e-05
9.000000000000000000e+01 1.942446968207306595e-05
9.100000000000000000e+01 1.943098016876785149e-05
9.200000000000000000e+01 1.943440682619101165e-05
9.300000000000000000e+01 1.944182853464737658e-05
9.400000000000000000e+01 1.944491173837778090e-05
9.500000000000000000e+01 1.948344976756991118e-05
9.600000000000000000e+01 1.949214152692215564e-05
9.700000000000000000e+01 1.958576506843509083e-05
9.800000000000000000e+01 1.958807433004816523e-05
9.900000000000000000e+01 1.958903234098470627e-05
1.000000000000000000e+02 1.959483815636370316e-05
1.010000000000000000e+02 1.959714536558568017e-05
1.020000000000000000e+02 1.961411471172929416e-05
1.030000000000000000e+02 1.961687681179613221e-05
1.040000000000000000e+02 1.962515684188528007e-05
1.050000000000000000e+02 1.962834559368781137e-05
1.060000000000000000e+02 1.962888113077955509e-05
1.070000000000000000e+02 1.963049984570124724e-05
1.080000000000000000e+02 1.964071623806458677e-05
1.090000000000000000e+02 1.965351352574482550e-05
1.100000000000000000e+02 1.966317626669072163e-05
1.110000000000000000e+02 1.967065006643331019e-05
1.120000000000000000e+02 1.967687365377203713e-05
1.130000000000000000e+02 1.967752971924152550e-05
1.140000000000000000e+02 1.967862699426686644e-05
1.150000000000000000e+02 1.968009470741751462e-05
1.160000000000000000e+02 1.968181502156325947e-05
1.170000000000000000e+02 1.969152185977842841e-05
1.180000000000000000e+02 1.969260587862791873e-05
1.190000000000000000e+02 1.969507017862088673e-05
1.200000000000000000e+02 1.970248919203201489e-05
1.210000000000000000e+02 1.970663921862204839e-05
1.220000000000000000e+02 1.970881516318875550e-05
1.230000000000000000e+02 1.973329742410683330e-05
1.240000000000000000e+02 1.973871991516056604e-05
1.250000000000000000e+02 1.974056276018559673e-05
1.260000000000000000e+02 1.974502695313139905e-05
1.270000000000000000e+02 1.976626942951040334e-05
1.280000000000000000e+02 1.976951144352266792e-05
1.290000000000000000e+02 1.977484983396167356e-05
1.300000000000000000e+02 1.978578126941800321e-05
1.310000000000000000e+02 1.978728820965603989e-05
1.320000000000000000e+02 1.978968549564953877e-05
1.330000000000000000e+02 1.979034752577883027e-05
1.340000000000000000e+02 1.979400487060231138e-05
1.350000000000000000e+02 1.980225270575850782e-05
1.360000000000000000e+02 1.981210798861066775e-05
1.370000000000000000e+02 1.982854251489458435e-05
1.380000000000000000e+02 1.982889737236291487e-05
1.390000000000000000e+02 1.983306881197219090e-05
1.400000000000000000e+02 1.983439251378091826e-05
1.410000000000000000e+02 1.983523106842526718e-05
1.420000000000000000e+02 1.984156478215712995e-05
1.430000000000000000e+02 1.984789675596668602e-05
1.440000000000000000e+02 1.985144533449954585e-05
1.450000000000000000e+02 1.985365913392682266e-05
1.460000000000000000e+02 1.985551295618991991e-05
1.470000000000000000e+02 1.985784388461120733e-05
1.480000000000000000e+02 1.986277408168679137e-05
1.490000000000000000e+02 1.986386028500497920e-05
1.500000000000000000e+02 1.986666952505655997e-05
1.510000000000000000e+02 1.987715870055206191e-05
1.520000000000000000e+02 1.987830229661237578e-05
1.530000000000000000e+02 1.988025347275272837e-05
1.540000000000000000e+02 1.988416593979446898e-05
1.550000000000000000e+02 1.988733477885372864e-05
1.560000000000000000e+02 1.988903101219774230e-05
1.570000000000000000e+02 1.989106411227393412e-05
1.580000000000000000e+02 1.989200943923895680e-05
1.590000000000000000e+02 1.989314304047333346e-05
1.600000000000000000e+02 1.989452800636428771e-05
1.610000000000000000e+02 1.989570822707517611e-05
1.620000000000000000e+02 1.989889503324038144e-05
1.630000000000000000e+02 1.990149961795811088e-05
1.640000000000000000e+02 1.990366792282246731e-05
1.650000000000000000e+02 1.990470391009990773e-05
1.660000000000000000e+02 1.990803684713994949e-05
1.670000000000000000e+02 1.990917331057084585e-05
1.680000000000000000e+02 1.990928568555024421e-05
1.690000000000000000e+02 1.991102980597977661e-05
1.700000000000000000e+02 1.991306012140213022e-05
1.710000000000000000e+02 1.991453053909136056e-05
1.720000000000000000e+02 1.992119065160008560e-05
1.730000000000000000e+02 1.992177524025216548e-05
1.740000000000000000e+02 1.992403196984034348e-05
1.750000000000000000e+02 1.992571665463136325e-05
1.760000000000000000e+02 1.992699454862668335e-05
1.770000000000000000e+02 1.992721288864468835e-05
1.780000000000000000e+02 1.992780663467481013e-05
1.790000000000000000e+02 1.993263780312013762e-05
1.800000000000000000e+02 1.993489181257980747e-05
1.810000000000000000e+02 1.993721648196428799e-05
1.820000000000000000e+02 1.993815378227692918e-05
1.830000000000000000e+02 1.993959128021063527e-05
1.840000000000000000e+02 1.994140695659620322e-05
1.850000000000000000e+02 1.994159771690217180e-05
1.860000000000000000e+02 1.994295209810048689e-05
1.870000000000000000e+02 1.994317783521494655e-05
1.880000000000000000e+02 1.994419934327059001e-05
1.890000000000000000e+02 1.994474042767305918e-05
1.900000000000000000e+02 1.994507694745413859e-05
1.910000000000000000e+02 1.994746811602168826e-05
1.920000000000000000e+02 1.994833804617239685e-05
1.930000000000000000e+02 1.994844872945547538e-05
1.940000000000000000e+02 1.994888118996326193e-05
1.950000000000000000e+02 1.995131483320148691e-05
1.960000000000000000e+02 1.995140594478154254e-05
1.970000000000000000e+02 1.995227254518968900e-05
1.980000000000000000e+02 1.995284353831627613e-05
1.990000000000000000e+02 1.995327612155649400e-05
2.000000000000000000e+02 1.995415359824153983e-05
2.010000000000000000e+02 1.995466273075234551e-05
2.020000000000000000e+02 1.995729805177670903e-05
2.030000000000000000e+02 1.995895137721228165e-05
2.040000000000000000e+02 1.996335755971227174e-05
2.050000000000000000e+02 1.996363150826693577e-05
2.060000000000000000e+02 1.996396948167832551e-05
2.070000000000000000e+02 1.996413904811979013e-05
2.080000000000000000e+02 1.996446221322847704e-05
2.090000000000000000e+02 1.996551349878979061e-05
2.100000000000000000e+02 1.996772669149985256e-05
2.110000000000000000e+02 1.996890142130315680e-05
2.120000000000000000e+02 1.996899312080736150e-05
2.130000000000000000e+02 1.997060739370067739e-05
2.140000000000000000e+02 1.997106656474023346e-05
2.150000000000000000e+02 1.997198074750180868e-05
2.160000000000000000e+02 1.997403777774467984e-05
2.170000000000000000e+02 1.997486137276477421e-05
2.180000000000000000e+02 1.997618574872581134e-05
2.190000000000000000e+02 1.997709356151696831e-05
2.200000000000000000e+02 1.997903186179714261e-05
2.210000000000000000e+02 1.997954742689834342e-05
2.220000000000000000e+02 1.998107882597124668e-05
2.230000000000000000e+02 1.998232394390103407e-05
2.240000000000000000e+02 1.998262182590918037e-05
2.250000000000000000e+02 1.998321159252148014e-05
2.260000000000000000e+02 1.998446864562626008e-05
2.270000000000000000e+02 1.998534600868792451e-05
2.280000000000000000e+02 1.998710000124098843e-05
2.290000000000000000e+02 1.998784368770721836e-05
2.300000000000000000e+02 1.998956474029950874e-05
2.310000000000000000e+02 1.999142842250653217e-05
2.320000000000000000e+02 1.999394330784268913e-05
2.330000000000000000e+02 1.999471056559478258e-05
2.340000000000000000e+02 1.999537496183674079e-05
2.350000000000000000e+02 1.999663387792661854e-05
2.360000000000000000e+02 1.999721370420687964e-05
2.370000000000000000e+02 1.999807847868040979e-05
2.380000000000000000e+02 1.999827770092320453e-05
2.390000000000000000e+02 1.999913886371073489e-05
2.400000000000000000e+02 2.000020672047325698e-05
2.410000000000000000e+02 2.000316017313347251e-05
2.420000000000000000e+02 2.000344709902768998e-05
2.430000000000000000e+02 2.000409017689003382e-05
2.440000000000000000e+02 2.000616477559310073e-05
2.450000000000000000e+02 2.000754255947443945e-05
2.460000000000000000e+02 2.000797777017029359e-05
2.470000000000000000e+02 2.000829379653268407e-05
2.480000000000000000e+02 2.000877286781252960e-05
2.490000000000000000e+02 2.001019739877565301e-05
2.500000000000000000e+02 2.001084864066871743e-05
2.510000000000000000e+02 2.001107691677803306e-05
2.520000000000000000e+02 2.001157725045847122e-05
2.530000000000000000e+02 2.001163924888894248e-05
2.540000000000000000e+02 2.001286973736240228e-05
2.550000000000000000e+02 2.001313978401454967e-05
2.560000000000000000e+02 2.001347204386777956e-05
2.570000000000000000e+02 2.001457110660092645e-05
2.580000000000000000e+02 2.001490880159801760e-05
2.590000000000000000e+02 2.001579635353320689e-05
2.600000000000000000e+02 2.001597315019674510e-05
2.610000000000000000e+02 2.001668056012923343e-05
2.620000000000000000e+02 2.001678029211785152e-05
2.630000000000000000e+02 2.001699668645479316e-05
2.640000000000000000e+02 2.001732266160061212e-05
2.650000000000000000e+02 2.001819492853405878e-05
2.660000000000000000e+02 2.001974858440983180e-05
2.670000000000000000e+02 2.002023327441273414e-05
2.680000000000000000e+02 2.002143684088409072e-05
2.690000000000000000e+02 2.002164291472171813e-05
2.700000000000000000e+02 2.002260751700598980e-05
2.710000000000000000e+02 2.002296495603402861e-05
2.720000000000000000e+02 2.002433478451097585e-05
2.730000000000000000e+02 2.002508695845888883e-05
2.740000000000000000e+02 2.002510118430538924e-05
2.750000000000000000e+02 2.002560522105895047e-05
2.760000000000000000e+02 2.002650200765845949e-05
2.770000000000000000e+02 2.002668892367308434e-05
2.780000000000000000e+02 2.002689009566186373e-05
2.790000000000000000e+02 2.002694337098458521e-05
2.800000000000000000e+02 2.002760826368861355e-05
2.810000000000000000e+02 2.002842792341152770e-05
2.820000000000000000e+02 2.002859697747260152e-05
2.830000000000000000e+02 2.002923478206799449e-05
2.840000000000000000e+02 2.002948368698862863e-05
2.850000000000000000e+02 2.003001995190506373e-05
2.860000000000000000e+02 2.003150146216671132e-05
2.870000000000000000e+02 2.003235506587100969e-05
2.880000000000000000e+02 2.003247674662483776e-05
2.890000000000000000e+02 2.003260752935144917e-05
2.900000000000000000e+02 2.003296510808600555e-05
2.910000000000000000e+02 2.003318708622057231e-05
2.920000000000000000e+02 2.003406122013365979e-05
2.930000000000000000e+02 2.003432212611648290e-05
2.940000000000000000e+02 2.003568917827838394e-05
2.950000000000000000e+02 2.003598743636388351e-05
2.960000000000000000e+02 2.003669503010143381e-05
2.970000000000000000e+02 2.003693695124552125e-05
2.980000000000000000e+02 2.003718602337741840e-05
2.990000000000000000e+02 2.003732852916752198e-05
3.000000000000000000e+02 2.003758348219585627e-05
3.010000000000000000e+02 2.003780998914954234e-05
3.020000000000000000e+02 2.003819366073202296e-05
3.030000000000000000e+02 2.003946523572354437e-05
3.040000000000000000e+02 2.003961514794300977e-05
3.050000000000000000e+02 2.003987281712185008e-05
3.060000000000000000e+02 2.003988610655444699e-05
3.070000000000000000e+02 2.004012516490278635e-05
3.080000000000000000e+02 2.004020529237948191e-05
3.090000000000000000e+02 2.004039170848164115e-05
3.100000000000000000e+02 2.004058399141344618e-05
3.110000000000000000e+02 2.004130762774739954e-05
3.120000000000000000e+02 2.004183315374712752e-05
3.130000000000000000e+02 2.004187665419137834e-05
3.140000000000000000e+02 2.004189975002974405e-05
3.150000000000000000e+02 2.004249781245388606e-05
3.160000000000000000e+02 2.004268567362095857e-05
3.170000000000000000e+02 2.004284067900725193e-05
3.180000000000000000e+02 2.004287870616690661e-05
3.190000000000000000e+02 2.004309787350627394e-05
3.200000000000000000e+02 2.004336242476592307e-05
3.210000000000000000e+02 2.004379469546665012e-05
3.220000000000000000e+02 2.004387502594365484e-05
3.230000000000000000e+02 2.004429419007850723e-05
3.240000000000000000e+02 2.004503203028750911e-05
3.250000000000000000e+02 2.004512230948516700e-05
3.260000000000000000e+02 2.004554186276671495e-05
3.270000000000000000e+02 2.004580058971897164e-05
3.280000000000000000e+02 2.004614583689330641e-05
3.290000000000000000e+02 2.004656407629274239e-05
3.300000000000000000e+02 2.004670833494840565e-05
3.310000000000000000e+02 2.004707164812202563e-05
3.320000000000000000e+02 2.004740022675463042e-05
3.330000000000000000e+02 2.004753834004972980e-05
3.340000000000000000e+02 2.004802909578585465e-05
3.350000000000000000e+02 2.004816066966074088e-05
3.360000000000000000e+02 2.004876241811694311e-05
3.370000000000000000e+02 2.004891021603205788e-05
3.380000000000000000e+02 2.004892758723929340e-05
3.390000000000000000e+02 2.004966477720632293e-05
3.400000000000000000e+02 2.004972167073346755e-05
3.410000000000000000e+02 2.005083042718227630e-05
3.420000000000000000e+02 2.005092625372594027e-05
3.430000000000000000e+02 2.005107878001011852e-05
3.440000000000000000e+02 2.005124091146301472e-05
3.450000000000000000e+02 2.005161016393190070e-05
3.460000000000000000e+02 2.005176710878815794e-05
3.470000000000000000e+02 2.005186714145470883e-05
3.480000000000000000e+02 2.005212810701853418e-05
3.490000000000000000e+02 2.005246629066016750e-05
3.500000000000000000e+02 2.005407779481060005e-05
3.510000000000000000e+02 2.005426623287648503e-05
3.520000000000000000e+02 2.005430226479930196e-05
3.530000000000000000e+02 2.005443081679326900e-05
3.540000000000000000e+02 2.005451259047132147e-05
3.550000000000000000e+02 2.005510182450408996e-05
3.560000000000000000e+02 2.005681741791302946e-05
3.570000000000000000e+02 2.005790722789817755e-05
3.580000000000000000e+02 2.005814898914651384e-05
3.590000000000000000e+02 2.005836068761002159e-05
3.600000000000000000e+02 2.005853233223059653e-05
3.610000000000000000e+02 2.005859044596039101e-05
3.620000000000000000e+02 2.005894813149043009e-05
3.630000000000000000e+02 2.006020078051191420e-05
3.640000000000000000e+02 2.006050829810325826e-05
3.650000000000000000e+02 2.006059754255723801e-05
3.660000000000000000e+02 2.006076156157127975e-05
3.670000000000000000e+02 2.006076164789974609e-05
3.680000000000000000e+02 2.006089309128412799e-05
3.690000000000000000e+02 2.006090168784205530e-05
3.700000000000000000e+02 2.006133592079042103e-05
3.710000000000000000e+02 2.006268773822281496e-05
3.720000000000000000e+02 2.006277607017809738e-05
3.730000000000000000e+02 2.006417207311621961e-05
3.740000000000000000e+02 2.006430789235722571e-05
3.750000000000000000e+02 2.006458319772885836e-05
3.760000000000000000e+02 2.006460246714499921e-05
3.770000000000000000e+02 2.006466452395294731e-05
3.780000000000000000e+02 2.006466468073015355e-05
3.790000000000000000e+02 2.006478291522423811e-05
3.800000000000000000e+02 2.006504053789569768e-05
3.810000000000000000e+02 2.006529052699101301e-05
3.820000000000000000e+02 2.006664084786264452e-05
3.830000000000000000e+02 2.006679309566410764e-05
3.840000000000000000e+02 2.006703870973721430e-05
3.850000000000000000e+02 2.006708233753009724e-05
3.860000000000000000e+02 2.006790238461382946e-05
3.870000000000000000e+02 2.006795063886684659e-05
3.880000000000000000e+02 2.006805628832042835e-05
3.890000000000000000e+02 2.006820489339519026e-05
3.900000000000000000e+02 2.006873091389305778e-05
3.910000000000000000e+02 2.006884457442443650e-05
3.920000000000000000e+02 2.006890532666697437e-05
3.930000000000000000e+02 2.006916170183996439e-05
3.940000000000000000e+02 2.007333848893619630e-05
3.950000000000000000e+02 2.007382306567106112e-05
3.960000000000000000e+02 2.007383912780098584e-05
3.970000000000000000e+02 2.007392503969198026e-05
3.980000000000000000e+02 2.007489786234115854e-05
3.990000000000000000e+02 2.007494936396160800e-05
4.000000000000000000e+02 2.007527503351503949e-05
4.010000000000000000e+02 2.007537052630068157e-05
4.020000000000000000e+02 2.007556583672416220e-05
4.030000000000000000e+02 2.007563379452989290e-05
4.040000000000000000e+02 2.007574419349630331e-05
4.050000000000000000e+02 2.007617387488810223e-05
4.060000000000000000e+02 2.007626911262871204e-05
4.070000000000000000e+02 2.007633931393378114e-05
4.080000000000000000e+02 2.007711392968026618e-05
4.090000000000000000e+02 2.007715054186506699e-05
4.100000000000000000e+02 2.007730346278363009e-05
4.110000000000000000e+02 2.007734886902678759e-05
4.120000000000000000e+02 2.007862379288217236e-05
4.130000000000000000e+02 2.007921600794446726e-05
4.140000000000000000e+02 2.007957588686718384e-05
4.150000000000000000e+02 2.007982443530491177e-05
4.160000000000000000e+02 2.008101599701411750e-05
4.170000000000000000e+02 2.008146805845709783e-05
4.180000000000000000e+02 2.008159377648745096e-05
4.190000000000000000e+02 2.008198787388822471e-05
4.200000000000000000e+02 2.008221308906993371e-05
4.210000000000000000e+02 2.008252237120985786e-05
4.220000000000000000e+02 2.008319274340073540e-05
4.230000000000000000e+02 2.008337160720679196e-05
4.240000000000000000e+02 2.008370941545618277e-05
4.250000000000000000e+02 2.008378187229785001e-05
4.260000000000000000e+02 2.008395016384247004e-05
4.270000000000000000e+02 2.008478637429862091e-05
4.280000000000000000e+02 2.008503068566040470e-05
4.290000000000000000e+02 2.008538476044632770e-05
4.300000000000000000e+02 2.008562791378461885e-05
4.310000000000000000e+02 2.008579086959694208e-05
4.320000000000000000e+02 2.008584077005346421e-05
4.330000000000000000e+02 2.008832077642554807e-05
4.340000000000000000e+02 2.008851341661019532e-05
4.350000000000000000e+02 2.008878142042187047e-05
4.360000000000000000e+02 2.008889648213854219e-05
4.370000000000000000e+02 2.008895316556131571e-05
4.380000000000000000e+02 2.008897069340826030e-05
4.390000000000000000e+02 2.008941013977797173e-05
4.400000000000000000e+02 2.008948891661373437e-05
4.410000000000000000e+02 2.008964804355290563e-05
4.420000000000000000e+02 2.008991804210314970e-05
4.430000000000000000e+02 2.008993719001165532e-05
4.440000000000000000e+02 2.009059785602147676e-05
4.450000000000000000e+02 2.009084555913816185e-05
4.460000000000000000e+02 2.009092527764758411e-05
4.470000000000000000e+02 2.009122204341686434e-05
4.480000000000000000e+02 2.009175763180070173e-05
4.490000000000000000e+02 2.009189712380512568e-05
4.500000000000000000e+02 2.009223865581463714e-05
4.510000000000000000e+02 2.009230506228244212e-05
4.520000000000000000e+02 2.009336844339131795e-05
4.530000000000000000e+02 2.009340684518352824e-05
4.540000000000000000e+02 2.009349872231363873e-05
4.550000000000000000e+02 2.009371338692569992e-05
4.560000000000000000e+02 2.009395178110038072e-05
4.570000000000000000e+02 2.009403740135153800e-05
4.580000000000000000e+02 2.009408760948849562e-05
4.590000000000000000e+02 2.009497140816056307e-05
4.600000000000000000e+02 2.009497146773928171e-05
4.610000000000000000e+02 2.009499213109161109e-05
4.620000000000000000e+02 2.009545360960476277e-05
4.630000000000000000e+02 2.009572610103905951e-05
4.640000000000000000e+02 2.009575258138219882e-05
4.650000000000000000e+02 2.009602864800134859e-05
4.660000000000000000e+02 2.009639762187673091e-05
4.670000000000000000e+02 2.009645469176378217e-05
4.680000000000000000e+02 2.009687745859187866e-05
4.690000000000000000e+02 2.009730411509055677e-05
4.700000000000000000e+02 2.009788645082237081e-05
4.710000000000000000e+02 2.009793069028229198e-05
4.720000000000000000e+02 2.009814084636353643e-05
4.730000000000000000e+02 2.009817906647243791e-05
4.740000000000000000e+02 2.009836635940683434e-05
4.750000000000000000e+02 2.009865214963724354e-05
4.760000000000000000e+02 2.009891774233790108e-05
4.770000000000000000e+02 2.009909429997186543e-05
4.780000000000000000e+02 2.009915116570061184e-05
4.790000000000000000e+02 2.009941520433158448e-05
4.800000000000000000e+02 2.009957688948760482e-05
4.810000000000000000e+02 2.009975162877319338e-05
4.820000000000000000e+02 2.010018884053763259e-05
4.830000000000000000e+02 2.010036735683250848e-05
4.840000000000000000e+02 2.010042655508832325e-05
4.850000000000000000e+02 2.010048035613372911e-05
4.860000000000000000e+02 2.010063309912586590e-05
4.870000000000000000e+02 2.010068479649309854e-05
4.880000000000000000e+02 2.010083008861455859e-05
4.890000000000000000e+02 2.010137053650082453e-05
4.900000000000000000e+02 2.010148429468312163e-05
4.910000000000000000e+02 2.010694814103099946e-05
4.920000000000000000e+02 2.010718019433171112e-05
4.930000000000000000e+02 2.010767855459809559e-05
4.940000000000000000e+02 2.010804138547652898e-05
4.950000000000000000e+02 2.010807636111970601e-05
4.960000000000000000e+02 2.010811482392181569e-05
4.970000000000000000e+02 2.010839935353408913e-05
4.980000000000000000e+02 2.010884250032024884e-05
4.990000000000000000e+02 2.010893568015632895e-05
5.000000000000000000e+02 2.010929573602425531e-05
5.010000000000000000e+02 2.010930672879428710e-05
5.020000000000000000e+02 2.010980066626044465e-05
5.030000000000000000e+02 2.011017856868519411e-05
5.040000000000000000e+02 2.011031497266109065e-05
5.050000000000000000e+02 2.011092415656403159e-05
5.060000000000000000e+02 2.011099896543895341e-05
5.070000000000000000e+02 2.011136528460794192e-05
5.080000000000000000e+02 2.011173168653695200e-05
5.090000000000000000e+02 2.011214651711599880e-05
5.100000000000000000e+02 2.011627170745455850e-05
5.110000000000000000e+02 2.011630215747358384e-05
5.120000000000000000e+02 2.011637258793591549e-05
5.130000000000000000e+02 2.011645039243140071e-05
5.140000000000000000e+02 2.011667128262874222e-05
5.150000000000000000e+02 2.011672972393535261e-05
5.160000000000000000e+02 2.011678386295553738e-05
5.170000000000000000e+02 2.011733134373559174e-05
5.180000000000000000e+02 2.011757233974828163e-05
5.190000000000000000e+02 2.011771111254427390e-05
5.200000000000000000e+02 2.011804390043649124e-05
5.210000000000000000e+02 2.011811530933324486e-05
5.220000000000000000e+02 2.012016465685060042e-05
5.230000000000000000e+02 2.012026485297620744e-05
5.240000000000000000e+02 2.012042378781631242e-05
5.250000000000000000e+02 2.012055829776214069e-05
5.260000000000000000e+02 2.012070177651160112e-05
5.270000000000000000e+02 2.012076306740793666e-05
5.280000000000000000e+02 2.012078212447099317e-05
5.290000000000000000e+02 2.012084118307486640e-05
5.300000000000000000e+02 2.012090942549656938e-05
5.310000000000000000e+02 2.012196487931389090e-05
5.320000000000000000e+02 2.012202914542155809e-05
5.330000000000000000e+02 2.012251170801025561e-05
5.340000000000000000e+02 2.012255246091146523e-05
5.350000000000000000e+02 2.012255275884986309e-05
5.360000000000000000e+02 2.012264196704910136e-05
5.370000000000000000e+02 2.012626451982335292e-05
5.380000000000000000e+02 2.012627547066352248e-05
5.390000000000000000e+02 2.012638046808534788e-05
5.400000000000000000e+02 2.012647825582748504e-05
5.410000000000000000e+02 2.012751099391979430e-05
5.420000000000000000e+02 2.012752069938171265e-05
5.430000000000000000e+02 2.012759529864367462e-05
5.440000000000000000e+02 2.012795372391873702e-05
5.450000000000000000e+02 2.012812746723423112e-05
5.460000000000000000e+02 2.013039999461254477e-05
5.470000000000000000e+02 2.013320313203703114e-05
5.480000000000000000e+02 2.014289449785408421e-05
5.490000000000000000e+02 2.014300210714031547e-05
5.500000000000000000e+02 2.014378071448445485e-05
5.510000000000000000e+02 2.014380627635091098e-05
5.520000000000000000e+02 2.014474958659292952e-05
5.530000000000000000e+02 2.014482225373651289e-05
5.540000000000000000e+02 2.014482708106895198e-05
5.550000000000000000e+02 2.014489771547401859e-05
5.560000000000000000e+02 2.014493685937596151e-05
5.570000000000000000e+02 2.014540987357653381e-05
5.580000000000000000e+02 2.014543508200062030e-05
5.590000000000000000e+02 2.014613254916361408e-05
5.600000000000000000e+02 2.014643390356185367e-05
5.610000000000000000e+02 2.014739776264523130e-05
5.620000000000000000e+02 2.014749782605776358e-05
5.630000000000000000e+02 2.014930591551457580e-05
5.640000000000000000e+02 2.014943357282539461e-05
5.650000000000000000e+02 2.014958549289907683e-05
5.660000000000000000e+02 2.015021375501042171e-05
5.670000000000000000e+02 2.015035560841897482e-05
5.680000000000000000e+02 2.015049841084630490e-05
5.690000000000000000e+02 2.015067638082954798e-05
5.700000000000000000e+02 2.015123292087644475e-05
5.710000000000000000e+02 2.015337050163856677e-05
5.720000000000000000e+02 2.015340057229199257e-05
5.730000000000000000e+02 2.015343350556410268e-05
5.740000000000000000e+02 2.015348132687076391e-05
5.750000000000000000e+02 2.015371418329208337e-05
5.760000000000000000e+02 2.015374317645251187e-05
5.770000000000000000e+02 2.015375209893207478e-05
5.780000000000000000e+02 2.015377141503713586e-05
5.790000000000000000e+02 2.015467751028429842e-05
5.800000000000000000e+02 2.015473429613197305e-05
5.810000000000000000e+02 2.015520341313367043e-05
5.820000000000000000e+02 2.015526226046617799e-05
5.830000000000000000e+02 2.015548531950396108e-05
5.840000000000000000e+02 2.015760024029037724e-05
5.850000000000000000e+02 2.015807774200951822e-05
5.860000000000000000e+02 2.015825161559168312e-05
5.870000000000000000e+02 2.015869276756006954e-05
5.880000000000000000e+02 2.015881564986495651e-05
5.890000000000000000e+02 2.015884489674233738e-05
5.900000000000000000e+02 2.015885996523106779e-05
5.910000000000000000e+02 2.015907898341623064e-05
5.920000000000000000e+02 2.015936945154021717e-05
5.930000000000000000e+02 2.015975807926879718e-05
5.940000000000000000e+02 2.015976582270779808e-05
5.950000000000000000e+02 2.016058841457202787e-05
5.960000000000000000e+02 2.016096296704133245e-05
