# x	y
3.020289661668085213e-02 1.045604422532376149e-01
3.020289661668085560e-02 1.044751419013473376e-01
3.020290687546098654e-02 9.166656198724741633e-02
3.020373588612494317e-02 9.150125116028132166e-02
3.020604002417293099e-02 9.104829536136954671e-02
3.021256896673158929e-02 9.102188163902301399e-02
3.021256896673159623e-02 9.095542880937922126e-02
3.021986469144357854e-02 9.090205936944564802e-02
3.022300259858481941e-02 8.984509097790567556e-02
3.022986655537721751e-02 8.972912015394247931e-02
3.023939966596878720e-02 8.882734595190924787e-02
3.023939966596879067e-02 8.875672055551327155e-02
3.027704393593029855e-02 8.756417828338786125e-02
3.028021041529092502e-02 8.526900522840050178e-02
3.028274804280914334e-02 8.407262026449000003e-02
3.028303455816394596e-02 8.406255915523924704e-02
3.028570939919370680e-02 8.393000260886564201e-02
3.028826246658877785e-02 8.384222730012409752e-02
3.029057698486225386e-02 8.367120878719766508e-02
3.029064407583737656e-02 8.365145523241167280e-02
3.029528632982621955e-02 8.356099580342332689e-02
3.030050087185540836e-02 8.353150584654248090e-02
3.030050087185541183e-02 8.353018864349791295e-02
3.030116253507322832e-02 8.330737760579300100e-02
3.032474705448209504e-02 8.328597761756605100e-02
3.032608208222505736e-02 8.236163351788039488e-02
3.032669101493687056e-02 8.214370798944055363e-02
3.034832879996570906e-02 8.199665193207887615e-02
3.034923169203853147e-02 8.043396878436544217e-02
3.034932214785592691e-02 8.043381975889415947e-02
3.034941174542120021e-02 8.017800332748888092e-02
3.035013415163050066e-02 7.984576163340642574e-02
3.035131320600155391e-02 7.964273320281803348e-02
3.035199067686904922e-02 7.962055578494388330e-02
3.035199067686905269e-02 7.961263598827426902e-02
3.035742218718725030e-02 7.908975658719119561e-02
3.035855578934021359e-02 7.906516689274818710e-02
3.036167980547072737e-02 7.887515229033134623e-02
3.036168774025152853e-02 7.887488560775733626e-02
3.036798151393659342e-02 7.881468919793833960e-02
3.036801264775476281e-02 7.875986719089181354e-02
3.037152390287396059e-02 7.844162852820264764e-02
3.037153592504803976e-02 7.837343159087914457e-02
3.037328610110861041e-02 7.826026033385347080e-02
3.037740690361197260e-02 7.812362066281068607e-02
3.037740871484536503e-02 7.812106025938754528e-02
3.037757695456944421e-02 7.811612680886546867e-02
3.037769132738256384e-02 7.811159206073189920e-02
3.037882167685489188e-02 7.806415211596973158e-02
3.038100347505158852e-02 7.790600438710228171e-02
3.038236155949029099e-02 7.786575151623356672e-02
3.038265384105288611e-02 7.786196661019742504e-02
3.038435313652130057e-02 7.783965374539708604e-02
3.038436279440132753e-02 7.783275447046368589e-02
3.038487665639650823e-02 7.782955987156905953e-02
3.038635721198573031e-02 7.775809041004087818e-02
3.038958146517244802e-02 7.762713091904113738e-02
3.038979159186926474e-02 7.757468856458286932e-02
3.038979159186927168e-02 7.757146555079946770e-02
3.039000292094756056e-02 7.755460765770016973e-02
3.039063473603144730e-02 7.754440209818981578e-02
3.039721709034778896e-02 7.730567874152416419e-02
3.039728507441049124e-02 7.730461988418567409e-02
3.039729639054892379e-02 7.729712936008380220e-02
3.039729639054892726e-02 7.729711892667008588e-02
3.039938900020616730e-02 7.728321268807701594e-02
3.040049282109113030e-02 7.726888738383044797e-02
3.040050422436322425e-02 7.726637111601156183e-02
3.040598035184232176e-02 7.703673192363515165e-02
3.041466920208562782e-02 7.687246776133140058e-02
3.041871308541090752e-02 7.669664417043348115e-02
3.042178364004136451e-02 7.659432797708071172e-02
3.042178446108847675e-02 7.612924086059746909e-02
3.043722271735324961e-02 7.609424301365327881e-02
3.044974586975386296e-02 7.608115702246101564e-02
3.044974586975386643e-02 7.608093600118374933e-02
3.045046435706232416e-02 7.550924206348721968e-02
3.045112912945303896e-02 7.549474109877402084e-02
3.046340957684840270e-02 7.505792738078756465e-02
3.046340957684840617e-02 7.505465552193345269e-02
3.046778027562055055e-02 7.500989399106777755e-02
3.048970028733979237e-02 7.490558848448033991e-02
3.049410677639562139e-02 7.458048708354965417e-02
3.050772052886254609e-02 7.439224165323947424e-02
3.051060261240083268e-02 7.431921851330805517e-02
3.051084050426449562e-02 7.431456323343441084e-02
3.052424916751681622e-02 7.410016062702692863e-02
3.054891461544864684e-02 7.386608333678179594e-02
3.055183054951387395e-02 7.383395349413755804e-02
3.055183054951387742e-02 7.382822628462788750e-02
3.055284564842060402e-02 7.370370616048815826e-02
3.055934075717438650e-02 7.366063924056298617e-02
3.058460908163008682e-02 7.361383293940494676e-02
3.058461408300112636e-02 7.361382105536255771e-02
3.058711983216063149e-02 7.313522300215992422e-02
3.059179307013031729e-02 7.313115348402390858e-02
3.059220901670576045e-02 7.143809840950854362e-02
3.059220953976369770e-02 7.108289520342074563e-02
3.059221015055244713e-02 7.076976387162906001e-02
3.059227005731234711e-02 7.073439037792474127e-02
3.059245209376312835e-02 7.066043678625891222e-02
3.059282123409527709e-02 7.057127479464422870e-02
3.059289167580059310e-02 7.055740339771600367e-02
3.059480933425589785e-02 7.030625714544616600e-02
3.059680872732176496e-02 7.013712080711265173e-02
3.059841570146068848e-02 7.010260517127547830e-02
3.059843644527728349e-02 7.010242954639690771e-02
3.059856065529057909e-02 7.008409649895469551e-02
3.060003786687651856e-02 6.997805815842948751e-02
3.060010515860657476e-02 6.993133687339331273e-02
3.060278324591533469e-02 6.986141291373808293e-02
3.060403561677888309e-02 6.980297593016993041e-02
3.060403561677889697e-02 6.980296980669903339e-02
3.060784627373220809e-02 6.958002952764229254e-02
3.061133512017812433e-02 6.955921583731289326e-02
3.061216677011540516e-02 6.952398193813069671e-02
3.061505060175163939e-02 6.938970781702090418e-02
3.061505064896966055e-02 6.931280115576553269e-02
3.062879710169639363e-02 6.923665068256892874e-02
3.062908261828863749e-02 6.922410650650449859e-02
3.063009082457571891e-02 6.887238056992731061e-02
3.063327081070896241e-02 6.879969861061890901e-02
3.063833911238079272e-02 6.871119606277152625e-02
3.063870635633945613e-02 6.869023681182644114e-02
3.063873407219062928e-02 6.868876816340156732e-02
3.064026320935348338e-02 6.867630687007755808e-02
3.064062541777961418e-02 6.864232271849615707e-02
3.064085769233963405e-02 6.864126298538113236e-02
3.064214889949757464e-02 6.858587320409263721e-02
3.064473233366743488e-02 6.853872273279601468e-02
3.064639860476522579e-02 6.851194640823209114e-02
3.065051919511549774e-02 6.844369359389826379e-02
3.065437634712798662e-02 6.837994910956361749e-02
3.065744227658536922e-02 6.834469725834353693e-02
3.065760350422408118e-02 6.833783847673091660e-02
3.065763398365956710e-02 6.833716608742843035e-02
3.066011528522887691e-02 6.830204463388855896e-02
3.066499692251216727e-02 6.818383094624809460e-02
3.066648748694805401e-02 6.812426932088604115e-02
3.067292816055229229e-02 6.804561982896510652e-02
3.067295156975707870e-02 6.804551075516745984e-02
3.067431438327676910e-02 6.803771668883573653e-02
3.067431545716071614e-02 6.803770965021815886e-02
3.067795608354463924e-02 6.797913656015047712e-02
3.067795666798597831e-02 6.797905819636018698e-02
3.067968693361813187e-02 6.790160379496511245e-02
3.068414027605305058e-02 6.789853065659987030e-02
3.068652359504620009e-02 6.787687721669542762e-02
3.068652527744109709e-02 6.787687182063552316e-02
3.068854431328436883e-02 6.784343524193249542e-02
3.069408633853378324e-02 6.776113960690734184e-02
3.069762235770408243e-02 6.775274551749813079e-02
3.069824180401187555e-02 6.769883699023658552e-02
3.069840027175261069e-02 6.764035358325130864e-02
3.069872035905977722e-02 6.760505449561927949e-02
3.070072219115855053e-02 6.756990835637821657e-02
3.070877938090407419e-02 6.750614414886027537e-02
3.070882934131658609e-02 6.750393719049402330e-02
3.071167328097338181e-02 6.743872724140184682e-02
3.071180897429707027e-02 6.743705622780105102e-02
3.071695401150916285e-02 6.740377473061097413e-02
3.071722693912424043e-02 6.740145889491015729e-02
3.071782918128860077e-02 6.739154694566568127e-02
3.071959683475950983e-02 6.738458959473883625e-02
3.072148179255060341e-02 6.732868877489928128e-02
3.072148423047898688e-02 6.732862101197861771e-02
3.072694917113565072e-02 6.728721908234121252e-02
3.072884093115490350e-02 6.727553135855747490e-02
3.072964715448200587e-02 6.725130777191000442e-02
3.072978733690903339e-02 6.725077650359922998e-02
3.072978733690904032e-02 6.725073979323856199e-02
3.073069302925024796e-02 6.723943167477806904e-02
3.073084707456163328e-02 6.715130821430068120e-02
3.073716319056573817e-02 6.711871742493709381e-02
3.073853971783360381e-02 6.711776304052209652e-02
3.073957615964904855e-02 6.710522181071633396e-02
3.073957615964905549e-02 6.710342131565963375e-02
3.074178079255840412e-02 6.708647394079014781e-02
3.074252928543987767e-02 6.707929619076333227e-02
3.074347299041678069e-02 6.707280419743273658e-02
3.074627010000097888e-02 6.705045364566492028e-02
3.074712225625748224e-02 6.704008716107057175e-02
3.074848377583238798e-02 6.694308579813698645e-02
3.074848377583240186e-02 6.694263470561689910e-02
3.075304366739705850e-02 6.690872706684193594e-02
3.075422245620395428e-02 6.690384805079097053e-02
3.075553665575382276e-02 6.689742092340994484e-02
3.075893517889922296e-02 6.685342101062573261e-02
3.076023770299231991e-02 6.684388884844907897e-02
3.076040584183164020e-02 6.684202257413764114e-02
3.076490026438664926e-02 6.683442181289735162e-02
3.076641754229917508e-02 6.682838306684903140e-02
3.076748995957943530e-02 6.681699087050073371e-02
3.076939631581624909e-02 6.678394116860476848e-02
3.076948473726230648e-02 6.678304542753292494e-02
3.077315414554251255e-02 6.670223107177447597e-02
3.077843993050876498e-02 6.662131843161880895e-02
3.078584795837883623e-02 6.661397754141019922e-02
3.078720790519319517e-02 6.659952042092173730e-02
3.078729254364088314e-02 6.658749105613304131e-02
3.079017551443659004e-02 6.657971531072542914e-02
3.079325220530406901e-02 6.654222744682039559e-02
3.079604742660710034e-02 6.653284764085524994e-02
3.079872701482847322e-02 6.649382762689917681e-02
3.080054926830332745e-02 6.647629964400453284e-02
3.080111572701898365e-02 6.647082351453202642e-02
3.080111843287228895e-02 6.647081053772868620e-02
3.080183054268447948e-02 6.646419905631228975e-02
3.080223228649761266e-02 6.646392177278273583e-02
3.080319285904634455e-02 6.644093730140553100e-02
3.080807253565806536e-02 6.640481959239533105e-02
3.081092434669352453e-02 6.637371610489287144e-02
3.081099803363280057e-02 6.637343526122277404e-02
3.081682115610428346e-02 6.632839134600940212e-02
3.081726399543564116e-02 6.632819322276362062e-02
3.081825970129492206e-02 6.630978609458551554e-02
3.081825970129492553e-02 6.630963240257553570e-02
3.081917613893296257e-02 6.618401390955863661e-02
3.081944494899011358e-02 6.618161728043939207e-02
3.082388375817404422e-02 6.614270695523319366e-02
3.082398729427463652e-02 6.614176020241561982e-02
3.084214414128794851e-02 6.613556328598513279e-02
3.084424666647724370e-02 6.612939654861191285e-02
3.084507476729657707e-02 6.609516069711246500e-02
3.084601618506376333e-02 6.605970237574650128e-02
3.085228692700418829e-02 6.600904665804248339e-02
3.085440408177245880e-02 6.598478216077628689e-02
3.085443463351940710e-02 6.598460769161310080e-02
3.085526856222528189e-02 6.596364638575595574e-02
3.086010146097058898e-02 6.588956940128420925e-02
3.086560501712240848e-02 6.587616921662917124e-02
3.086657480356987462e-02 6.586625325104213113e-02
3.087624983948958346e-02 6.585239646159371518e-02
3.087632122744287527e-02 6.583460766454506119e-02
3.087634835981762152e-02 6.582482550665991194e-02
3.088221989829654374e-02 6.581517887555654589e-02
3.088247016134692408e-02 6.581157434907866643e-02
3.088325487383184256e-02 6.580452688176709197e-02
3.088332373503869036e-02 6.570278562765180519e-02
3.088369856373602423e-02 6.569759424310329943e-02
3.088370067963663521e-02 6.569717799103858002e-02
3.088415979985311213e-02 6.565793829738764131e-02
3.089113548388621594e-02 6.560714968719057183e-02
3.089471116175367821e-02 6.558104226327761410e-02
3.091032833350726428e-02 6.555809631175092689e-02
3.091190692542612403e-02 6.545880693581414278e-02
3.092498495556054994e-02 6.536482624979957079e-02
3.092510110919622496e-02 6.536395621017242197e-02
3.093232424615352180e-02 6.532928733416555611e-02
3.093232424615352874e-02 6.532764428851996208e-02
3.093232424615353221e-02 6.531900769883305924e-02
3.094572807959825381e-02 6.531707537185670043e-02
3.094573555142737450e-02 6.531704433534474274e-02
3.094707496800279400e-02 6.530472613983585861e-02
3.094758240587475867e-02 6.519999221089783914e-02
3.096583255252295663e-02 6.519364157853747843e-02
3.096986481199973107e-02 6.518533777408733187e-02
3.097370836225544002e-02 6.517135374146471039e-02
3.097458015495501218e-02 6.516933643538003196e-02
3.097734288542963732e-02 6.516019616685060634e-02
3.097813260259120460e-02 6.512642658525689965e-02
3.097815414560901870e-02 6.512621230113715964e-02
3.098064666545994467e-02 6.511853799352539107e-02
3.098221919717994433e-02 6.507787889931178349e-02
3.098273246313476559e-02 6.507468579399537656e-02
3.098530441685910450e-02 6.506880414493715348e-02
3.098616012577568371e-02 6.506347188105124357e-02
3.098642383009543588e-02 6.505148986857202387e-02
3.098642805457115304e-02 6.505144626638419136e-02
3.098669352218851383e-02 6.505030675607596791e-02
3.098705534558206243e-02 6.504187583338626177e-02
3.099003195730789736e-02 6.502001898173577488e-02
3.099400869149687016e-02 6.500989115913884120e-02
3.099835733019876138e-02 6.498370545193603298e-02
3.099887450891224486e-02 6.498178184728635454e-02
3.100048117386953669e-02 6.496607902072527863e-02
3.100627960770167141e-02 6.495248567582168064e-02
3.100668658123061430e-02 6.495105944525389474e-02
3.100710399947486165e-02 6.494764100247897576e-02
3.100726012352851210e-02 6.494664162965299581e-02
3.100879894318889218e-02 6.492891971678833862e-02
3.101085104592930103e-02 6.480754780030599516e-02
3.102915661332372732e-02 6.479827233570251144e-02
3.103199036485835074e-02 6.477871480002515836e-02
3.103226703185344229e-02 6.477783742335839479e-02
3.103249824846109062e-02 6.477614099810190262e-02
3.103766686374077183e-02 6.477148501135043812e-02
3.103857833591618098e-02 6.474745857904466717e-02
3.104134150032295675e-02 6.474584185807828740e-02
3.104142234461474553e-02 6.473431180966038312e-02
3.104427034471861357e-02 6.472631739611706125e-02
3.104637374831708055e-02 6.471781267259450743e-02
3.104828765313059902e-02 6.466162929911625779e-02
3.106126575460984793e-02 6.464187988612229985e-02
3.106147709094342693e-02 6.463446702550833256e-02
3.106217507137817510e-02 6.462529598640892603e-02
3.106713236440210996e-02 6.461770014874421153e-02
3.106985644142873371e-02 6.461003461509057244e-02
3.107060795134843761e-02 6.459080215503291977e-02
3.107066065741221142e-02 6.458451649315526122e-02
3.107217811798556814e-02 6.458284708370694294e-02
3.107217811798557161e-02 6.457635006516643239e-02
3.107403661851771901e-02 6.455561093814835005e-02
3.107824104218310374e-02 6.453927937421131966e-02
3.108402404316936568e-02 6.449673676163888980e-02
3.108404895961039763e-02 6.449612179455760375e-02
3.108404895961040804e-02 6.447668190543884292e-02
3.108962889054406667e-02 6.446686749977391384e-02
3.109241227324317097e-02 6.445249128436711383e-02
3.109662190596061693e-02 6.442548497081934666e-02
3.109663853540366868e-02 6.442541710758034612e-02
3.109668128152580022e-02 6.442485186057143876e-02
3.109763854375656791e-02 6.442395987244585454e-02
3.110118207946073118e-02 6.441459492789476660e-02
3.110334298988925300e-02 6.439833594158060615e-02
3.110389024321751419e-02 6.439238537945077279e-02
3.110401727973650943e-02 6.439155958822807835e-02
3.110728892701231096e-02 6.438119523111962561e-02
3.110818242176670301e-02 6.436596634570496134e-02
3.111991809173579246e-02 6.433074000810344584e-02
3.112318033773073256e-02 6.430525118588900635e-02
3.112338071470946085e-02 6.429326139496796544e-02
3.112699501924617515e-02 6.428333430250801617e-02
3.113453799137736594e-02 6.427141496528776532e-02
3.113453947800184224e-02 6.427110790479009794e-02
3.113536914964904270e-02 6.424648008444842906e-02
3.113538458078409649e-02 6.423705728376015445e-02
3.113684413062742587e-02 6.421964382866411636e-02
3.113717836614541407e-02 6.421715380073482471e-02
3.114444956158816599e-02 6.421127146810365338e-02
3.114544122379116209e-02 6.420806789763629230e-02
3.114903092709423588e-02 6.416214299276119803e-02
3.115148331179567673e-02 6.414951801830270917e-02
3.115258482383143762e-02 6.412629089619659162e-02
3.115772378276810209e-02 6.411908152247368375e-02
3.116354782826711439e-02 6.411573086366166574e-02
3.116373508811770207e-02 6.410814374679270344e-02
3.116373508811771248e-02 6.410796028639727251e-02
3.116376792032519646e-02 6.410778129460249775e-02
3.116461690811070384e-02 6.401606537215820403e-02
3.116467097305176265e-02 6.401499178596137263e-02
3.116556996616122108e-02 6.401242349073206495e-02
3.116560805610851109e-02 6.401162993779316301e-02
3.116561723663923561e-02 6.401157778688439104e-02
3.116562712888068867e-02 6.401154471208687913e-02
3.116565516732607705e-02 6.401115818467803531e-02
3.116565516732608052e-02 6.401115199686385759e-02
