# x	y
3.020213009662492745e-02 9.177180145637402198e-02
3.020218366194203988e-02 9.160041411284164381e-02
3.020218366194204335e-02 9.158517790199925679e-02
3.020218372961185060e-02 9.158515140742008731e-02
3.020222437574767230e-02 9.149248780733976183e-02
3.020255892574806242e-02 9.123024045978463115e-02
3.020339319419577256e-02 9.119858052435481088e-02
3.020339319419577603e-02 9.111000429921613242e-02
3.020454132248553622e-02 9.108197278175755862e-02
3.020454132248553969e-02 9.107390505589516017e-02
3.020472861718929980e-02 9.107309836293524252e-02
3.020552076719869652e-02 9.072872552694657977e-02
3.020584719503760507e-02 9.068260832897302726e-02
3.020662942950155458e-02 9.063542117170902968e-02
3.020705504278526840e-02 9.057197521575367782e-02
3.020798243863626747e-02 9.034250217553035922e-02
3.020802466974819786e-02 9.033697903390869310e-02
3.021039750817508529e-02 9.031347371583682559e-02
3.021087130201013590e-02 9.025942880596708739e-02
3.021090102217301870e-02 9.025632869755674526e-02
3.021141771621540725e-02 9.014558926809421169e-02
3.021170378924078331e-02 9.004835435254633647e-02
3.021193803937420597e-02 9.002540547242664226e-02
3.021230986916896219e-02 8.992695121976297667e-02
3.021230998038122728e-02 8.992691880897599188e-02
3.021444470404582167e-02 8.977731137548174145e-02
3.021484380915717347e-02 8.976655008962390603e-02
3.021484380915717693e-02 8.969579270854573239e-02
3.021726395352006961e-02 8.965827628305383934e-02
3.021785790207389202e-02 8.964344619374192691e-02
3.021785790207389549e-02 8.964316639532707298e-02
3.021836805349778499e-02 8.960668963925803865e-02
3.021900058238852563e-02 8.956172649121389717e-02
3.021995060067349248e-02 8.949674879436878006e-02
3.022014110301797507e-02 8.942535135281387548e-02
3.022014110311337098e-02 8.942519573803051069e-02
3.022119076638482907e-02 8.940927661207330457e-02
3.022220219770860999e-02 8.935171970283853349e-02
3.022380407922063000e-02 8.929108119002217292e-02
3.022442024877259117e-02 8.926321147947316459e-02
3.022442024877259464e-02 8.926320691410664920e-02
3.022544538809055978e-02 8.926178472124168817e-02
3.022590421323929216e-02 8.906502764309050246e-02
3.022735709164376186e-02 8.894371186070294810e-02
3.022846843991405102e-02 8.891606431946123823e-02
3.023046011865338639e-02 8.885189519272684855e-02
3.023125244728361999e-02 8.868659424777632083e-02
3.023130366587154991e-02 8.867301658056180036e-02
3.023307179157528821e-02 8.863390188229583466e-02
3.023462572014636029e-02 8.861110648297662595e-02
3.023674047841701587e-02 8.855187871725898885e-02
3.023724284705187754e-02 8.849936991241107165e-02
3.023724284705188448e-02 8.849929604868934929e-02
3.023846637898873480e-02 8.846080584962633109e-02
3.023846637898874173e-02 8.846074611883805727e-02
3.023856717482419770e-02 8.844740610611241671e-02
3.023900425930213867e-02 8.843668058666542819e-02
3.023922875062147464e-02 8.842612958692340486e-02
3.023991809720160198e-02 8.839151979167739204e-02
3.023991929124009853e-02 8.839100317710379962e-02
3.024046328819109813e-02 8.837488654720720982e-02
3.024173690674877152e-02 8.825523313905994649e-02
3.024173691595487962e-02 8.825521887666368248e-02
3.024234877488110942e-02 8.824701968745568559e-02
3.024306774785568558e-02 8.824142481745997357e-02
3.024314351936435025e-02 8.820856777602652243e-02
3.024314351936435719e-02 8.820853417735914637e-02
3.024338340765134539e-02 8.820721031281997249e-02
3.024465421542124610e-02 8.815687037245585611e-02
3.024497468486121374e-02 8.814452715641681035e-02
3.024581063341640411e-02 8.809459413615461365e-02
3.024926865935287715e-02 8.793154800343573607e-02
3.025009488229402077e-02 8.789770834920467013e-02
3.025022828707103761e-02 8.789493341459113374e-02
3.025106742692921374e-02 8.787493868781696971e-02
3.025106742692921721e-02 8.787493559606507354e-02
3.025195698814631823e-02 8.782272845126314065e-02
3.025195698814632517e-02 8.782272824488794594e-02
3.025196908655712960e-02 8.782252140733808055e-02
3.025236493101189986e-02 8.778292283916010186e-02
3.025660405123536956e-02 8.763397017695032098e-02
3.025805862178300096e-02 8.760459342940310479e-02
3.025871811948019352e-02 8.759517713171625919e-02
3.025872125874496527e-02 8.759324519672177789e-02
3.025872125874497220e-02 8.759324519407744869e-02
3.025872125874497567e-02 8.759324516430620766e-02
3.025872807828813849e-02 8.759318706991153780e-02
3.025872807828814542e-02 8.759318706258843734e-02
3.025897021466457740e-02 8.758093934466226749e-02
3.025900207708482822e-02 8.758061615525489230e-02
3.026069459271860107e-02 8.714800678685181989e-02
3.026072592434466552e-02 8.714712520288044051e-02
3.026082386394799914e-02 8.618116360507083185e-02
3.026082881216874201e-02 8.616379999675573276e-02
3.026082881216874895e-02 8.616379984645897161e-02
3.026087438212570271e-02 8.613460325448803190e-02
3.026088757868857643e-02 8.608006999223917488e-02
3.026119829417983978e-02 8.590535513071480278e-02
3.026150739720819341e-02 8.580082683288441092e-02
3.026152495012843224e-02 8.575915375015981390e-02
3.026153485820001765e-02 8.573621059015698598e-02
3.026241104254281250e-02 8.554758211119276035e-02
3.026284523835422180e-02 8.551298510312377310e-02
3.026296398320759556e-02 8.549317304641410042e-02
3.026355798512319131e-02 8.544780412546533477e-02
3.026429804110976687e-02 8.538380384176193216e-02
3.026449043777022091e-02 8.538008300216348712e-02
3.026449044005617706e-02 8.535933863152442291e-02
3.026470772143223173e-02 8.529571756971089658e-02
3.026470772143223867e-02 8.529571666032152721e-02
3.026503696974419677e-02 8.527701672374859987e-02
3.026598460464225218e-02 8.524288763827315984e-02
3.026627103454588436e-02 8.515896385018202619e-02
3.026644070553045907e-02 8.510554001577728955e-02
3.026781053746878739e-02 8.500809760228252021e-02
3.026944972851594931e-02 8.496052551183295998e-02
3.027058642474482128e-02 8.480411692331289719e-02
3.027058666712799384e-02 8.471497875897557317e-02
3.027058666712800078e-02 8.471495644756860122e-02
3.027230294124827470e-02 8.469751051155055555e-02
3.027237649594597541e-02 8.467228389952334566e-02
3.027237675645235576e-02 8.467206792507302182e-02
3.027287568852641414e-02 8.450949091341687647e-02
3.027287568852642108e-02 8.450949089000277248e-02
3.027489243077678693e-02 8.450816740495058210e-02
3.027568030291788795e-02 8.444133782344992456e-02
3.027617621590591654e-02 8.438048985744221742e-02
3.027627021438346333e-02 8.437909750819061472e-02
3.027640935704290284e-02 8.432526848959745469e-02
3.027647009858553187e-02 8.425412491028035078e-02
3.027841163287636750e-02 8.415650402494032067e-02
3.028010447920448725e-02 8.411943299618934722e-02
3.028128962290816545e-02 8.410169425931805776e-02
3.028214945170743314e-02 8.403664618176927281e-02
3.028322607239080158e-02 8.398056274751526662e-02
3.028334429360632699e-02 8.397450173309682631e-02
3.028457078928171314e-02 8.381561125751081642e-02
3.028489326390712555e-02 8.380250002065661730e-02
3.028520831332456864e-02 8.379612938394916111e-02
3.028539236702109533e-02 8.379315358737783603e-02
3.028539236702109880e-02 8.379315353767886887e-02
3.028795406842786295e-02 8.371612562853145145e-02
3.028811851817229603e-02 8.370909398402175128e-02
3.028884559126536133e-02 8.367799638227860215e-02
3.029057698486225386e-02 8.367120878719766508e-02
3.029064407583737656e-02 8.365145523241167280e-02
3.029181410006808947e-02 8.357819319894768673e-02
3.029182837866826669e-02 8.348774864506729176e-02
3.029306831192072128e-02 8.343687104887281825e-02
3.029493356328911979e-02 8.338054023315930041e-02
3.029493356328913020e-02 8.338054007571447934e-02
3.029503953048028053e-02 8.336062787858967982e-02
3.029860749483588925e-02 8.322242914787381096e-02
3.030081538266626850e-02 8.315723816755726805e-02
3.030138337689051303e-02 8.312145385270598708e-02
3.030359803864142096e-02 8.305837619973069352e-02
3.030548283782232358e-02 8.297563037248265050e-02
3.030656108617735961e-02 8.294447167693033696e-02
3.030656108617736308e-02 8.294442368103834007e-02
3.030673928715924004e-02 8.293598822212513988e-02
3.030678575355926288e-02 8.293304722419345132e-02
3.030693860741515491e-02 8.293010124099857439e-02
3.030879722181360411e-02 8.283457016670202344e-02
3.031017353003176776e-02 8.282723501601130245e-02
3.031017353005915904e-02 8.282723472941060094e-02
3.031017353008010062e-02 8.282723463826345556e-02
3.031127422611543804e-02 8.279256618937663736e-02
3.031569369281510509e-02 8.274528475510192771e-02
3.031591422555023063e-02 8.273863943247392050e-02
3.031641800150242788e-02 8.272399564545773742e-02
3.031706048337480530e-02 8.261715266682317926e-02
3.031775704560142268e-02 8.210781898313845861e-02
3.031871892113550612e-02 8.208741567169924869e-02
3.031922495090478772e-02 8.204716231396094739e-02
3.031952108762545062e-02 8.188508494922418224e-02
3.031989471251890500e-02 8.182604624489971112e-02
3.032020840799514588e-02 8.181903755025887737e-02
3.032020844702127196e-02 8.181887320090901194e-02
3.032060567705670631e-02 8.167381297129876205e-02
3.032060567707490009e-02 8.153295839603072470e-02
3.032074504167969059e-02 8.152136684691389801e-02
3.032074504167970100e-02 8.152136680867068386e-02
3.032129309973926809e-02 8.147144516857783569e-02
3.032131457889410825e-02 8.135573461644428350e-02
3.032139329508996492e-02 8.134513125960632363e-02
3.032245246280758366e-02 8.131956570556321540e-02
3.032288360949509168e-02 8.116850671952832719e-02
3.032419710878990829e-02 8.112063913535673410e-02
3.032521312289162066e-02 8.108893422733595702e-02
3.032680518691735147e-02 8.103610544632916524e-02
3.032695705682359605e-02 8.088939195726073395e-02
3.032718402289951223e-02 8.086699766811977774e-02
3.032800086234078291e-02 8.080477975970859483e-02
3.032951679428586012e-02 8.079273742307074846e-02
3.032963875542124543e-02 8.060806960852164027e-02
3.033112325255502006e-02 8.059940130363700550e-02
3.033218586226245350e-02 8.045107710627594222e-02
3.033342644604408375e-02 8.038050431305093779e-02
3.033477459588692152e-02 8.030741050299027017e-02
3.033884490161291650e-02 8.020545802196828167e-02
3.033891029774811107e-02 8.014979021347126698e-02
3.033992687537490768e-02 8.013289900932553389e-02
3.033994011185471226e-02 8.012802376270089511e-02
3.034261736038562987e-02 8.006638008993453848e-02
3.034300822108950899e-02 8.002288980617366931e-02
3.034359941902783214e-02 7.996319672141678769e-02
3.034359941902783561e-02 7.996319579163968516e-02
3.034425175968034905e-02 7.993872181089520246e-02
3.034530404028432105e-02 7.990594601782526063e-02
3.034540298551254359e-02 7.989130205566037646e-02
3.034656462206307762e-02 7.987575943755023666e-02
3.034667507574771370e-02 7.987142848029617215e-02
3.035004947434620168e-02 7.986127927680446159e-02
3.035004947586883092e-02 7.986123618426282933e-02
3.035013415163050066e-02 7.984576163340642574e-02
3.035045500227926893e-02 7.977892906752849511e-02
3.035073524187783048e-02 7.972963158283537244e-02
3.035073524187784783e-02 7.972958479822250810e-02
3.035074333751415845e-02 7.972802056101446766e-02
3.035110638225282237e-02 7.967069831537526570e-02
3.035131320600155391e-02 7.964273320281803348e-02
3.035178102868953814e-02 7.963533437577706431e-02
3.035199067686904922e-02 7.962055578494388330e-02
3.035199067686905269e-02 7.961172199425817220e-02
3.035288888708199961e-02 7.950764024384812667e-02
3.035288888708200308e-02 7.950763534069105187e-02
3.035438882859158721e-02 7.931301538950853713e-02
3.035452365078030942e-02 7.930080625706213693e-02
3.035478933916801667e-02 7.926358254614221388e-02
3.035532974010489785e-02 7.925282966004712493e-02
3.035552316953188043e-02 7.920184085968447196e-02
3.035682141792640440e-02 7.915014454679022982e-02
3.035697666101191960e-02 7.910598283777160733e-02
3.035699010886762014e-02 7.908813939353080691e-02
3.035699010886762708e-02 7.908805520279384160e-02
3.035733482810603831e-02 7.906193237317894751e-02
3.035813489501146961e-02 7.902347603415608990e-02
3.035813489501147308e-02 7.902345941214405922e-02
3.035919204524203940e-02 7.899543667983728590e-02
3.035919905127826973e-02 7.899480616460922977e-02
3.036167980547072737e-02 7.887515229033134623e-02
3.036168774025152853e-02 7.887488560775733626e-02
3.036243634132481523e-02 7.886778089257447111e-02
3.036381851987739883e-02 7.872753690377516655e-02
3.036391251215035322e-02 7.872736860962722960e-02
3.036438430621613699e-02 7.870189007459793551e-02
3.036439027851373443e-02 7.870082584900987832e-02
3.036441504869493227e-02 7.869064839704000003e-02
3.036458250919302562e-02 7.862987767864279554e-02
3.036551345952439793e-02 7.862985682481389571e-02
3.036602576179409790e-02 7.855797434791916833e-02
3.036743090395090452e-02 7.849067885133871603e-02
3.036743090413530910e-02 7.849067880132375163e-02
3.036744625509919457e-02 7.848505206162259551e-02
3.036769049386177019e-02 7.847641962132335947e-02
3.036868780802443046e-02 7.843317973746799510e-02
3.036871522588974540e-02 7.843174273395052409e-02
3.037153592504803976e-02 7.837343159087914457e-02
3.037153976995200441e-02 7.830941567156710081e-02
3.037153976995200788e-02 7.830918571642439541e-02
3.037170100276087234e-02 7.825277908914084202e-02
3.037231914551203130e-02 7.822075658239269202e-02
3.037231914830801696e-02 7.822074728332509275e-02
3.037231957171415350e-02 7.822050445802131158e-02
3.037381935257892768e-02 7.821625090920866774e-02
3.037409569411373897e-02 7.820529723211834539e-02
3.037443580365865523e-02 7.818471523315055627e-02
3.037636216075676604e-02 7.811764260192173570e-02
3.037636216075677298e-02 7.811764259391609788e-02
3.037691977766800513e-02 7.806523804391198029e-02
3.037696113722694602e-02 7.805175947096393285e-02
3.037826092977459827e-02 7.801269718848494183e-02
3.037939387026934723e-02 7.797122975024810276e-02
3.038100347505158852e-02 7.789236298054577623e-02
3.038216297909330718e-02 7.778582183886180446e-02
3.038635721198573031e-02 7.775809041004087818e-02
3.038887072360494171e-02 7.759642299874634774e-02
3.038889616244928871e-02 7.753506111537576684e-02
3.039138264519689395e-02 7.751315248369411437e-02
3.039138264519690089e-02 7.751314383461979651e-02
3.039183066478489889e-02 7.750391018922417330e-02
3.039252268181573402e-02 7.734354857075720346e-02
3.039276936181699307e-02 7.725010213714317286e-02
3.039383256068099379e-02 7.722893504704242407e-02
3.039586835398921591e-02 7.720769755216176644e-02
3.039654912175418153e-02 7.706651612512040173e-02
3.039738647785625303e-02 7.698382304168786827e-02
3.039833820214471113e-02 7.696315565538359993e-02
3.039980775273895541e-02 7.695578238740961863e-02
3.039980775273895888e-02 7.695578105775688349e-02
3.039980776934785023e-02 7.695575895592945970e-02
3.040042487184369674e-02 7.691821102740922789e-02
3.040042695544582091e-02 7.691820080189408493e-02
3.040046169425076120e-02 7.691600692343379675e-02
3.040214278711724991e-02 7.681944212977767639e-02
3.040252582233405818e-02 7.680943849388674471e-02
3.040262818073720744e-02 7.680364575225263890e-02
3.040327404674887310e-02 7.677205484857407836e-02
3.040342375796775687e-02 7.676360878315263703e-02
3.040581248641681736e-02 7.671780150686098587e-02
3.040620691290298397e-02 7.669769851080868173e-02
3.040642455986702908e-02 7.659854454858605610e-02
3.040785221918764283e-02 7.653312788899918617e-02
3.040954198416178506e-02 7.646411831053731567e-02
3.040954198416179199e-02 7.646410902471365012e-02
3.041174172397160397e-02 7.638901493429357814e-02
3.041237316836689977e-02 7.631217643048306132e-02
3.041411926075840086e-02 7.630573517057777366e-02
3.041425877669427444e-02 7.629275021425001302e-02
3.041477569473166262e-02 7.627567129687164160e-02
3.041566485531610464e-02 7.623490512027820964e-02
3.041566631659883835e-02 7.623460192104043742e-02
3.041591148281571483e-02 7.621662823014217769e-02
3.041693609830188258e-02 7.617296551340714539e-02
3.041808430302751082e-02 7.614955680283917727e-02
3.041899896653375152e-02 7.608746371729385727e-02
3.041944822705660439e-02 7.606916544367062216e-02
3.042114101249582259e-02 7.605085983293530250e-02
3.042292018556611022e-02 7.594688031521130978e-02
3.042379385950736911e-02 7.592333616754846914e-02
3.042428124683796420e-02 7.592088769381180602e-02
3.042575613897161718e-02 7.585885426777133622e-02
3.042603934414132155e-02 7.583827335272667891e-02
3.042705733304703480e-02 7.578986488276223676e-02
3.042706693817378086e-02 7.578868194101737177e-02
3.042708651161309119e-02 7.572644509998595341e-02
3.043072146665986438e-02 7.571830471871911217e-02
3.043132369885655567e-02 7.568317697822404821e-02
3.043132369885656607e-02 7.568317696529230920e-02
3.043236572328984063e-02 7.565949575381382408e-02
3.043385952565521094e-02 7.565355081610591892e-02
3.043411766095194954e-02 7.564804709109784753e-02
3.043538562954154619e-02 7.563235386834098184e-02
3.043570292797358537e-02 7.557017589924858170e-02
3.043578133376192638e-02 7.556034178979428861e-02
3.043797693517528644e-02 7.550106987516323753e-02
3.043797693517529337e-02 7.550067473691707276e-02
3.043862724079635096e-02 7.540055060861072800e-02
3.043903208199915875e-02 7.536580567752412807e-02
3.043903208204837285e-02 7.536580034986345433e-02
3.044011731554778152e-02 7.535426349085461162e-02
3.044172754041184550e-02 7.529362741482478749e-02
3.044413013273580132e-02 7.524633746575891402e-02
3.044535130544921003e-02 7.519975870920311833e-02
3.044660992762493815e-02 7.516429056036025291e-02
3.044788202342008782e-02 7.512904341186329993e-02
3.044976559570421876e-02 7.507358801852591357e-02
3.045148993494900536e-02 7.503213913576396721e-02
3.045477903222842606e-02 7.499437464361501104e-02
3.045477903222843646e-02 7.499437463579496088e-02
3.045484332683768072e-02 7.499400975341453945e-02
3.045820313759035197e-02 7.494113141932197408e-02
3.045993290850849272e-02 7.483647820677055695e-02
3.046071898090339444e-02 7.480199114232785607e-02
3.046221244033382736e-02 7.476682265354710200e-02
3.046632021129667273e-02 7.470394826441494052e-02
3.047138626074797838e-02 7.459246130348048953e-02
3.047424152313842408e-02 7.446226255301362229e-02
3.047424152321589683e-02 7.446226255271659600e-02
3.047424152321590377e-02 7.446226252935249368e-02
3.047655121327075972e-02 7.445905207154758509e-02
3.048124511431382980e-02 7.443555541168953016e-02
3.048242165569733236e-02 7.435122882562621160e-02
3.048393229809637228e-02 7.434933988097242041e-02
3.048422512033436421e-02 7.431519759672863823e-02
3.048930783129034233e-02 7.420699130328610449e-02
3.049139854216981194e-02 7.417854575878643497e-02
3.049234752328836007e-02 7.417135012009366812e-02
3.049376411661667771e-02 7.412158873636263967e-02
3.049502979619988022e-02 7.408365991391160921e-02
3.049798508813008485e-02 7.404464834309561205e-02
3.049829362756508941e-02 7.403915568471368391e-02
3.050040024644195755e-02 7.400217640960234100e-02
3.050040024644196449e-02 7.400217610899470499e-02
3.050040024644196796e-02 7.400217542587836372e-02
3.050200979599445444e-02 7.399605360681142663e-02
3.050574213372350685e-02 7.393013590606627161e-02
3.051171524433091836e-02 7.381778665862655242e-02
3.051238435716072117e-02 7.380103155195816278e-02
3.051320030665267968e-02 7.379860779440282348e-02
3.051443751322040557e-02 7.376623638577550768e-02
3.051464583951479445e-02 7.376020828658322315e-02
3.051587170836684432e-02 7.374420541078230418e-02
3.052440032131970363e-02 7.372311079024897185e-02
3.052502799336303391e-02 7.360242654007301266e-02
3.052630320622827520e-02 7.357386649783126398e-02
3.052630320626319171e-02 7.357378113177404089e-02
3.052771210629367724e-02 7.356341025517626475e-02
3.052794247491032523e-02 7.355989312703034577e-02
3.052815086224109145e-02 7.355672011820703349e-02
3.052966143520563849e-02 7.353381245858395254e-02
3.053171333178698876e-02 7.349656302324096557e-02
3.053171333178699223e-02 7.349656290700951056e-02
3.053171333185069475e-02 7.349656287806732857e-02
3.053284277020876236e-02 7.348637393903309500e-02
3.053333126729942254e-02 7.348286621893893034e-02
3.053382358726331250e-02 7.347017508573373823e-02
3.053517966072201439e-02 7.346379249282275481e-02
3.053925797732063435e-02 7.340467492250707382e-02
3.054144416693805805e-02 7.335220479364201740e-02
3.054144416693806152e-02 7.335212298975196665e-02
3.054213944997087593e-02 7.334596226333421620e-02
3.054271727211053944e-02 7.334150915010617666e-02
3.054272838899825190e-02 7.334142956518012457e-02
3.054285392761652007e-02 7.334054420635097160e-02
3.054313388650163608e-02 7.334013858521355733e-02
3.054333702178710017e-02 7.333745078467167333e-02
3.054494146789417039e-02 7.332320719674055576e-02
3.054646812974657483e-02 7.331396303948130300e-02
3.054695771964045098e-02 7.328273936568112379e-02
3.054932002485999040e-02 7.327433882965329881e-02
3.054957471363580965e-02 7.325857231640321710e-02
3.054979150165247279e-02 7.323916823163391376e-02
3.055458521328255350e-02 7.317811799021592400e-02
3.055458521328255697e-02 7.317811794953263393e-02
3.055713648890521356e-02 7.314588066302814273e-02
3.055864949687787241e-02 7.312368350843856390e-02
3.055967504020144776e-02 7.311168042421155311e-02
3.056330497928290077e-02 7.309336323717111061e-02
3.056603160257379687e-02 7.302024135920309744e-02
3.056843820469609327e-02 7.300000762368644147e-02
3.057280242479007426e-02 7.294833559262020595e-02
3.057685719366986035e-02 7.288955918805456458e-02
3.057738378856349887e-02 7.288315903939228402e-02
3.057982858214092908e-02 7.284628282033209223e-02
3.058136622154988132e-02 7.283402218805061501e-02
3.058203653577205861e-02 7.282444335376959954e-02
3.058264229475422813e-02 7.281782031667553834e-02
3.058292073839460543e-02 7.281438703992257344e-02
3.058886618028815174e-02 7.121570978770901117e-02
3.058930048315111963e-02 7.067230414123581994e-02
3.058930048315502970e-02 7.067230409544149328e-02
3.058930048315503664e-02 7.067230409540188607e-02
3.058938976211161495e-02 7.066631477457709087e-02
3.058950789784142116e-02 7.064088911340886401e-02
3.058989537903164524e-02 7.061480758621235809e-02
3.059061291362550825e-02 7.050505268658059654e-02
3.059324731107918374e-02 7.048678951029536954e-02
3.059324731107918721e-02 7.048645505594676453e-02
3.059351505406790114e-02 7.045333955121241276e-02
3.059367298759129578e-02 7.042785203586987564e-02
3.059378577920158007e-02 7.041423262965615382e-02
3.059383098085246416e-02 7.039829700305118287e-02
3.059386616742197640e-02 7.039395696772957067e-02
3.059443833599592710e-02 7.032837859489154964e-02
3.059472243976071176e-02 7.031484795696227308e-02
3.059480643608736977e-02 7.029055370198213082e-02
3.059489800832510681e-02 7.029031102481296533e-02
3.059525352265064085e-02 7.025563752974108012e-02
3.059525355948553363e-02 7.025562877053263822e-02
3.059557844588253750e-02 7.022947813436349052e-02
3.059559795634585883e-02 7.022511724352109574e-02
3.059597015526021799e-02 7.020310156308096072e-02
3.059680872732176496e-02 7.013712080711265173e-02
3.059736309279919436e-02 7.010292637143480943e-02
3.059741393825265651e-02 7.009152704627147346e-02
3.059784088536426222e-02 7.005665884999189019e-02
3.059857239797379724e-02 7.000450197882897296e-02
3.059860893569496532e-02 7.000223683582722234e-02
3.059860893569497572e-02 7.000219054972303678e-02
3.059895084006875390e-02 6.998636775601600746e-02
3.059939089306868906e-02 6.993765003257794433e-02
3.059980585605277109e-02 6.993726852632288493e-02
3.060010515860657476e-02 6.993133687339331273e-02
3.060091405641574350e-02 6.986622044455502445e-02
3.060123658258801296e-02 6.985963752282819961e-02
3.060123658258801990e-02 6.985963528287415791e-02
3.060131115335042520e-02 6.985484095741370525e-02
3.060134111667504181e-02 6.985396007229485726e-02
3.060234811419827033e-02 6.973305502361072661e-02
3.060274301115527285e-02 6.972470760773175069e-02
3.060379794283685576e-02 6.971961927850091334e-02
3.060379794283686269e-02 6.971961927315238616e-02
3.060379794283686616e-02 6.971961927163476680e-02
3.060413231250664820e-02 6.971039076748600238e-02
3.060493338375356448e-02 6.969426174997349344e-02
3.060504002702758852e-02 6.967996783577556918e-02
3.060565545567406343e-02 6.967552377451659285e-02
3.060580218979911879e-02 6.966592850877501020e-02
3.060685381035510577e-02 6.960834990867467709e-02
3.060772804088245785e-02 6.957207924777632224e-02
3.060814033167521750e-02 6.955463008081737286e-02
3.060814355540733556e-02 6.955429489311444613e-02
3.060814355540734250e-02 6.955429428151906068e-02
3.060903734575455212e-02 6.950664613010627824e-02
3.060903734575455559e-02 6.950664601904273099e-02
3.060903734575455906e-02 6.950659072035646202e-02
3.060903770862826584e-02 6.950657871640220087e-02
3.060944989120189738e-02 6.949622951302074358e-02
3.060980260654751900e-02 6.949584810321353390e-02
3.060990719399037108e-02 6.947712160603715381e-02
3.060990735458090153e-02 6.947710285136024511e-02
3.061420169146834500e-02 6.933097975196560181e-02
3.061420171633457213e-02 6.931809524546136969e-02
3.061472282558727956e-02 6.929295272387007987e-02
3.061528052286954793e-02 6.928202527368229613e-02
3.061549408109937725e-02 6.928173343919205585e-02
3.061591916582364487e-02 6.926842917303109581e-02
3.061684016385773921e-02 6.923819413983414717e-02
3.061688026186427589e-02 6.923076237155630086e-02
3.061720384817250701e-02 6.922379833177293162e-02
3.061729112221937832e-02 6.922111928206588216e-02
3.061761558007444761e-02 6.920472577800980407e-02
3.061799565003926402e-02 6.920334528972198196e-02
3.061860817451912339e-02 6.917862784844269752e-02
3.061922246708060139e-02 6.917676293759539297e-02
3.061922247199700547e-02 6.917676293656073450e-02
3.061931295281038537e-02 6.915000673123408714e-02
3.061931344088396345e-02 6.915000532195411664e-02
3.062062604329077176e-02 6.911735184920156372e-02
3.062098102244017322e-02 6.910642089851569414e-02
3.062147301550367795e-02 6.908796128389484148e-02
3.062159362908731600e-02 6.908485490187520062e-02
3.062159362908731947e-02 6.908484010325860458e-02
3.062248041333774304e-02 6.906032596595554351e-02
3.062297810076933594e-02 6.905168897036505216e-02
3.062317341326463785e-02 6.904497556102726086e-02
3.062339784838969195e-02 6.903878269984865812e-02
3.062429699379526013e-02 6.902891783077159948e-02
3.062582643253224796e-02 6.900658104960971650e-02
3.062609953426893156e-02 6.899960601140872618e-02
3.062741650747887595e-02 6.896805450803009108e-02
3.062804572263652311e-02 6.891102616797817326e-02
3.063009082457571891e-02 6.887238056992731061e-02
3.063009082457572238e-02 6.886994963448908602e-02
3.063049930730306000e-02 6.885819619490456123e-02
3.063050336310996907e-02 6.885213640505526145e-02
3.063056608627116179e-02 6.885016379335698322e-02
3.063117998440161374e-02 6.883785394986829953e-02
3.063132470688165535e-02 6.882575045440045280e-02
3.063132470688166228e-02 6.882559594769452338e-02
3.063164157462922726e-02 6.882166777147752379e-02
3.063164741106517291e-02 6.882150678337733973e-02
3.063185465400427437e-02 6.881652633176801870e-02
3.063185484871866135e-02 6.881652416899682045e-02
3.063186609414159101e-02 6.881621401771580160e-02
3.063327081070896241e-02 6.879969861061890901e-02
3.063328901306641705e-02 6.879712674306186215e-02
3.063336086595671096e-02 6.878064422931295940e-02
3.063556699155809554e-02 6.877680713796245626e-02
3.063654027824348758e-02 6.873952604185762372e-02
3.063712883925590394e-02 6.869337704569528080e-02
3.063712887201886642e-02 6.869337675043213354e-02
3.063838312560002164e-02 6.866601678845023204e-02
3.063864984103211245e-02 6.865908377311796817e-02
3.063864984103211592e-02 6.865854014206958233e-02
3.063864984103211939e-02 6.865402239145752816e-02
3.063867614000409176e-02 6.864826012628567897e-02
3.063869950158867872e-02 6.864754337172482290e-02
3.063998227749444372e-02 6.862950893141016306e-02
3.064013771348726017e-02 6.862797228077227585e-02
3.064199125224623815e-02 6.861793849889659402e-02
3.064214889949757464e-02 6.858587320409263721e-02
3.064221745365145952e-02 6.858366450556079019e-02
3.064235684756441008e-02 6.857918837409722468e-02
3.064271254674181405e-02 6.857248895881282169e-02
3.064308812031933324e-02 6.853217359130744923e-02
3.064420362185025712e-02 6.852559713566970523e-02
3.064478554180450828e-02 6.852559092397314533e-02
3.064507065540855377e-02 6.852264820211850793e-02
3.064507065548688347e-02 6.852085132426724567e-02
3.064639860476522579e-02 6.851194640823209114e-02
3.064639860476523620e-02 6.850643914396500889e-02
3.064914721669794243e-02 6.849424233109183136e-02
3.064914721669794589e-02 6.849424224369153602e-02
3.064914774782129606e-02 6.849413325746327164e-02
3.065000957978076049e-02 6.838959143854818346e-02
3.065014074489419427e-02 6.835506528398029025e-02
3.065154805795304929e-02 6.833595449965873536e-02
3.065154805795305276e-02 6.833221954709266244e-02
3.065261777515421171e-02 6.832790981133804453e-02
3.065317225717220997e-02 6.832483473454488421e-02
3.065317226038754769e-02 6.832483473306438793e-02
3.065317395594069350e-02 6.832481886619094780e-02
3.065317395654536953e-02 6.832481886224488210e-02
3.065322923735991356e-02 6.831371053661629278e-02
3.065329763483026423e-02 6.829881856630916348e-02
3.065433955494115126e-02 6.829763890713443086e-02
3.065434516518406038e-02 6.829758677559509550e-02
3.065434516518607266e-02 6.829758677315024562e-02
3.065436749491712298e-02 6.829705689569452731e-02
3.065471273920923265e-02 6.829442355498087369e-02
3.065608151954817354e-02 6.827929678486992227e-02
3.065740969582557776e-02 6.822527505970896189e-02
3.065740969607067337e-02 6.822527375735558397e-02
3.065907857035121351e-02 6.815575830180603534e-02
3.066091672612877156e-02 6.814828673818680571e-02
3.066092981482960653e-02 6.814815426203077453e-02
3.066118442783301659e-02 6.814434383762166259e-02
3.066140400378519412e-02 6.814319759091137796e-02
3.066271193883184434e-02 6.810480547890203351e-02
3.066360194693572988e-02 6.809505370632142063e-02
3.066360347574343531e-02 6.809504355274718923e-02
3.066393995705768080e-02 6.808787415377481889e-02
3.066394821031246873e-02 6.808780066700649558e-02
3.066395004432816151e-02 6.808779321293324804e-02
3.066395188936895874e-02 6.808777703742302512e-02
3.066554432555143594e-02 6.804885942191228609e-02
3.066554432555158860e-02 6.804885942017632749e-02
3.066617032548288324e-02 6.804093909234262827e-02
3.066617033288824429e-02 6.802917342755175623e-02
3.066661526284276962e-02 6.802749327245427580e-02
3.066715498981079091e-02 6.800891459316533993e-02
3.066806897033531876e-02 6.799709176782825493e-02
3.066930892029285857e-02 6.796693277776554021e-02
3.067013332277572502e-02 6.796274469111147909e-02
3.067093407789817094e-02 6.795624684682709249e-02
3.067093410444539023e-02 6.795614839463148815e-02
3.067290919274241745e-02 6.795317023546731949e-02
3.067317418147293487e-02 6.790281429338058949e-02
3.067628887698818640e-02 6.784826260111742613e-02
3.067628902168743552e-02 6.784826067510073278e-02
3.067637713721449097e-02 6.784615372982367998e-02
3.067637713723698686e-02 6.784615372963638535e-02
3.067637713724322493e-02 6.784615372957199242e-02
3.067637713726135973e-02 6.784615372944874379e-02
3.067707964830240081e-02 6.780829076835617752e-02
3.067864612306655039e-02 6.779928767037338155e-02
3.067866331750486453e-02 6.779911160338671083e-02
3.067926500777644686e-02 6.776861021991752165e-02
3.068234356936160381e-02 6.776052319520377287e-02
3.068330358373652644e-02 6.776042339128074410e-02
3.068358796891920010e-02 6.774693766284131669e-02
3.068390207609074730e-02 6.774356722872530712e-02
3.068425061808684878e-02 6.773289827910057570e-02
3.068655753129058070e-02 6.772671234040029964e-02
3.068816949827338908e-02 6.769088392785285735e-02
3.068988119691528488e-02 6.766036097292314755e-02
3.069001514722773105e-02 6.764156359111600514e-02
3.069119714980030403e-02 6.762481343258539002e-02
3.069140220487559176e-02 6.758428116930007001e-02
3.069219427198032618e-02 6.757783503413702930e-02
3.069481632143869487e-02 6.756732884362755265e-02
3.069481842153444495e-02 6.753018230897957219e-02
3.069482147599554914e-02 6.753015378500866472e-02
3.069641128220480103e-02 6.751039419660614938e-02
3.069879472467413467e-02 6.749712990380593580e-02
3.069879798199265375e-02 6.748874883770912547e-02
3.069898653220220694e-02 6.748587067142829132e-02
3.069970708181075578e-02 6.747497812146173446e-02
3.069970733940387622e-02 6.747497555375062128e-02
3.069970736705030304e-02 6.747496358357256419e-02
3.069977260455296342e-02 6.746006768620693705e-02
3.069977747057123924e-02 6.745860472521551798e-02
3.070006251052082025e-02 6.745472755381182184e-02
3.070041014222542330e-02 6.745021750527394055e-02
3.070130722208838300e-02 6.743242562251475225e-02
3.070378477247310070e-02 6.739991084510130182e-02
3.070408753301297547e-02 6.739033997071720850e-02
3.070633219228878497e-02 6.737501538691857694e-02
3.070806967634858928e-02 6.736974743577237024e-02
3.070807604297412161e-02 6.736954691294649855e-02
3.070807621694751632e-02 6.736942090205452760e-02
3.070856440828382411e-02 6.735963896957783414e-02
3.070907071517369261e-02 6.735102476938495397e-02
3.070965054592040763e-02 6.735071832996185337e-02
3.071006379008341114e-02 6.734220981604360778e-02
3.071094763964501984e-02 6.730966791256573489e-02
3.071113287598171288e-02 6.730709334544243694e-02
3.071113895556941073e-02 6.729565918717576867e-02
3.071113900798472934e-02 6.729565816408812629e-02
3.071113912006807195e-02 6.729565644976304162e-02
3.071135873423148921e-02 6.729477905394586068e-02
3.071467853731675579e-02 6.724831727885142996e-02
3.071599500988013778e-02 6.722927875912783346e-02
3.071647963396979472e-02 6.722274563440885919e-02
3.071769735007464502e-02 6.720402311873076295e-02
3.071889431480032129e-02 6.718798740526869817e-02
3.072024399874120903e-02 6.717300881248575162e-02
3.072050379744616436e-02 6.716889409869031269e-02
3.072103639153634866e-02 6.715622373708125814e-02
3.072103639600924294e-02 6.715622369054195795e-02
3.072250466488527648e-02 6.714258953936277918e-02
3.072393198620300761e-02 6.711791109748350970e-02
3.072393198620301455e-02 6.711791109662726407e-02
3.072440198676838069e-02 6.711790091953261095e-02
3.072475625353348824e-02 6.709732963116096793e-02
3.072559487021102667e-02 6.708664573006378751e-02
3.072586986943880855e-02 6.708315102626948023e-02
3.072731320195674215e-02 6.706489765953149718e-02
3.073033333044743187e-02 6.704854708362271987e-02
3.073033333066100062e-02 6.704854707759003163e-02
3.073047699369196861e-02 6.704043519621721847e-02
3.073051706631805408e-02 6.704006604195286712e-02
3.073051707700442947e-02 6.704006593720815421e-02
3.073153358915762731e-02 6.701230399448648845e-02
3.073153358985475370e-02 6.701230399245590441e-02
3.073327923334046724e-02 6.700340205446152220e-02
3.073472542438534724e-02 6.698775571678898533e-02
3.073509694004579809e-02 6.698190387268634916e-02
3.073816852192591889e-02 6.697962361637034567e-02
3.073816946698301744e-02 6.697952000887820445e-02
3.073819945505022050e-02 6.697920087021858038e-02
3.073894464930589793e-02 6.697027298598327849e-02
3.073894464943202620e-02 6.696673371663776353e-02
3.073894464943202967e-02 6.696673260297561492e-02
3.073894801936121954e-02 6.696667403574414756e-02
3.073894801970642257e-02 6.696667383130919249e-02
3.073894908781362942e-02 6.696665809162706540e-02
3.073897471499420497e-02 6.696633735993243186e-02
3.073961588223063021e-02 6.692236154381608904e-02
3.073961594956164944e-02 6.692236122366949924e-02
3.073964437001448433e-02 6.691428788041904607e-02
3.074125251905389378e-02 6.690333648944613021e-02
3.074178834119842621e-02 6.690037611818480667e-02
3.074308760211946420e-02 6.687381635015329784e-02
3.074509495059247338e-02 6.685985727677890011e-02
3.074552685836066251e-02 6.685805915241362085e-02
3.074553047777148912e-02 6.685800201119922181e-02
3.074553052119144425e-02 6.685800045545105263e-02
3.074559887150474929e-02 6.685695792234346013e-02
3.074559893799373722e-02 6.685695692136819912e-02
3.074769710047214541e-02 6.683138031003230117e-02
3.074864112651797682e-02 6.682202068967835196e-02
3.074868003913130976e-02 6.680943898253696722e-02
3.074980043583098316e-02 6.680349448132094636e-02
3.074980043883909775e-02 6.680349442127500592e-02
3.075000327118894775e-02 6.679548168930665719e-02
3.075248143380361274e-02 6.677529684547503508e-02
3.075341308983416816e-02 6.675619230883890476e-02
3.075467105262381581e-02 6.674816314410327023e-02
3.075516308054075318e-02 6.674763249781900942e-02
3.075804389025050753e-02 6.674397032711194833e-02
3.075823011637946261e-02 6.671124894677632478e-02
3.076197467628040763e-02 6.670894385882332467e-02
3.076210209594242365e-02 6.670619630471388839e-02
3.076223427050952738e-02 6.670604825710441110e-02
3.076223427050953085e-02 6.670604488570441859e-02
3.076223431514252607e-02 6.667158758125719953e-02
3.076351562058873140e-02 6.665464363310093232e-02
3.076365241056203126e-02 6.665054146780305389e-02
3.076478474852948480e-02 6.664914668197069458e-02
3.076513952700861421e-02 6.663995336181402496e-02
3.076612961760942511e-02 6.663224234486499198e-02
3.076639013862336736e-02 6.662453588318148490e-02
3.076810548890365760e-02 6.659751558022007634e-02
3.076985360183498441e-02 6.659561017457135690e-02
3.076985360183498788e-02 6.659540268258172524e-02
3.076990616950411178e-02 6.658945897483697918e-02
3.076991038479360077e-02 6.658943486146835788e-02
3.076991038536396397e-02 6.658938854468111901e-02
3.077018170870976510e-02 6.658554823660907396e-02
3.077284192704271906e-02 6.657834410801805047e-02
3.077388391569795337e-02 6.654692088690412899e-02
3.077388986303520105e-02 6.654154915413793003e-02
3.077579400616648961e-02 6.652103905222456204e-02
3.077656518644579162e-02 6.651458611595113812e-02
3.077918337305455068e-02 6.649703721588046124e-02
3.077919871279619773e-02 6.649257963527821502e-02
3.077919871298736773e-02 6.649257960106717824e-02
3.077964912938944975e-02 6.648905935966728520e-02
3.077964912940689760e-02 6.648905935913992926e-02
3.078149445206663018e-02 6.647667391216169341e-02
3.078149451787999882e-02 6.647666566627817575e-02
3.078149451788158436e-02 6.647653918075524526e-02
3.078150864312894849e-02 6.647530308033627877e-02
3.078212189301390150e-02 6.647026869468235233e-02
3.078527737091394170e-02 6.643330461921589936e-02
3.078536646157316314e-02 6.643184274403896028e-02
3.078679972697055678e-02 6.641386568510825039e-02
3.078682813464497792e-02 6.641227922111092585e-02
3.078712730588551230e-02 6.640729984006712994e-02
3.078712730802349307e-02 6.640729979173577713e-02
3.078712730946955856e-02 6.640729978728007743e-02
3.078712732158736184e-02 6.640729953752666503e-02
3.078780662110511615e-02 6.640638888539317219e-02
3.078780671286159704e-02 6.640638584345025242e-02
3.078784937562588711e-02 6.640567306540957893e-02
3.079261390810961521e-02 6.638361911578943841e-02
3.079305469064853515e-02 6.637942962977244621e-02
3.079338970653827320e-02 6.637450585155281468e-02
3.079341596769054334e-02 6.637424492357589523e-02
3.079367413396231004e-02 6.635645299656403595e-02
3.079378525221364987e-02 6.635461604585306261e-02
3.079379856796094633e-02 6.635418046228321043e-02
3.079523500389702920e-02 6.634462843357584461e-02
3.079740060700626725e-02 6.631519985503506187e-02
3.079895572967369932e-02 6.631180649738191435e-02
3.079925826829675931e-02 6.629051559642314129e-02
3.079997018613900989e-02 6.628349743329950416e-02
3.080199976334319772e-02 6.626912132356478635e-02
3.080200469257959178e-02 6.626904880042920609e-02
3.080317418620822506e-02 6.625811051988991784e-02
3.080472624946221580e-02 6.624522895935064382e-02
3.080563619890568788e-02 6.623150259413117247e-02
3.080792724476709085e-02 6.621360816481669520e-02
3.080898935189379725e-02 6.620006621046219120e-02
3.080923745528406019e-02 6.619938324819031605e-02
3.081052985808327080e-02 6.618929198270771808e-02
3.081235874781016251e-02 6.617596960728280853e-02
3.081263254644764360e-02 6.616797422780695825e-02
3.081375538928433910e-02 6.616041812015377444e-02
3.081425676821376164e-02 6.615589246784930877e-02
3.081433230357255582e-02 6.615334925770620378e-02
3.081505485543271222e-02 6.615163711225580112e-02
3.081520354364994732e-02 6.615012375673254286e-02
3.081638983187074202e-02 6.613483138816035611e-02
3.081638983187074549e-02 6.613483136176105670e-02
3.081693633398298673e-02 6.613467453189315892e-02
3.081951896690090023e-02 6.610883801650016545e-02
3.081951961529793768e-02 6.610881992343373148e-02
3.082034749624666670e-02 6.610408037204507092e-02
3.082034906536866223e-02 6.610331328975783960e-02
3.082034906585084597e-02 6.610331328506741100e-02
3.082058957538513083e-02 6.610206173168543808e-02
3.082059002946570953e-02 6.610194138244171458e-02
3.082179732328747465e-02 6.608980739451404685e-02
3.082247485239383855e-02 6.608574266975289491e-02
3.082334200564454396e-02 6.608359497564744722e-02
3.082527208509131672e-02 6.606140463154144826e-02
3.082527476998512747e-02 6.606056149689487622e-02
3.082527479818594415e-02 6.606056083005140689e-02
3.082527485173326351e-02 6.606054987196256778e-02
3.082562248823300308e-02 6.605786929444160127e-02
3.082651719724931530e-02 6.605131065591436645e-02
3.082670952794557689e-02 6.604874277708276675e-02
3.082698373605202713e-02 6.604460752033707027e-02
3.082767301560367101e-02 6.604234241696450847e-02
3.082767309869223829e-02 6.604194918624971267e-02
3.082780597594383595e-02 6.604010359518383555e-02
3.082781889924462310e-02 6.603919430827756565e-02
3.082781889924463350e-02 6.603919419644777022e-02
3.083066382054509141e-02 6.601648216663337509e-02
3.083131874087352911e-02 6.600684048867626330e-02
3.083171609494437040e-02 6.600536464579694063e-02
3.083186568907585537e-02 6.600353893135292582e-02
3.083188634650344331e-02 6.600195723004001480e-02
3.083403874581793977e-02 6.597890087634579459e-02
3.083461869709849118e-02 6.597507075272018850e-02
3.083525642602371122e-02 6.597372834394829577e-02
3.083658681172991856e-02 6.596325132660879609e-02
3.083672852051124944e-02 6.595821673616510117e-02
3.083715212250038445e-02 6.595773996617089463e-02
3.083715212447589796e-02 6.595773983914111904e-02
3.083715229668460012e-02 6.595245279914910275e-02
3.083755170901992387e-02 6.595038895092994458e-02
3.083951144763977942e-02 6.593811202393519422e-02
3.083951144789269863e-02 6.593811195672742709e-02
3.083951148621904420e-02 6.593811181087053108e-02
3.084206856050762668e-02 6.591667079294342979e-02
3.084248122339193834e-02 6.591185239614083535e-02
3.084376112518810026e-02 6.589970960909675990e-02
3.084475667898411641e-02 6.589406584861963456e-02
3.084650141878832880e-02 6.588165033772305779e-02
3.084665018447510509e-02 6.588048265781085155e-02
3.084812081936776085e-02 6.586961566114878097e-02
3.084827347838125025e-02 6.586835740319706145e-02
3.084968208650811297e-02 6.585177826473447016e-02
3.085161731186391795e-02 6.584542175470067815e-02
3.085238578952259961e-02 6.584253776175864881e-02
3.085261824187345361e-02 6.583001018328177301e-02
3.085365047438295635e-02 6.581918435884445695e-02
3.085385439723665330e-02 6.581892171212540277e-02
3.085444144377578676e-02 6.581253570601680591e-02
3.085646141140343732e-02 6.580897047492413610e-02
3.085655845708753023e-02 6.580046302418113280e-02
3.085655845708753717e-02 6.580046302383424361e-02
3.085656006471423213e-02 6.580041731412350492e-02
3.085700533172605967e-02 6.579885656559737728e-02
3.085775423754215721e-02 6.579626312997279014e-02
3.085949502309226489e-02 6.578401242188972042e-02
3.086318623079052637e-02 6.578240926518111320e-02
3.086382193081176062e-02 6.574338908748457444e-02
3.086394636977649389e-02 6.574040005549514065e-02
3.086493984531903101e-02 6.573486316859633583e-02
3.086543398909468924e-02 6.573176560570948013e-02
3.086564368737396147e-02 6.572936453871608409e-02
3.086666351425861737e-02 6.572316585281827439e-02
3.086667226585559573e-02 6.572290032006543326e-02
3.086741801290084422e-02 6.571651138864637032e-02
3.086762211959912308e-02 6.570873702414269102e-02
3.086875793286475780e-02 6.569776478268107844e-02
3.086875793286476474e-02 6.569775788020196239e-02
3.086976194345870256e-02 6.569381950425813577e-02
3.087058474903634983e-02 6.568936851316174719e-02
3.087079293817725917e-02 6.568494096387522685e-02
3.087110908494584624e-02 6.568157164674207071e-02
3.087239846282154032e-02 6.567458208907542283e-02
3.087314354216707038e-02 6.566733551532979996e-02
3.087319549127615428e-02 6.566545538971015061e-02
3.087359320849265495e-02 6.566298398726233554e-02
3.087359412058956684e-02 6.565964831402745783e-02
3.087400553881546744e-02 6.565785975844150302e-02
3.087400553881547091e-02 6.565785975373469863e-02
3.087473489881070038e-02 6.565673153495221737e-02
3.087729629370103424e-02 6.563730941143611219e-02
3.087863459675663919e-02 6.563063427803962624e-02
3.087911642451768301e-02 6.562771526173374892e-02
3.088006535059006907e-02 6.561493648474769902e-02
3.088483255843537528e-02 6.561456481408650676e-02
3.088488482863192830e-02 6.558833771415525926e-02
3.088493730889114303e-02 6.557747158474709626e-02
3.088543583740816986e-02 6.557353648601182972e-02
3.088543583740817333e-02 6.557353557981296377e-02
3.088543583788460473e-02 6.557353469356423659e-02
3.088774777245092626e-02 6.556252729370831700e-02
3.088778745730779221e-02 6.556083647995526731e-02
3.088844424877920658e-02 6.555121454270358694e-02
3.089160579949425459e-02 6.554598471815122063e-02
3.089195662723703828e-02 6.552865319337836114e-02
3.089233633481418620e-02 6.552799507753639952e-02
3.089234359084022663e-02 6.552769772466256193e-02
3.089337626674014056e-02 6.552041614671863523e-02
3.089337646931158976e-02 6.552040737698443251e-02
3.089348361058563003e-02 6.551709450474685337e-02
3.089348489382660184e-02 6.551706388010881954e-02
3.089348490554586282e-02 6.551704317257746324e-02
3.089355832965930138e-02 6.551171240572933874e-02
3.089645259982866377e-02 6.549072258579825834e-02
3.089730623861066880e-02 6.548934465377453940e-02
3.089730623861323272e-02 6.548467080305231391e-02
3.089730623861323619e-02 6.548467061186215299e-02
3.089867263440916959e-02 6.547975510389350551e-02
3.089868031930151707e-02 6.547942092786729340e-02
3.089874655571792778e-02 6.547923027393827422e-02
3.089952654481797553e-02 6.547428240200851846e-02
3.090013954274755531e-02 6.547118727744168087e-02
3.090059545180311867e-02 6.546337093189423528e-02
3.090202347997416527e-02 6.545247895741043709e-02
3.090228706823859237e-02 6.545159225149321802e-02
3.090238285097544543e-02 6.544846283609688509e-02
3.090328766378128145e-02 6.543939549432988001e-02
3.090589244485861947e-02 6.543591300874451733e-02
3.090643067087175955e-02 6.541711930872028125e-02
3.090956642327878645e-02 6.541196473900945385e-02
3.090981348064738773e-02 6.541151876677679666e-02
3.091023383222477397e-02 6.540755650237889407e-02
3.091040658002966804e-02 6.539999704482266085e-02
3.091040658002967151e-02 6.539999698623057134e-02
3.091075675611885260e-02 6.539462297494350040e-02
3.091197208353087256e-02 6.538521154276413783e-02
3.091259269806897678e-02 6.537606819684975423e-02
3.091577194500856954e-02 6.536242712754226913e-02
3.091597650617975562e-02 6.535731535186743713e-02
3.091729690358603275e-02 6.535188158968503747e-02
3.091746171013781685e-02 6.535074396722580226e-02
3.091850532910828814e-02 6.533983892172151586e-02
3.091868767776730781e-02 6.533636763559162730e-02
3.092213693489522311e-02 6.531355712264330649e-02
3.092382048437808048e-02 6.530159184976286335e-02
3.092382048437809089e-02 6.530159178703498490e-02
3.092484410023026847e-02 6.529906059764503667e-02
3.092491941741537867e-02 6.529593774772650405e-02
3.092622850663769019e-02 6.529073543379483591e-02
3.092624940056567379e-02 6.528913252315630966e-02
3.092843498242865696e-02 6.528531754601374359e-02
3.093057093313937925e-02 6.525793826688036647e-02
3.093065335011681988e-02 6.525543206115641537e-02
3.093065351090336021e-02 6.525535966408112232e-02
3.093379725064078489e-02 6.523722314083206519e-02
3.093540514494786189e-02 6.522942025621340789e-02
3.093540514494786883e-02 6.522942025598763016e-02
3.093540799057863805e-02 6.522918839982153050e-02
3.093580188708593484e-02 6.522508368291887737e-02
3.093678623694237281e-02 6.520954839897277755e-02
3.093917892205107212e-02 6.519578654981887655e-02
3.093918322728066855e-02 6.519564053839316253e-02
3.094182110992728038e-02 6.518704387615918694e-02
3.094213057519184032e-02 6.518092868598501788e-02
3.094598872902515688e-02 6.516879567574197785e-02
3.094682086491124320e-02 6.516490607964194048e-02
3.094683926492627218e-02 6.516366896536474052e-02
3.094733878131491339e-02 6.514037845207502897e-02
3.094733878142914840e-02 6.514037837877620363e-02
3.094909236150691217e-02 6.513471116354838109e-02
3.095067212259527967e-02 6.512923914077697884e-02
3.095147695952778222e-02 6.511555409152129659e-02
3.095319825426511712e-02 6.510434884409212197e-02
3.095612896186054896e-02 6.509506451011566608e-02
3.095830382946258494e-02 6.507412038333722226e-02
3.095968356396991417e-02 6.507177884344218788e-02
3.096102124181484422e-02 6.506182579038043146e-02
3.096102696043512639e-02 6.505996168816878533e-02
3.096178607320491938e-02 6.505726119484028791e-02
3.096178625935353673e-02 6.505487973503647214e-02
3.096178625938647219e-02 6.505487972914643369e-02
3.096178625938647566e-02 6.505487972866565161e-02
3.096178640453662798e-02 6.505480638253449688e-02
3.096209513160865998e-02 6.505017896594088300e-02
3.096346457059032456e-02 6.504204988948104893e-02
3.096346796010353286e-02 6.504154052074564984e-02
3.096511119496752826e-02 6.503700067052269052e-02
3.096523454520355365e-02 6.503273289869049290e-02
3.096558870368314176e-02 6.502903337664404926e-02
3.096578198767034953e-02 6.502880565495128273e-02
3.096648240727001983e-02 6.501852466286231480e-02
3.096648240896044887e-02 6.501847050775289016e-02
3.096773134151980036e-02 6.501243419147129110e-02
3.096773134151980383e-02 6.501243417981503181e-02
3.096899176651533858e-02 6.500965396075672476e-02
3.097116928512779269e-02 6.499557744953894656e-02
3.097432978432394096e-02 6.496977671242913643e-02
3.097432978452000288e-02 6.496975712082982135e-02
3.097432978459985567e-02 6.496975609945965235e-02
3.097582001816397493e-02 6.496784608687596052e-02
3.097582001816398534e-02 6.496784544360618974e-02
3.097595680625726475e-02 6.496383616283368800e-02
3.097595785601222826e-02 6.496383237797748178e-02
3.097684819061957695e-02 6.496142189014998680e-02
3.097728575240220675e-02 6.495878785210251749e-02
3.097777136679509893e-02 6.495728292685909455e-02
3.097777162131141321e-02 6.495713735318286997e-02
3.097799429366170088e-02 6.495598101838916116e-02
3.097814449916268947e-02 6.495347681819242658e-02
3.097814462578659875e-02 6.495347651879206097e-02
3.097814462578660222e-02 6.495347650151941932e-02
3.097820502661935427e-02 6.494998812572071178e-02
3.098168599540819870e-02 6.492626913208383865e-02
3.098396091028682992e-02 6.491808693961018117e-02
3.098450824501270545e-02 6.491475280067210418e-02
3.098516675741389698e-02 6.491028995509930122e-02
3.098567303467417156e-02 6.490963767105269178e-02
3.098567325892287450e-02 6.490961096645471440e-02
3.098744391238773821e-02 6.490758913518825113e-02
3.098853187465238843e-02 6.490049599346331410e-02
3.098940620526113507e-02 6.488812136564002520e-02
3.099080084381663353e-02 6.487649310865779839e-02
3.099336107081483715e-02 6.485845486145094818e-02
3.099367026941940093e-02 6.485659393110063120e-02
3.099439905970890335e-02 6.485227406331248168e-02
3.099478817679304429e-02 6.484596704022868585e-02
3.099686008070848611e-02 6.484040830561614566e-02
3.099779594710693267e-02 6.483857695324561632e-02
3.099807044823784177e-02 6.483047859686487391e-02
3.099865953694474346e-02 6.482907880107757759e-02
3.100191513605217442e-02 6.481801071287270066e-02
3.100306800435131960e-02 6.480129391482233880e-02
3.100306800435133001e-02 6.480129387238767191e-02
3.100448314408877845e-02 6.479924993352795259e-02
3.100480924946840897e-02 6.479553597461534808e-02
3.100510002466078108e-02 6.479384494013863682e-02
3.100574797044567885e-02 6.478848542740194005e-02
3.100665505315976928e-02 6.478659847443322961e-02
3.100680308967890958e-02 6.478327526890255428e-02
3.100803090597042261e-02 6.477209889138095533e-02
3.100873853771068250e-02 6.477113197114979515e-02
3.101029708872411056e-02 6.475914792130370301e-02
3.101098883634268236e-02 6.475675441802092314e-02
3.101149054775711664e-02 6.475248977125758199e-02
3.101447055855223109e-02 6.473753828979061931e-02
3.101562396688448478e-02 6.473210144679462930e-02
3.101616828431514802e-02 6.472591743639341533e-02
3.101636327031952883e-02 6.472477736054242647e-02
3.101758120063234994e-02 6.471980370038117603e-02
3.101826059258617346e-02 6.471815508195084832e-02
3.101865295613974449e-02 6.470839497722673250e-02
3.101960079526426203e-02 6.470286732558117038e-02
3.102055257450825679e-02 6.470205849409790821e-02
3.102055257527866830e-02 6.470205837663854653e-02
3.102372797806494595e-02 6.468519359554554538e-02
3.102372797806494942e-02 6.468519355555081563e-02
3.102517414015317290e-02 6.467175144206614712e-02
3.102584904478758107e-02 6.467009174003700289e-02
3.102584904478758454e-02 6.467009139301575782e-02
3.102880048440689875e-02 6.465995163255498779e-02
3.102916938573955716e-02 6.465651981681772020e-02
3.102983482371135179e-02 6.464867197014043110e-02
3.103121526774741193e-02 6.463989793579943965e-02
3.103121526774741540e-02 6.463989789258922647e-02
3.103326182082502202e-02 6.463170361624834270e-02
3.103356886337576073e-02 6.462866324359640979e-02
3.103356886337576420e-02 6.462866322493532323e-02
3.103512874252587622e-02 6.462097433367533506e-02
3.103512874689580425e-02 6.462097140978086129e-02
3.103715102624175423e-02 6.461429184767111811e-02
3.103715102624176117e-02 6.461372779437869751e-02
3.103715102624176464e-02 6.461372695600886562e-02
3.103719676454863574e-02 6.460842411136348551e-02
3.103754446408136386e-02 6.460752853933672546e-02
3.103785499705186829e-02 6.460487502460439402e-02
3.103786376714586306e-02 6.460370523894599926e-02
3.103850872542324515e-02 6.460013772935344067e-02
3.103969352232946108e-02 6.459316927655402163e-02
3.103991781698900443e-02 6.459193169885514563e-02
3.104115223457503195e-02 6.459127319913804399e-02
3.104181852467331401e-02 6.458139680768498758e-02
3.104272911304264970e-02 6.457800508185181088e-02
3.104438387732626203e-02 6.456687275046342489e-02
3.104495963009918161e-02 6.456654057113109246e-02
3.104495963009918855e-02 6.456654051629989732e-02
3.104566975168538898e-02 6.456642058387181138e-02
3.104671322574115502e-02 6.456076566035659492e-02
3.104672939484050959e-02 6.455498281283215956e-02
3.104747085720125505e-02 6.455491837498003593e-02
3.104747085725089589e-02 6.455491836808908979e-02
3.104786599921850396e-02 6.455023955311431361e-02
3.104786599936957409e-02 6.454867238853610745e-02
3.105066292095980465e-02 6.453572388779235669e-02
3.105109530484731831e-02 6.452776797314456469e-02
3.105109530484732525e-02 6.452776635387359738e-02
3.105284955824662990e-02 6.452555221938013896e-02
3.105385270967502345e-02 6.452104364517720347e-02
3.105403705162995687e-02 6.451720862313928273e-02
3.105469876070341903e-02 6.451099871847142120e-02
3.105522506120170570e-02 6.450891972484171233e-02
3.105523339702128890e-02 6.450749909967440354e-02
3.105523450455828505e-02 6.450743333086081388e-02
3.105597774398254074e-02 6.450132720014419008e-02
3.105806357139371393e-02 6.449936175152178042e-02
3.105866900293598187e-02 6.449274841085948784e-02
3.105876078896491546e-02 6.449095035951013521e-02
3.105920585767607545e-02 6.448981791950093856e-02
3.105978126908897491e-02 6.448552868500731505e-02
3.106064335368226292e-02 6.448374837812692606e-02
3.106082050845125619e-02 6.448088449436593927e-02
3.106336717680084278e-02 6.447876881018160811e-02
3.106737084221159947e-02 6.444062714593593033e-02
3.106867045440553018e-02 6.443955040877429041e-02
3.107154158244005912e-02 6.442403662575035828e-02
3.107155669250489735e-02 6.442255350662724755e-02
3.107281789905203678e-02 6.441842157961844006e-02
3.107532901888456975e-02 6.440420388304346488e-02
3.107532901888457322e-02 6.440420388162915177e-02
3.107682492049915202e-02 6.439365549584567805e-02
3.107719484198350965e-02 6.439358835317272878e-02
3.108081750899077678e-02 6.437936855824559490e-02
3.108260360462051022e-02 6.436394200250314390e-02
3.108296421196746553e-02 6.436215610094446482e-02
3.108299187660024110e-02 6.436201311637755607e-02
3.108331569911807618e-02 6.436124430444464806e-02
3.108521087757384199e-02 6.434734540096122279e-02
3.108605751165000736e-02 6.434583712431780900e-02
3.109037530901667332e-02 6.434338753116509990e-02
3.109043223196873706e-02 6.433407196621326873e-02
3.109107052402631036e-02 6.432316524190463680e-02
3.109142636106255672e-02 6.431555472002094265e-02
3.109231175400578931e-02 6.431432223506743096e-02
3.109275794478476296e-02 6.430865190527959574e-02
3.109527604603477824e-02 6.430483839733393270e-02
3.109539845830059518e-02 6.429578194842652805e-02
3.109688717433101504e-02 6.428765735192495945e-02
3.110208370857623847e-02 6.426065140231355943e-02
3.110208370857624194e-02 6.426065139204988064e-02
3.110375605661096568e-02 6.426060410725432936e-02
3.110425849892107034e-02 6.425049974425839361e-02
3.110550792037740722e-02 6.424735833510718253e-02
3.110630467108997307e-02 6.424309841257085096e-02
3.110630467234194035e-02 6.424309814284556719e-02
3.110659672879745666e-02 6.424257410549104319e-02
3.111176201580971926e-02 6.421897004419174770e-02
3.111329869185020663e-02 6.421063417275374441e-02
3.111772220299670669e-02 6.418912264287351954e-02
3.111817936435072249e-02 6.418613765027350593e-02
3.111919724173493190e-02 6.417687602219829257e-02
3.112038881903653881e-02 6.417535149535374961e-02
3.112121287279976875e-02 6.416939470111711341e-02
3.112178973846918550e-02 6.416821324731811216e-02
3.112235330799227595e-02 6.416573161688131355e-02
3.112360281049825553e-02 6.416422224869583468e-02
3.112394616897082994e-02 6.415894431167606937e-02
3.112423003589985179e-02 6.415223134766386004e-02
3.112647655411069844e-02 6.414823837546282381e-02
3.112662013863756391e-02 6.414591352652726508e-02
3.112727587926293268e-02 6.414272508479941515e-02
3.112842831565785368e-02 6.413415514307536924e-02
3.112842831589611448e-02 6.413366444025188351e-02
3.112970519606609102e-02 6.413071448612087111e-02
3.112976579856011755e-02 6.412847486323594581e-02
3.113020151037919347e-02 6.412723635970213332e-02
3.113042089528129594e-02 6.412617419878120784e-02
3.113043158066751415e-02 6.412444968396931178e-02
3.113107207291370207e-02 6.411861227926579643e-02
3.113222243853380061e-02 6.411733404490564669e-02
3.113222243862142496e-02 6.411730774533239141e-02
3.113319725018938791e-02 6.410813070301782379e-02
3.113465853653659202e-02 6.410048994880802875e-02
3.113500631730141063e-02 6.409941586785272705e-02
3.113540954575205050e-02 6.409714619880273190e-02
3.114062271572335533e-02 6.407248918952364314e-02
3.114192299174120548e-02 6.406931439057093891e-02
3.114192299174120895e-02 6.406931439019430963e-02
3.114201610698974845e-02 6.406583954682611159e-02
3.114322157631058477e-02 6.406388368056586957e-02
3.114479725627761555e-02 6.406376987091522146e-02
3.114848951280742295e-02 6.403823256962117016e-02
3.114848951303691646e-02 6.403810657863852340e-02
3.114998054979606010e-02 6.403101029900805374e-02
3.115011116446391240e-02 6.403040565805399875e-02
3.115074776383846417e-02 6.402775142874993219e-02
3.115131955934561520e-02 6.402376228782682976e-02
3.115252764512724259e-02 6.402206672052827841e-02
3.115275972934341761e-02 6.401499702668266012e-02
3.115275973054574057e-02 6.401498441480915624e-02
3.115295419427058579e-02 6.401353871650476701e-02
3.115552939082528311e-02 6.400197084821025728e-02
3.115796350476985471e-02 6.399889305688055696e-02
3.115805928112371295e-02 6.399808753464708566e-02
3.115878623813186574e-02 6.398674296467600497e-02
3.115996146703870970e-02 6.398586296803425444e-02
3.116014715894392315e-02 6.398341536452582801e-02
3.116040965716017699e-02 6.398219341872223020e-02
3.116054671251614408e-02 6.397853234092090724e-02
3.116318926700317390e-02 6.397820933348451200e-02
