# $NEW GRAPH$

# $NEW TRACE 2D$
# $LEGEND$: $$
# $LABEL X$: $Objective (or constraint)$
# $LABEL Y$: $Objective (or constraint)$
# $BEGIN DATA$
0.03975755872477493	0.09510976139680641
0.07609676370920869	0.2381567818967011
0.4287317179117153	0.4024575729299093
0.10880884126010228	0.3311744322532994
0.42140678336871884	0.2857411168096995
0.059708604238929854	0.11710237283684143
0.3120399303806046	0.5500410786526814
0.09360667109264331	0.21820351765755241
0.36681468684315427	0.31540019610099884
0.3493308422889709	0.18186062448311224
0.10281964406213243	0.16275925317142662
0.08824412510920203	0.16467865677707896
0.0985893506058952	0.06502498466919582
0.2866682940300365	0.610038257581619
0.3068868850008934	0.18238128303142787
0.05836725939294025	0.3088598464363004
0.05821706094782215	0.23515214255042172
0.056218586345419305	0.21317552367864273
0.031175521453442285	0.12199830131133431
0.11549294401154682	0.18191826191538024
0.10278685337050737	0.09942003612696078
0.09014835139767391	0.10983314112814072
0.2535519952510368	0.13996722205124731
0.09801445006164543	0.06475561958351816
0.04399368397632981	0.08114977722721511
0.0	0.08137703939050334
0.05408264662660827	0.11713292954470571
0.088338244563558	0.06718507921213104
0.060954053586561766	0.12867741855100123
0.0696011196408794	0.06027256324205836
0.0400616950688536	0.11466871040434773
0.0920227660111216	0.1705234538499354
0.1330185227541707	0.1068912782651347
0.0	0.24829189584255107
0.045876746662474335	0.3288750591569306
0.04277822883266109	0.1385918961803215
0.059033244534022304	0.06548822859305425
0.3085382106369376	0.14669228242565538
0.0582454894118985	0.06584284456081943
0.03985007956559145	0.12849044144007632
0.09803432169572597	0.24916648322200244
0.07528873784938063	0.06199949229378745
0.3500138157613525	0.12250909890057532
0.040332873983459375	0.07017634336720564
0.4062898437643586	0.22240335736285152
0.03810195686329756	0.1643765054258979
0.039582674277818405	0.06641399170348697
0.0	0.0930534078606463
0.05998478145687183	0.0990360000012497
0.2549211968844862	0.6545240077731767
0.2440056524478152	0.24224423459821728
0.04164354471801814	0.07199661883038366
0.07203131260480077	0.08615615491306565
0.0812632287520049	0.12231873401611532
0.09633805903549773	0.08532379898008721
0.034466744197080464	0.10834039026520392
0.05688952187525849	0.1446357544424176
0.09388915746056231	0.07560141694395245
0.1709894524505673	0.13688221056913347
0.03547369226748954	0.21242589382859225
0.07592761249455236	0.2962715994263541
0.1297282516691974	0.4449149039532916
0.11108167350059527	0.11990535267710963
0.060705027670593034	0.2821853632764615
0.14016230374898123	0.1713165273350197
0.0	0.0978109967790673
0.034159755232807065	0.219390732394933
0.06550999219754577	0.08586205894534743
0.058818697704417604	0.06342347543444592
0.053748700915779116	0.10948870443407904
0.0	0.20047725955824544
0.04407808897333992	0.8491426335631727
0.3031975621586281	0.19058783104933372
0.045287866994213236	0.08748094727232202
0.07845762173213222	0.12964568891048023
0.08408743792286648	0.28699182572095255
0.07024253360894404	0.3178134564145725
0.06245027701148245	0.4593323041282622
0.10172448956539931	0.15110924680610432
0.3578750609445972	0.5460157887134686
0.09078482386339526	0.07628347776824886
0.1737226995875617	0.3669238403941338
0.09044778733501194	0.09719946648682906
0.09610557768322645	0.18585187251781568
0.062536375090145	0.08242488885151306
0.0	0.1217454251820915
0.04232924327424283	0.08840522195613454
0.07326845616389328	0.11457618861303191
0.3176491497256728	0.12855138010159312
0.09885410960100872	0.07445751400879644
0.08210446273753881	0.09270712814877921
0.08653947955783002	0.08232424471088678
0.067973996258818	0.11946701846615045
0.043948992152709754	0.10822547368694048
0.0	0.28935273576869414
0.04627716155406816	0.07268682002004158
0.0	0.11902826413810291
0.09496005445632189	0.07486375125490391
0.10251020607647385	0.10413228533893269
0.09147877836972515	0.06187197032416909
0.10218541990137923	0.15129785496183376
0.26325317535132087	0.2693088898115601
0.06070502767059303	0.31890084432709476
0.0	0.12266581582568176
0.03975755872477493	0.09510976139680641
0.045876746662474335	0.3550227463495585
0.32754134778148936	0.20222715064516203
0.05633896533722298	0.14388117173261775
0.0	0.25716799919114836
0.2549211968844861	0.6430300989551891
0.0817602886550488	0.06776877749054178
0.09614869667480629	0.1871217238012406
0.1057051260142978	0.387665703672595
0.07629754063726976	0.19802653480849278
0.30319756215862814	0.3229973676625048
0.07604836564917711	0.11820808442302266
0.16439048992949012	0.28273728867815534
0.27052309299920485	0.7109689647244243
0.08804669199711769	0.1644933331678392
0.10885321709776216	0.3312420046727944
0.035027611618817824	0.08945332406208605
0.03705672936077487	0.10676703891677417
0.09176579139587959	0.061209144561242886
0.1086433883822575	0.1004555228943657
0.058818697704417604	0.06342347543444592
0.28632614562742265	0.6118198461236429
0.10359710836428904	0.0984777793643606
0.3861370822710743	0.27589757406318205
0.03945368507003079	0.06630306422328873
0.09207252065614227	0.1705699515257949
0.10435668915252254	0.1469694184127291
0.044665522988533844	0.22689246030507487
0.08118723092894196	0.12078801259726618
0.2508467763715962	0.5491367409724246
0.08424900674595895	0.3971083914370499
0.0400616950688536	0.11473463488703665
0.19914136827732504	0.21310576194626052
0.04931723770333653	0.11528778610767947
0.2549221448737123	0.2485408881280723
0.0865372238613069	0.18017676074241248
0.039663825654455934	0.07208064213091792
0.06967714379826093	0.14781204559049663
0.04252269614283316	0.08841497489342956
0.05836725939294025	0.31181282674410804
0.03956874830715217	0.07022217195088996
0.05623645766863527	0.2132173876951181
0.302830763840475	0.19714985003747534
0.336701814168465	0.6802031424218807
0.07329979434405491	0.10874691452449783
0.0590674860058059	0.06824848663672763
0.16120595196226248	0.12924393305378903
0.0879569573840788	0.42060339564294297
0.10278462473682932	0.09944139654189654
0.0882493426974439	0.1646457991246556
0.04949194569352707	0.07245701020490428
0.04528257001690202	0.07897128967912537
0.051276842041141794	0.23698145620177455
0.05881555504202168	0.06746745741131895
0.054525929898737446	0.11902364393318017
0.05543024246734548	0.0734333065646836
0.072094261896655	0.06354931296833277
0.08070428665036594	0.27570710014843125
0.053748700915779116	0.10656674714872852
0.2440056524478152	0.24224423459821728
0.09363049190958644	0.13911098583819945
0.13316614189190093	0.17884468091275182
0.31803764032467485	0.12803518701931318
0.03833630317009884	0.16713920056923265
0.30045600386253946	0.5148443068365947
0.0450111657859985	0.3084065040783114
0.2440056524478152	0.18608906512058476
0.09762439903148566	0.076686582448726
0.05836725939294022	0.35264763414291284
0.07326845616389328	0.11560033613782597
0.0895429825730671	0.21224415524230428
0.15472802338116884	0.10228624273586738
0.27147575797940154	0.16934099464717117
0.037018078089557524	0.28665559888861286
0.03307592639519193	0.13491490773662304
0.10573758212883559	0.2456761229335659
0.042731055965301024	0.1365750467850948
0.09169766088166374	0.07498361960216983
0.04232924327424283	0.07543404733885388
0.1017244895653993	0.18331105380327944
0.040055706725941075	0.09298450671898534
0.10680057317130486	0.12766614504093582
0.0906283842039594	0.09685303746545136
0.1310373667982657	0.19023816088292517
0.05497779313689874	0.3687949803642776
0.2882990425051132	0.2292822276936711
0.10278685337050737	0.10120027589541686
0.08766005002447938	0.08081346057368718
0.4287317179117153	0.3770181316562428
0.034273509151167274	0.22633076605758484
0.062447405568441715	0.45918781240828105
0.0	0.18141305315463171
0.05352735778466183	0.08693782225083255
0.20311531438395117	0.5162957987165065
0.047078587166109444	0.1417967272952242
0.03873250962004963	0.11044804719150987
0.06683526624534505	0.26797771506949947
0.10959884701859188	0.3864845250772463
0.0	0.13649979931042167
0.0854622301734752	0.2550083762362116
0.07483850879581476	0.1005188123255308
0.19408156884492547	0.1208211554403776
0.20888817232968748	0.22486150033309799
0.055566303237261826	0.2714093377627377
0.05300643435368335	0.11729402353520522
0.24525598699410134	0.2428618615560377
0.12162596806796638	0.1232899942620966
0.05484862683837609	0.3654377907595512
0.29200715156850815	0.31319146161318273
0.3381990522184458	1.0563803169735069
0.10831319651437525	0.1893887226198874
0.0382631489346772	0.15318376318205587
0.032497120845021946	0.22448477039563366
0.09223456965830618	0.36183235972670236
0.2440159717075716	0.24224935723649846
0.2866682193987494	0.6100381781728663
0.04252269614283316	0.08841497489342956
0.07846733503581046	0.1228387944756887
0.042372555381706575	0.08802587267227363
0.0	0.12291064030145249
0.034429310343632384	0.08659879258334989
0.03998903081959549	0.18766165122642453
0.24400565244781516	0.13892482507648396
0.10680057317130488	0.2243404290374996
0.04591783360686302	0.2506883022330534
0.1018798847577183	0.21644400687374948
0.09880220574357827	0.24890124968252
0.03800812590286796	0.16469084865944403
0.2547265258503763	0.468126466288279
0.08941996431251119	0.20102047601936604
0.1015874648469907	0.13968949701142488
0.08500722228705658	0.39763193256773344
0.05870516666513311	0.09559077865943001
0.12485622108022791	0.32237243107815655
0.07880196551461609	0.10962121570469319
0.08653886208150305	0.3873456938407294
0.039663825654455934	0.07208064213091792
0.045876746662474335	0.3288750591569306
0.05088671207279999	0.10761560373620355
0.04258673633249959	0.3292955938631556
0.08018066299024874	0.1326618181062798
0.06776703125011954	0.1078707222735141
0.036959856581260185	0.16188553314397713
0.10606228483185307	0.14816767141986426
0.034285222868251745	0.1421233773992695
0.06942105606372494	0.10080469968926019
0.036621852747975324	0.31412650189695485
0.0	0.21739058818100787
0.29622269747881036	0.48630305265207446
0.0	0.124116141095652
0.16222636525206308	0.09915860679232293
0.2775781779724807	0.40776032609428403
0.039663825654455934	0.07208064213091792
0.10880884126010228	0.3311744322532994
0.14122304820302284	0.1030038703171274
0.03789161903484158	0.32314513792436994
0.06945864344987547	0.1487283912337421
0.05836725939294025	0.3088598464363004
0.0679271915536858	0.27289856690192876
0.16736336237061689	0.2208113232058958
0.10172448956539931	0.15110924680610432
0.08645441587766146	0.11050541322966745
0.03808706054968844	0.16438808200539676
0.045038512626134244	0.30839496843027336
0.07326845616389328	0.11560033613782597
0.23056949027776677	0.42078621886122125
0.10332644731761323	0.1629376731110256
0.0372378756946024	0.20934663032395295
0.2803057869040528	0.6990856095106541
0.24954872645575044	0.4054484624605787
0.03567601652176967	0.07177642201581357
0.0812632287520049	0.1492212108497119
0.05607705192171535	0.10000496716290233
0.40095740267827895	0.3563328312687696
0.03735517422468479	0.28319082267618945
0.09078663605776924	0.12820893231393632
0.10574676344880077	0.38738887388069776
0.09363049190958644	0.13909654244853398
0.033911857044054	0.08699313195415828
0.06519285700924561	0.0886837958250707
0.10606326334938977	0.6407760318062322
0.04592234629871451	0.4005608879176955
0.13250843364524742	0.14307107114812087
0.039351370535472864	0.14453461667470055
0.042578145495594376	0.08813294818812295
0.10207462979703204	0.15070582917984354
0.03267893072487809	0.14025584263833843
0.28689348209238535	0.42402217793582714
0.08785927682897622	0.16431737926433673
0.039693227687632754	0.0720023144798351
0.056881017864236216	0.14161672382070417
0.05807684954651302	0.3161026732396308
0.08062974184638548	0.14526817809524897
0.04730366324247443	0.11634446794643781
0.03491483364554043	0.09757059404538504
0.04589440779389298	0.13422361262221721
0.034823460722343186	0.085264265481462
0.0823706220557922	0.12101442851972015
0.11217940353387189	0.11586805030988676
0.15798620629825455	0.12997281182817721
0.05084302982542548	0.10762007753076562
0.04589440779389298	0.13422361262221721
0.033948725690725774	0.0866996560964988
0.05742560627360508	0.1417277288530053
0.04035361277051943	0.12176412383835307
0.03528986803009552	0.21117625101294712
0.039591950164224614	0.07190990096349702
0.07410517575572771	0.09406701801694822
0.1463080643501964	0.10368380195175544
0.03950808053819605	0.07202390635571629
0.05919287730928895	0.13661035475260117
0.051880536048368835	0.11678947727210759
0.03924192158022433	0.18012941460744022
0.05558927112201815	0.2156819232693917
0.08437959998849447	0.19458461913761035
0.03484833758551576	0.12487449113870883
0.05223119189487735	0.13833397498237573
0.044479322830417195	0.11663659498135392
0.0326753086812699	0.12202760824144362
0.037669818433273945	0.2833978036416132
0.0389111186349326	0.0899232639736233
0.20748323742265656	0.14337116142497763
0.03761730943192947	0.1537018478435569
0.12162596806796638	0.10239268354043099
0.037696639054674984	0.10829887978037557
0.042236359961115404	0.21951764977383323
0.053748700915779116	0.12343734577850657
0.053748700915779116	0.10948870443407904
0.06292273204273385	0.26721535413294994
0.07625458927585313	0.1528149822010476
0.04252269614283317	0.07884598851839378
0.053748700915779095	0.12085897807536776
0.14121332280077042	0.09971392088354789
0.2200208623106453	0.14602975219109574
0.06892979009331422	0.08651976481278399
0.038353643768210356	0.2527072205603501
0.038828276784912304	0.32673047514627385
0.039693227687632754	0.0720023144798351
0.09363049190958644	0.12836236475093177
0.039663825654455934	0.07386545600745088
0.08118723092894194	0.11582815699977836
0.03290828996741434	0.1853625597968536
0.03367130785547102	0.0881262613489277
0.0445654965661864	0.08834338354985703
0.06550999219754577	0.08586205894534743
0.04586247597988648	0.3455662777512062
0.05836140351298642	0.14506723374701633
0.35539564205885316	0.21459490481676077
0.07295112642062355	0.41590782207680305
0.08394853431296931	0.12178953558690617
0.040048878701926915	0.3342427492878062
0.045616131225727954	0.26003367731055804
0.10728756546790573	0.15928186849822745
0.24523205260882516	0.13538606950216203
0.042522696142833154	0.08837683641176408
0.032678930724878076	0.12040380010987821
0.03386798857525907	0.22212453790014272
0.06942105606372491	0.10172042169229184
0.07326845616389328	0.11553431524954876
0.04126988103299188	0.12687972567213768
0.04281537818385878	0.09808244144352593
0.04670463520914561	0.07141002610083078
0.03410769832895758	0.14219089841975252
0.05746077313598258	0.0960949312051638
0.06940631325751158	0.13230097208433358
0.07337074437927317	0.11515518456767004
0.06507636586778519	0.10608596797505027
0.034503812862654366	0.08669260501887402
0.03800812590286796	0.16469084865944403
0.03755795443583031	0.07359992962005746
0.03401198047342078	0.08584994617429875
0.04273937394790298	0.32988578097531357
0.07323021473381054	0.11212780484660717
0.0458419894550195	0.18940088402502117
0.07299634565269945	0.2079127303861993
0.27790582671519876	0.1573773190124284
0.07194504795013702	0.26969789095688834
0.039166365960660296	0.10034468198571594
0.042653398579820305	0.17165187605355553
0.052690855946287876	0.09623640362440682
0.06858678011185486	0.1284632601225645
0.04235054697757223	0.08823312676601838
0.04254419398110848	0.08820661472357211
0.036927945808059214	0.28984761906091927
0.06786229826647189	0.23171135937700962
0.05293571676935224	0.23043965570228628
0.04133866559526717	0.07519396787296108
0.04012330948357004	0.07195192622153843
0.03808706054968844	0.16438808200539676
0.034159755232807065	0.2084299484160694
0.034273509151167274	0.22633076605758484
0.07111170952953422	0.1086436995026261
0.07496789606028552	0.0860152026194077
0.03966382565445593	0.07190219104566992
0.07942479591130294	0.1231259932186242
0.04252269614283317	0.0747416883137248
0.03782180476558505	0.2518360682631645
0.039238786425545735	0.26564922887115267
0.03264952427491374	0.14376155249181616
0.035664963286949465	0.16899929947090664
0.041408786066946465	0.07383756438272339
0.0507870467954426	0.09523930709770802
0.042620757852742414	0.09965008074477028
0.06980910078945579	0.0994972489495374
0.03758938383394393	0.07645886768715204
0.037735306517320225	0.20700555806264162
0.038176600140395506	0.3091417503862558
0.03353024180897971	0.07337998389886702
0.06505377616646743	0.11146491502551689
0.04008347081115567	0.1584539185449986
0.034754559002730834	0.08521012031817919
0.034186686586434395	0.08680978616192048
0.03428392177794898	0.0875012365554972
0.039591950164224614	0.07190990096349702
0.04671623505203457	0.09227422335162144
0.0385734304720314	0.17258383248147516
0.04255121771752643	0.07626321529937546
0.040957374295902994	0.1660995106591017
0.06354470931562739	0.08282715491436926
0.034429310343632384	0.08659879258334989
0.03488615536563483	0.0850626127558322
0.03636468316804007	0.08399822015251196
0.04194474736800344	0.2971974330610399
0.0370937358618967	0.17232851639758853
0.04500822627227725	0.08877501787571838
0.0389111186349326	0.09297237674171177
0.03838958902353746	0.1797222309908005
0.03509493890950288	0.1048187458813442
0.040353923229340144	0.12176459229158051
0.03526880510401717	0.07213044846120727
0.03712179009748379	0.08728801725040505
0.08437590906641425	0.10485092837734027
0.0397497176374773	0.07141127324430685
0.039444873407698054	0.09683491709030659
0.042664381473463873	0.08876035226113692
0.03492885969805872	0.0818453974317255
0.03661099703625622	0.17909954107129894
0.03455284401928454	0.08303309566434974
0.034429310343632384	0.08659879258334989
0.04237255538170657	0.09432742545128074
0.036104242366118776	0.3220995422350084
0.03718837056243103	0.12338113803989584
0.07103180494431405	0.11556046415054476
0.04157942779518727	0.17346749192932254
0.035626538729468034	0.2956679795812155
0.051693782318210035	0.24841637725937118
0.03491483364554044	0.09832340393014145
0.03958628868661978	0.07379281960739671
0.05099200711354984	0.10772840840291073
0.05645585311861711	0.09533449203775085
0.05695158346090302	0.31462686656988575
0.03301745995821563	0.1447111702138454
0.040178635088802234	0.07234666940564999
0.04989451867409331	0.10864941525159572
0.03670204320228805	0.3134176964025853
0.05034080432677439	0.09658793038749672
0.03379984137270956	0.08710275815980921
0.06346061623167747	0.08610946363705071
0.05217674523453689	0.09790008048710969
0.039591950164224614	0.07190990096349702
0.03681698423192008	0.28069673264133815
0.032497120845021946	0.22504887126539508
0.03800812590286795	0.15788974958560265
0.03482346072234318	0.08037438608114512
0.03386798857525907	0.2371470937272071
0.033968416223524395	0.07973251922470208
0.05373474373875811	0.11886887677181585
0.0384355430705293	0.19939865720497316
0.14121332280077042	0.09971392088354789
0.03547369226748954	0.21242589382859225
0.04252269614283316	0.07924974158472892
0.037108480796307554	0.16193179024751617
0.03887506411983444	0.07301512205606797
0.049181403914876624	0.10702791477592412
0.032543633522993796	0.14176161236177343
0.03347699437409425	0.09643432655981568
0.052589143035167124	0.10945307737220944
0.05843067609959129	0.09758443190434225
0.040460408426480715	0.1208359766484758
0.03524070403816163	0.10296256538361956
0.03978789809152862	0.10006237181332349
0.03698841396368656	0.07231437499102887
0.037808367877689784	0.08351589388336345
0.034503812862654366	0.07193345043134837
0.042522696142833154	0.1094143299966998
0.03976524963751547	0.07239143623265133
0.03699268919063168	0.0765833536052567
0.034630484522390904	0.10613856129249244
0.036377131504256685	0.17063328179011203
0.033911857044054	0.08699313195415828
0.039524122603400644	0.0718479850920432
0.043050008191912084	0.16131656541915051
0.03730851627746815	0.09040212605633825
0.040832366468919704	0.06876459059365954
0.03170185299570548	0.09802562597722791
0.034503812862654366	0.07193345043134837
0.03647725314614761	0.21262927586763194
0.03542904945033243	0.19592969609844293
0.040737928926382096	0.09200445562046086
0.03367115519821227	0.08812606137598596
0.03353039674949234	0.0751074752670279
0.03383283022757515	0.087339426173267
0.03379984137270956	0.08894459234500546
0.03960080216069917	0.07167731250209271
0.03401198047342078	0.09000193615686135
0.03950808053819605	0.07202390635571629
0.04706107001839422	0.07168477439046729
0.0334494532543854	0.08944088489604227
0.04151900106677523	0.07211752708857093
0.032060137511399106	0.15184593897063417
0.03758938383394393	0.07623767198224035
0.034622291632337134	0.08397984035036998
0.0337179097668445	0.08942397309302329
0.03401192464567391	0.08667682202521128
0.033245065534157285	0.12207207775294834
0.03774639230428575	0.07227787158988411
0.03438950647016629	0.08651751734503992
0.0699899213061345	0.2315205243300478
0.10981992559171265	0.08902008525779258
0.03956202467277788	0.07180935389330176
0.03255008442245263	0.14182471269921684
0.03518102839305254	0.07148944344554212
0.03679731377388858	0.08726536861947827
0.03483188215928017	0.18791738540244077
0.036427030407594735	0.08358085751420925
0.035003975590880504	0.08017400583411975
0.03518649654964645	0.07251932220273552
0.03367130785547102	0.0881262613489277
0.03398539286528374	0.10308833808617614
0.03256749340049678	0.12159456249354411
0.034242917003645915	0.08662005095648245
0.040085602636039254	0.08538902009515706
0.03741198795273483	0.10474372201914925
0.036055053130858356	0.07426815790395383
0.03293216098278953	0.09938247083928982
0.0627899612083899	0.23219710477796085
0.11879568194659612	0.10656286903320117
0.03492163381422467	0.09844800489097698
0.03973995205376728	0.07137198594225695
0.032970767433542804	0.08453610332001277
0.03619850214679707	0.11213228792681347
0.04670463520914561	0.07142554247615242
0.03759921994381953	0.08439553579245246
0.03267893072487809	0.14755054723791708
0.03386798857525907	0.2371470937272071
0.035157494513912736	0.073305747857074
0.041408786066946465	0.07383756438272339
0.03950253716689546	0.08542558505262786
0.0334932689398233	0.08519453170532357
0.03353024180897971	0.07352396006731535
0.035935699464363154	0.07171514975334736
0.035140600351867	0.09742648593755951
0.033690393800226634	0.14236984860873006
0.036959856581260185	0.18185400271399219
0.03386798857525907	0.2371470937272071
0.03264202453277424	0.13792009816875317
0.03958850542008562	0.07180337769389479
0.03549670953751651	0.07610985542029758
0.03843531200918325	0.0857887938175567
0.03864736554604633	0.06616284907217018
0.03564750331680467	0.20451111548565173
0.03808008020207857	0.07316889649924692
0.03776292038111341	0.09953790281320758
0.034309709754359284	0.07053161409058091
0.03963392955906854	0.08804212875507486
0.03450516686009198	0.07193217390553613
0.034543586323611125	0.07271729049716569
0.03904508457960086	0.0839959627506452
0.034603785430993274	0.08488177163556378
0.031672010041206476	0.09799984540395144
0.034711481510063	0.0912754188302546
0.033807302951073724	0.07366856759075988
0.03371807501857056	0.08783829099451192
0.03246747772253412	0.14238304317249356
0.034635374461419136	0.08060070469225096
0.04215180849891433	0.07479046255062641
0.037251584751928114	0.07772909169797777
0.034880258333537445	0.08627003133748773
0.03985738090971676	0.07119955082373836
0.035717547575911376	0.07271633957513424
0.037720631725560776	0.08616693627786438
0.036060249917814625	0.07774732679168728
0.037554148342202116	0.08473714602029382
0.03493257491353463	0.08935795369561055
0.03582247305398475	0.08656308629288523
0.03422086551107907	0.08555319775919742
0.03755795443583031	0.07359992962005746
0.03962988863543259	0.06940472344878013
0.034429310343632384	0.09023325206319432
0.039663893121909856	0.07190225255886339
0.042372476468554	0.08889983704748612
0.034268206135815674	0.22223503957020538
0.032499436405744896	0.22505254674992908
0.0389111186349326	0.0899232639736233
0.03250614043638627	0.23598730580475083
0.03409986487086969	0.08423634223352681
0.03321765061334393	0.10384811248996179
0.03298310597160282	0.11251003027209865
0.035180835999125006	0.081652934836018
0.03367115519821227	0.08439043486109357
0.03684212532762525	0.0764319568888877
0.031962331744525244	0.1258265536836478
0.033690393800226634	0.17258797390709327
0.039666021224459606	0.07208037958430413
0.0340786023426289	0.08689331383348807
0.03206013751139909	0.1267112840574769
0.03432596683755953	0.07194351661701202
0.03466933352374843	0.08128252567307845
0.03678937313887905	0.08454892834515204
0.03403490601755726	0.07225843931647559
0.03249870189137461	0.15376178748128366
0.03261694945375036	0.07606561852077871
0.03787319520128341	0.1055633474600791
0.0396094234087154	0.06844666938087013
0.034048612165550086	0.07393494990547014
0.036108727575507274	0.06917736228611963
0.03260803176992117	0.0935722841267411
0.0333766324621427	0.09091026332828112
0.032678930724878076	0.12040380010987821
0.04057124324082982	0.07180274213590013
0.03302580521125688	0.08693226011728797
0.03438950647016629	0.07038742472768487
0.03973995205376728	0.0903214881671122
0.03534249457032588	0.07247961187806187
0.0325554575168687	0.1435540678186767
0.03382524977680711	0.07957111262853785
0.03650294148965048	0.07408002612344547
0.039502260884642086	0.07181651322828864
0.03264326565945716	0.13327888739841187
0.034969133425971737	0.08013402464940048
0.034644662752993445	0.14015051734696382
0.03950808053819605	0.07202390635571629
0.04047423042808251	0.0805275853204855
0.032066265472140844	0.1359171233838447
0.032529109755904104	0.14151701324176477
0.03604942111723333	0.07182960666167447
0.03863708692067335	0.08627863547879544
0.03260092639313578	0.12656059321046878
0.03380234587111535	0.09705012375064839
0.03402005172655261	0.07150434274335264
0.03385992071424322	0.08962942715466587
0.03808008020207857	0.07316889649924692
0.032497120845021946	0.22504887126539508
0.03899143182797731	0.07015953888335325
0.03522647157884473	0.06975480272070644
0.035986684912558964	0.07730663570844994
0.03463913673888903	0.08625201377407918
0.039591950164224614	0.06964394616907388
0.03474272128266575	0.07438608424856419
0.03476462439180883	0.0766058133896542
0.03802527684658804	0.11268959149378087
0.037659645140152416	0.07559473509940243
0.038784494188081935	0.07231405404734449
0.10190205104895424	0.08615328787981426
0.06965538010206727	0.22095395430493592
0.03498866144357759	0.07105851387269402
0.0330806126104255	0.09060603089420642
0.03412534326756441	0.07896587968619606
0.03972714478115885	0.07863174150968245
0.03268773632693515	0.13143091650626837
0.04664724017223521	0.07266372128490009
0.03420716827759748	0.07233172936406636
0.03542382294456955	0.07350728715428206
0.03597504811588731	0.07439028010483192
0.03691847382431403	0.07135875479395287
0.03698841396368656	0.07231437499102887
0.0391510830795407	0.06944364318347244
0.039591950164224614	0.06951332327102161
0.03518102839305253	0.07401426288698146
0.08739308865140294	0.24561850367996368
0.06107374044285386	0.06964106084319588
0.03974971699126672	0.07141127266034807
0.03924400848604854	0.07120671940955219
0.061627355283028665	0.08003247403086035
0.08462073628539003	0.21513975005472383
0.038324758725871495	0.07166168914449968
0.03642823475634678	0.1414782529903816
0.034873606857736016	0.07027322645722335
0.034185422566686115	0.08679908271516482
0.03755777902915018	0.07364561383384441
0.03567621062473367	0.07173726794932582
0.034258276144161846	0.07278887664274326
0.03755795451455626	0.07358430137964654
0.03301420142388237	0.1367684278444472
0.03763674431062984	0.07261502007102992
0.10924099363399822	0.24577932740610245
0.06071724968578996	0.08189749087950493
0.03259824049776948	0.14425583890468296
0.03508863440092419	0.08530359545142153
0.03170185299570548	0.09802562597722791
0.039663825654455934	0.07208064213091792
0.03950808053819605	0.06998252865161257
0.034309709754359284	0.07053161409058091
0.035003975590880504	0.0797372789559192
0.05735909772659229	0.0773243916644991
0.03506784026955493	0.0802067362443708
0.03170542404525835	0.09802257884525989
0.03898058915646426	0.0713582787637458
0.033953104258805156	0.07783457414961661
0.03786198532917731	0.0832602771929599
0.03436197787833689	0.07382104375426107
0.033369650096467474	0.07224540328358794
0.036117371275772886	0.08080758915602282
0.03305040788000179	0.10427712909481113
0.03988700379412449	0.0776619018052282
0.03417484924758546	0.08134876688690812
0.03421074033863942	0.07424093161024617
0.038712864212665794	0.09451622373713714
0.036971603513728975	0.07328297245131324
0.03469097659032014	0.0727544713805615
0.03762413264515972	0.0700347825258835
0.034636726967636006	0.0740109986006545
0.03256620737379116	0.12159215924123885
0.03462814221404061	0.09044769271702326
0.03522647157884474	0.07145995005280137
0.03708751044711253	0.07305493076838891
0.03722083957711739	0.07152346420183953
0.03454541734955101	0.07189602311567658
0.03226137347247854	0.12605656624535455
0.03745440921431369	0.07159783489881741
0.03351021893310471	0.08525236535446329
0.033743661575105326	0.08928091004748712
0.03920968342513668	0.07257191381105865
0.0355777851448306	0.07032301852553395
0.032733021043163446	0.11894570790858917
0.034246723472922576	0.0727765285835279
0.03563191220250012	0.07255692294081481
0.03261694945375036	0.07606561852077871
0.03215518045579499	0.12652146365413075
0.04551808099227242	0.07077315501648877
0.03420769493037416	0.12441454116872741
0.034155102629428884	0.0723656643069891
0.03307127931323816	0.09305978574535324
0.03571768420520275	0.07271647907711912
0.032678798293861486	0.12040355583334356
0.038977785149745904	0.07442400995363846
0.0342172227333997	0.07237815519192804
0.03372572251488696	0.07249448748129478
0.03200415731397727	0.09710292678282884
0.035101785322686145	0.08951274903211628
0.03666871276025952	0.07771693906370443
0.03505462552310765	0.07982330452927813
0.034371922195687236	0.07054191159327418
0.03595244296317247	0.07205677765959555
0.03430896924975545	0.07084703392132723
0.03279226557791209	0.12203090518745666
0.032567375936209675	0.1215943429847903
0.03402005172655261	0.07140548628353631
0.037944974023116224	0.07425932573132227
0.03568270250394345	0.07326908404798628
0.03518102839305254	0.07148944344554212
0.03246685545917139	0.09290663043980575
0.03296944419263155	0.1305927068424643
0.03309830973747001	0.11789486968273094
0.035144436181799285	0.07724480321248822
0.03562702003797524	0.07252340105411126
0.03377038778150772	0.11787574797431322
0.032992003770834465	0.09816762381748949
0.040521899329786046	0.0727530095111354
0.03379039969078191	0.08770517898356686
0.03162598897666365	0.12911778600535526
0.03347762288966777	0.0719908838046021
0.03780231958428461	0.07069666091053621
0.03403494612007601	0.13642319673108005
0.034009058083658596	0.07472334567328476
0.03931846747873062	0.06881092311073975
0.038096241324291194	0.06827929932929554
0.033911857044054	0.08832435493387665
0.04670463520914561	0.07141002610083078
0.03519777919483762	0.07494501697557963
0.03376877702545117	0.07367506686696715
0.033948725690725774	0.0866797706150403
0.0384096055271666	0.07165390395863462
0.03962457275920001	0.07174950207932294
0.032687736326935155	0.12390553133891934
0.03698841396368656	0.07231437499102887
0.03879274584928535	0.07018549417780506
0.037814237765001216	0.06785066609146269
0.03940653542783759	0.06915043717319382
0.03402470385640709	0.09207969775360925
0.03313872481840247	0.08894000770954946
0.035839733576475685	0.06645258760305758
0.03863672573794286	0.06868545527194207
0.03267893072487808	0.08036574569483852
0.034543586323611125	0.10410415426932222
0.034641882143714726	0.08190473974325048
0.035340419531969286	0.08046734612864986
0.03163183229044354	0.07835142016095385
0.03392464427809157	0.1157492342194048
0.03674244238503278	0.06650936457093116
0.03701530300054158	0.07246304132193314
0.032563331033756825	0.12154182252057674
0.03952302443230571	0.06942885662019965
0.034247765590185796	0.07046780847018692
0.0349440445973294	0.06956866783827273
0.0341272593702233	0.09905198125491559
0.034489069017523286	0.07225754199161066
0.0328701121695087	0.08582204468925382
0.032022331757609095	0.08464957942090434
0.03518631577739043	0.07386732738376182
0.03170201919926295	0.10096557872516375
0.03170542404525835	0.09802257884525989
0.03429129441001533	0.11476433596164294
0.033159832850980495	0.07338530601440774
0.03293216098278953	0.10581872428870277
0.0337090386234504	0.08443794493549639
0.03679896022746642	0.07041992854107879
0.034914732858041767	0.07653420960850278
0.03307148650166688	0.10047254445274989
0.03232015162278577	0.10611550133802061
0.03193562300295804	0.08187473789948273
0.03748149091752152	0.06599714471292153
0.0323317457751139	0.09511222262262292
0.032881130291248874	0.09064246814461864
0.03241484281386844	0.12142060747817998
0.03353039674949234	0.0751074752670279
0.032066265472140844	0.1359171233838447
0.03256620737379116	0.10729960657701908
0.03402005172655261	0.07906290107474474
0.03321763532269354	0.10384808853829544
0.03206015311850443	0.15184597603759967
0.03413101873664004	0.11206283473194856
0.03244614967445501	0.08998195512441161
0.03410533719403365	0.07109391909928775
0.032678510106297715	0.12758511674384662
0.03438014493641281	0.07055036518437205
0.034200729212861304	0.07076967098608425
0.035077965030866215	0.06899895157655925
0.03722083957711739	0.07558761585640758
0.03212644883670302	0.13495745942625115
0.0340373051486139	0.09398119903678315
0.03191459794455408	0.09500118700607854
0.032854362448743055	0.11949097331294715
0.033369650096467474	0.07388906026010975
0.034309709754359284	0.07053161409058091
0.03328286695432699	0.08145950010279833
0.03282805106083002	0.10552197045434784
0.03157836268017776	0.11614004216211682
0.0356415032673705	0.06909116159778868
0.03475658828831798	0.06947177500189582
0.033523000598465524	0.07142324685937353
0.03420487935920159	0.07123615295423864
0.033025820774989174	0.08693270877217124
0.03868311871854843	0.07017910403142583
0.03473661638663114	0.06975399922849876
0.03291938317612976	0.08026216505773619
0.03408608475243484	0.0850148670824371
0.034755391230714895	0.07089870372706068
0.03448699954219855	0.07049615890638661
0.033878340155988396	0.07136803882895486
0.03246652147000634	0.09290706024700156
0.03292385062089313	0.11795015138020946
0.03206628323334194	0.13439520695262794
0.034551008352200485	0.07147545317480533
0.03430896924975545	0.07084703392132723
0.03259449668367223	0.09659587622120058
0.035235948804310316	0.07149732670761155
0.03511143796595778	0.07231857236846082
0.03682850583244439	0.072975133795375
0.03470046121145606	0.06937995430631445
0.03269664023211656	0.12182362805316664
0.03606442365122856	0.06189956232635908
0.03228499220552891	0.12603030313264807
0.03937387109926903	0.06832610974472823
0.032763277060428385	0.1263069230377312
0.032970767433542804	0.09244204391341418
0.032678798293861486	0.12040355583334356
0.03206622003567246	0.08263122151273297
0.03876734922687955	0.10865033218055768
0.03438950647016629	0.07038742472768487
0.03864736554604633	0.06616284907217018
0.033282282796952785	0.07201057249040127
0.03298257739717235	0.09892240998887321
0.038336768343843204	0.06872439843393713
0.03346326638322083	0.07581092363296078
0.032090479723104096	0.12353923872172004
0.03255103098419742	0.12470663702408158
0.03472136265406674	0.08922447831289095
0.03442231143664783	0.0808210053650287
0.03372572251488696	0.07227243793460175
0.036108727575507274	0.06917736228611963
0.03347762288966777	0.0719908838046021
0.03376877702545117	0.07367506686696715
0.03501316164253041	0.09891336535540136
0.04063902021651317	0.07151631918918722
0.036376330403270464	0.12462873802397491
0.03376608295002393	0.07314985828385619
0.032738817262853825	0.08462794767610544
0.03563307747841581	0.09645185677816016
0.03466882389484004	0.07078480695497914
0.04548836536964564	0.11858247154084992
0.034717932595915595	0.06698579699317868
0.035219625678938195	0.07191806003639746
0.03411598804566119	0.07215322995062455
0.03292295473408133	0.09520741035639285
0.03274124220871339	0.07625264238014537
0.03423815837626876	0.07897785176790038
0.031678154507731336	0.09401926371007788
0.03341590026167939	0.08759345748508456
0.03444938436360028	0.0675610461385872
0.03251948828727471	0.07607461965568936
0.03259521866223561	0.0927794095143513
0.03336501108599598	0.09382969355459339
0.03810468104716534	0.06881953637932184
0.03549311638833183	0.06956030997316401
0.034593515332619076	0.07200916607356657
0.0330079720794308	0.082862597918967
0.03410533719403365	0.07109391909928775
0.03162598897666365	0.12911778600535526
0.03347762288966777	0.0719908838046021
0.034371922195687236	0.07054191159327418
0.034969376289467315	0.0677473940355642
0.03314734412778518	0.07425921774402634
0.03330702147247582	0.07204101471736579
0.03374739328562457	0.07187958056429761
0.03402005172655261	0.0692818801977656
0.03191459794455408	0.09500118700607854
0.03434033424127225	0.07031278302185799
0.0343095401065897	0.07062246402859439
0.03471386903462071	0.06717000869533171
0.03328698456145423	0.07861315482393622
0.03329543769223006	0.07197549961814308
0.03460964733164021	0.06957823183639279
0.03353024180897971	0.07337998389886702
0.03456066714204344	0.06708830905872241
0.03862101218676561	0.06615915966914221
0.034440640621003986	0.07283142702121498
0.034717932595915595	0.06698579699317868
0.03371640093667217	0.07329515444538276
0.03409787255891018	0.070853629868933
0.035632427374172874	0.06980034312809481
0.03450600155160528	0.06891156250348032
0.03475578724043975	0.07257802533448592
0.03554818262832409	0.07158894389834097
0.03304136434171236	0.09671190048637884
0.03579546257575549	0.06800921674289254
0.031624693651869165	0.09796433553128041
0.03140210180614383	0.07978265885103604
0.035092635833357824	0.0878053553839715
0.031588328500306455	0.0950548617728543
0.03355132186134191	0.07583344490944366
0.0337283823297672	0.07249734716363884
0.03347506635734341	0.06791683069982277
0.03314082643587199	0.07336417610160531
0.0323317457751139	0.09511222262262292
0.034571110135450146	0.07190472991075961
0.03869724041068097	0.06626948232084663
0.032077855785368155	0.08346509331563727
0.03397415507025387	0.09722051789911541
0.03605368954652721	0.06912455702914934
0.03404416816755982	0.07143081305177457
0.031282107960216854	0.08560751752873841
0.034263037681559104	0.07109026566149701
0.03261694945375036	0.07683233406760413
0.034453998823731576	0.07046235935862431
0.03253850374049776	0.12648397685156443
0.03438950647016628	0.07072632982025667
0.035230437911541054	0.06975873393313495
0.0333680480463398	0.07119403195988834
0.032167323337684975	0.09770397054865675
0.034175436423839876	0.07041580513976359
0.03267591675373181	0.09764624370618491
0.03160470227338573	0.07853918723844355
0.03169889781494677	0.09758362508427762
0.03412869150532119	0.07029387435888129
0.033974770507919215	0.07335940130278289
0.03200415731397727	0.084748617636196
0.032914561185939044	0.09885464670369828
0.03264602135500053	0.07101090509140338
0.032335772529234204	0.0990440174203138
0.03336965009646748	0.07262515559311361
0.033523000598465524	0.07196771530132319
0.03206622003567246	0.08277711528922542
0.034094474321676824	0.07120915094120288
0.033361897575349186	0.07014275728989353
0.03769324299507334	0.07262305680553306
0.03191191614245762	0.0947560397272144
0.037513437092683816	0.06946199055516976
0.03494423139592678	0.06956864936575821
0.03811130905462323	0.06827548617514066
0.034988713825950354	0.06996683755100004
0.03288054688295861	0.07188611155897895
0.0350702789849162	0.0677759248968915
0.03885058372658644	0.0720844908560747
0.03392045586795697	0.07248000742985335
0.03679896022746642	0.07138936775481135
0.036108727575507274	0.06918083628604933
0.03448699954219855	0.07049244023374618
0.04405589002122508	0.07129665145057792
0.034150639358985276	0.07199811665104437
0.03660195241876035	0.06699153389624099
0.03684640268049296	0.06808284702634577
0.03234247359725628	0.09512330848684342
0.03168151861564103	0.10095272739285022
0.03204189133300617	0.08118853221163137
0.03748600259763676	0.0716562995367361
0.03507176270564352	0.06903047073612745
0.032654452683160376	0.07604259988742147
0.03217508206188791	0.07516312212822018
0.0332204922296216	0.08488720052702614
0.03416882677757274	0.07044053308861581
0.03873442306614565	0.0661454232690332
0.03516336894339465	0.0691390136242762
0.03421509748375501	0.07204465634472465
0.03162627433887266	0.08430305883612678
0.04119243047213278	0.12281499258315895
0.03471386903462071	0.06717000869533171
0.032022331757609095	0.08464957942090434
0.0355344257855588	0.06679203795439073
0.032912047424596864	0.08025321822462078
0.0352017634638612	0.06640229147019933
0.032513218162739596	0.07635239907939144
0.03395764676715382	0.07191568517680988
0.03407364712282848	0.10548092544693571
0.032937276170871575	0.0778461319769079
0.031624693651869165	0.09565805727658978
0.0326297991471204	0.07607012457962566
0.03207172639566096	0.0834571174337801
0.03473694282290546	0.06963077379471179
0.03428925919902189	0.07311966714389123
0.03441972470069356	0.06818272971382451
0.03369198334083195	0.07080162640009398
0.031624693651869165	0.09796433553128041
0.032125026625553825	0.09900714924492092
0.0358155767574815	0.06878451033352494
0.03170963824255866	0.10097234216129608
0.032810750841407485	0.07165425749752019
0.033095414384540396	0.07807321784174434
0.031980974749859274	0.08465870711114877
0.03471501786828377	0.06718371742321684
0.034363813143362815	0.06746129470127736
0.03468556862628106	0.06740442430355735
0.03202233175760908	0.08390425923062375
0.031672010041206476	0.09030302665332798
0.03474001586341532	0.06945516743383522
0.03411153714683482	0.07174091112460947
0.033475066357343417	0.06791687115782409
0.033568199304966184	0.07206972966224427
0.033106294440542534	0.08805558882656245
0.031801495336193045	0.08456100312610002
0.03142923041284249	0.07959330633017266
0.03289208693302433	0.0747495210649678
0.031636056804055256	0.08633871388398055
0.03424502146969901	0.07242906956751555
0.033282282796952785	0.07201057249040127
0.031282107960216854	0.08130787547976576
0.03157836268017776	0.09874486261345992
0.035027112045059476	0.07640933986492192
0.03308426166516615	0.07401345905048291
0.033071322563854505	0.08310928600981561
0.03444181483847973	0.07082397503364078
0.03267893072487808	0.08036574569483852
0.03265199419534171	0.07053432108583611
0.033283699261520874	0.07200516536994875
0.03158875934145679	0.12904171795871813
0.035536136799130466	0.0677050355652836
0.031311297769692235	0.10145507919210747
0.03404416816755982	0.07950677112042531
0.03530367764530028	0.0613860828048498
0.034523869649797034	0.0670224938097475
0.033246276746412506	0.07770265307453993
0.03352300059846552	0.0735642254164677
0.0344213224215417	0.06499869788782672
0.0359000187858437	0.06843996051334633
0.033950637562876515	0.07209185824942774
0.03428016682707434	0.07079710325853039
0.03234554131950043	0.07761036589808296
0.03184176755374897	0.09705329137477745
0.03170412118128976	0.07858811358339281
0.032006594287160746	0.09758592922744773
0.032603251259927524	0.07706761269214635
0.03126338489925053	0.08586223328490082
0.03496688764452204	0.06774806717165932
0.03310757080400059	0.08404411061859146
0.0349440445973294	0.06791827706169619
0.03176483966754994	0.10124709696386247
0.03368424921677075	0.07212288861193158
0.03475369784692536	0.06687972448869639
0.03539259970615771	0.06519045297799313
0.03448687828332564	0.07215338175150522
0.033244340967458964	0.07169398067820046
0.034002329752453216	0.07242932373264264
0.03364295937814461	0.07172340597788264
0.03328215635387235	0.07592800017645146
0.03210502450589446	0.07382622209481018
0.03162598897666365	0.12911778600535526
0.034969961859033824	0.07089073513474983
0.03292470362584987	0.07716893488522886
0.03207956951170891	0.07600646493860475
0.033075186540719614	0.08919145503534653
0.03258076358758613	0.07164484260767133
0.038563251985014854	0.06997446367853802
0.032616949453750356	0.07526646898012089
0.03329937260025631	0.07487080069905944
0.037615135292556445	0.06597869423851042
0.03278350158324743	0.07471381569754922
0.03461306111219024	0.06718280950010133
0.03305718397498266	0.07755416173324617
0.03560816184471869	0.07206965215452238
0.033220963291704424	0.0746056181408495
0.032118806623129215	0.07368730836681898
0.031446229952946984	0.11596953207030847
0.03295146738899803	0.07205507205373952
0.03312631775931609	0.07534093206261022
0.03257394194140333	0.07773127176924348
0.03581436033155965	0.06642899270052946
0.03278845205661392	0.0721514423024661
0.03500011865428849	0.06707850302242938
0.03274323374636486	0.08720299963468137
0.03268072196275128	0.07899780969984259
0.035845852653428545	0.06645827677829677
0.03257799030786321	0.07164177975647315
0.032272140236464186	0.07560698046091932
0.03480438760059436	0.07589666421026102
0.031340916404334576	0.07442050235570706
0.037497410285002634	0.06634422315740149
0.0345019045587371	0.06891330149425093
0.0437866238295807	0.06557373109807756
0.03258180699118013	0.06950489339703603
0.03447872473988035	0.06884487057856137
0.03471793138810769	0.06698579582621551
0.0326460226042517	0.07101090645063068
0.03264076940771828	0.08179410113836448
0.032681064687975304	0.08241578230748481
0.03349831069239361	0.07334421085235705
0.03642666656619393	0.06625082498790116
0.03291258973123341	0.07226684884035695
0.03135096054080951	0.07975615157078848
0.034681812739083884	0.06955794584007317
0.03259425740879942	0.13032078334662311
0.03146613902748496	0.08063504030224757
0.03148705315983604	0.1529734520971791
0.03539259970615772	0.06502157395789629
0.03206532978605723	0.0760822343368622
0.03456066714204344	0.06708830905872241
0.03660195241876035	0.06699153389624099
0.03115303657775429	0.08433508363576141
0.0320349761598759	0.08849086607456533
0.03158875934145679	0.08330373895511765
0.03128210796021686	0.13374824735040144
0.032578064455320424	0.07095767888447382
0.033151725845682635	0.07212079294876947
0.03395547464210401	0.07039619192874583
0.03235562535746604	0.07604489739971222
0.032513218162739596	0.07635239907939144
0.031728681970699495	0.09719974775973314
0.033110621505205634	0.07240055736585123
0.03281695969817298	0.07537573669336606
0.036674659758078314	0.07216828963687398
0.03181308331552763	0.09429727642542934
0.032813727979704846	0.0758044084494602
0.03272116570576629	0.07626796334698617
0.03586533730952511	0.06647638985513973
0.03167951636237925	0.09031373442670153
0.032315313041495486	0.07747183237405116
0.03342567252754331	0.07186422446994759
0.03347506635734341	0.06791683069982277
0.03194969871586833	0.08346888091851332
0.033523000598465524	0.07171414683761222
0.033565168958914184	0.06872027569060457
0.03253822786516767	0.07597337196771022
0.03170869468446187	0.07844661176556178
0.03471386903462071	0.06717000869533171
0.03193562300295804	0.09138934302810338
0.03477418823800681	0.06973357170749321
0.032571244382456836	0.07514000236250129
0.031930617563855374	0.08842224691985362
0.03665309598365574	0.06720708994157897
0.03397748503680917	0.06701675517356098
0.032987506549058306	0.07290286093929106
0.03212022654547979	0.07598688470344393
0.031654275828964615	0.09568452774304138
0.037470527783087015	0.06598745585730963
0.035403252087827373	0.06940982597089826
0.035298828405852085	0.06679377509481797
0.03529983696940491	0.06820224681300198
0.03557430074618115	0.0669322251442617
0.03700870145557988	0.06788319408123937
0.03264602135500053	0.07101090509140338
0.03162627433887266	0.08430305883612678
0.03867061579132636	0.06806371699420172
0.03249091813305047	0.07718828733897778
0.03250177812662873	0.07811995451896203
0.03127672122851437	0.08559215006776587
0.031282107960216854	0.08117500697174113
0.03157836268017776	0.10454969925957336
0.03791304352422295	0.06654055003253592
0.03369198334083195	0.07080162640009398
0.03204189133300617	0.08118853221163137
0.03206622003567246	0.08263122151273297
0.03206199533530632	0.07510994528269324
0.03226597309631145	0.07896138032735919
0.03341244852423849	0.07210237399048072
0.033282282796952785	0.07194869282817053
0.03475369784692536	0.06277816470669827
0.03207956951170892	0.0760314572862332
0.03436381314336282	0.07601283173116878
0.037933429456481205	0.0763244998992476
0.0367128320794891	0.06656419628720478
0.03142932948766527	0.08398973792224455
0.0317722637874696	0.0848947525577566
0.0364213828776726	0.0662817241851804
0.032315313041495486	0.07747183237405116
0.03162627433887266	0.08430305883612678
0.034713845988567395	0.06310094206206808
0.03397750098850257	0.06761129810878659
0.03128805981588393	0.08106597012730878
0.03512595374053826	0.06680312984136859
0.03160470227338572	0.07912086587451099
0.03210502450589446	0.07382885828634882
0.0314314702843978	0.09429690610126437
0.032276839513804965	0.07444606294090711
0.03250553012376366	0.0739654548559348
0.031316752553842794	0.0793020471042758
0.03747052778308702	0.06605873404802616
0.03264602260425171	0.07118091662310495
0.0320658306754544	0.08263071900938464
0.03140581057123585	0.08115053040942323
0.03448030461619274	0.06789598326425167
0.03348181823541671	0.06792370713538624
0.03453385217622023	0.06855498654772073
0.0377845708176891	0.06582961862782602
0.03247063299901988	0.0721420230370426
0.031775676314796594	0.08256594630762096
0.03245238252240765	0.08631928574230467
0.032025363599572726	0.07374691052490417
0.03290695239615102	0.0730131742650036
0.03291243248748568	0.06956710729705518
0.03326982321375328	0.0733596717848254
0.033959823072244474	0.06648268805705229
0.0344198743469691	0.06750926995029913
0.03415269293804278	0.0702739496941095
0.03160470227338572	0.07854494991348655
0.033475066357343417	0.06939753545574852
0.034671051960045794	0.0697074598742287
0.03137389279990089	0.07371685513925465
0.031676350278119436	0.09484724610780884
0.03465435595471316	0.06755365376100328
0.031851610398887946	0.09485280092054219
0.0352017634638612	0.06640229147019933
0.03250240401480772	0.07896493141248365
0.031739476767248594	0.1162046616787163
0.031384714818891477	0.08094459551514427
0.03289965242323742	0.07116911466599272
0.03182222070639467	0.07730279551622063
0.0358945354481712	0.06649783496382812
0.032016650391447625	0.07540544319977742
0.03499162062066531	0.06982844383882617
0.032657179051919095	0.07053155552710266
0.03471386903462071	0.06717000869533171
0.03208224391732415	0.08297039665333981
0.03499720835821226	0.0655804024431037
0.033478119342632964	0.06961207130697254
0.03144431425245119	0.08173912782851374
0.031914855684926906	0.07436455443414441
0.033769998603774734	0.07265826757150053
0.03125665267609541	0.08255246823367621
0.03694863180026113	0.06631854979519103
0.035615148636026564	0.06852253246009042
0.03144597859359849	0.0894527619230947
0.0321852867817981	0.10061313243403644
0.0336320047650219	0.06899286624883504
0.03168183451206527	0.09280234629732462
0.033073297592548324	0.07180289960795605
0.03341485989112026	0.07805852176716094
0.03308219505882371	0.07765939752703545
0.0347879298840335	0.06708610520905336
0.03472936187814019	0.06727297648152815
0.03739258042786669	0.0661155259967827
0.03357341188636481	0.06801695498462994
0.031282107960216854	0.08560751752873841
0.03400976377626421	0.06744633650657247
0.03257389125803936	0.08459524258458075
0.03130363115878694	0.08012524473960227
0.031334850362097856	0.08850439355323683
0.03176248312758046	0.09811831639417072
0.03207136042447587	0.08102561554831215
0.034368236231027645	0.06509112293569393
0.03127068564079579	0.08116087149332187
0.03143783758362816	0.07935555648644281
0.041135107205428324	0.06560404843023383
0.03142365970025667	0.07979456275987193
0.03406287908716887	0.0674440006916577
0.03251714734018246	0.06856686879049513
0.031877460225315166	0.07472153224906632
0.03187278955234898	0.09036368513296295
0.03127672122851437	0.07714638998462346
0.03356516895891419	0.07467590907980196
0.0347606016573775	0.06751131370339206
0.03439153029156438	0.06606650936454075
0.03313514254837751	0.07356974931778966
0.03208573849198802	0.07335051678803131
0.0313178902258005	0.08047458778537782
0.03265199419534171	0.07053432108583611
0.03258076358758613	0.07164484260767133
0.0324446194341041	0.0714943968786011
0.03862101218676562	0.0673254199672421
0.04641052858298263	0.06545056446864524
0.031391809053999076	0.08686366337903938
0.03245940617945918	0.06953231552364127
0.034374649230455766	0.06549667417539173
0.041135107205428324	0.06817931943058486
0.03204171246665835	0.07357007045072711
0.034049145868941845	0.0674580232447577
0.031426811765779564	0.08629400499643486
0.03195550750175442	0.07505944646585927
0.03871590657202454	0.06115110161118244
0.03469258479327593	0.06796635081218703
0.03477043778777462	0.06510413598968136
0.03550641719735079	0.07156659038865831
0.03264608451371273	0.07166910701144218
0.03220402667958832	0.07277393821571469
0.03439995973943392	0.06343674296022496
0.03201403637161121	0.08551087808535733
0.03177481911344384	0.07514033603349797
0.03665357731509022	0.0663760812929753
0.031603011273260984	0.07856014480438779
0.034422877301269424	0.06498952467835352
0.0350391455147903	0.06550354205528894
0.03348181823541671	0.06792370713538624
0.033027187652850204	0.06886268585295184
0.03145182239340503	0.0794046611445725
0.03452386964979703	0.06697382343450906
0.03357341188636481	0.06807095639630031
0.03131161090103273	0.07657534360754532
0.035316714131366	0.06942414203298793
0.03347390930442426	0.06791569272214774
0.03609917628318407	0.06915483349925255
0.0415635768501331	0.06445780708286508
0.0321174268569907	0.07539291171885255
0.032214768915650165	0.07502616233063963
0.031350349044120845	0.08883232207894638
0.03441639142008161	0.067497055586418
0.03487997096533335	0.06634039350736914
0.032484038389763326	0.07017011845628252
0.035298828405852085	0.06679377509481797
0.03131148961481435	0.08053825774718062
0.031270194619903664	0.10238911196835107
0.031149790250772434	0.08372013136715989
0.0324867023692579	0.07132181228533616
0.031182070427333244	0.07554874303047429
0.03412539234055349	0.06924886291229003
0.03216539264491838	0.07059086429259377
0.03711510802056876	0.06865008114419874
0.039777262171393664	0.06787289057157314
0.0338480297462468	0.06872316146903411
0.033050975439371286	0.06916062039615556
0.03839256823125505	0.06622425846850293
0.03248339090890035	0.06935948391618936
0.03395037449636782	0.06911111660380152
0.03438786344390468	0.0659348601326683
0.032457266405803376	0.07717212641014308
0.03210486533620572	0.07382603877465208
0.031850574622876354	0.10204399412147025
0.037481490917521516	0.06604263296449187
0.032646021355000526	0.07157752720235758
0.03442220544568898	0.0640147355615175
0.03347414391694723	0.06908126793195302
0.0312887399995784	0.07960716659579788
0.03303819470085752	0.06976769559833863
0.03460111426584766	0.06708296082276975
0.03143241436770867	0.08778710706088153
0.03160470227338572	0.07854012431079231
0.03170869468446187	0.08093688363077964
0.03528874700040594	0.0692133013761777
0.03407563723313028	0.06599904757421854
0.034751100416465015	0.08342885985031284
0.03143187327365566	0.07955710601558696
0.032630900939792	0.07965048924343181
0.034030705502544806	0.06389187672994492
0.0336174307708426	0.06786275308296535
0.03216768634632945	0.07341824439197688
0.03104393496128358	0.1057179322632228
0.03507377953586688	0.06633779850530358
0.03259456053901071	0.06799069003626369
0.033978605276302025	0.06899895094536909
0.03251199911880433	0.06855716339407739
0.03183327271518793	0.0771989787532648
0.031443458990232806	0.08137252237922257
0.031235957808296678	0.08268163520037938
0.03126308498116699	0.07878845219735181
0.03686155239029964	0.06828353225891527
0.031184969584188878	0.08069829395371846
0.04169851944191025	0.07058951627565364
0.03393866246929666	0.06706343926973053
0.0351994971254397	0.0675799075397966
0.03147641353923418	0.07430735327205848
0.03170412118128976	0.07858811358339281
0.031320043393717044	0.08352380958331379
0.03345788827323181	0.0666888603821625
0.03258180699118013	0.07002694936909783
0.03182222070639466	0.0798929362808356
0.03218742950817911	0.07055114032890007
0.03189219903639836	0.07736304704499007
0.034368236231027645	0.06510070287584159
0.03203205455693666	0.07999849285201795
0.03129058039735254	0.0843771960097023
0.03441738424129436	0.06618863050778896
0.032063951471212396	0.06989758173475655
0.03135064241648988	0.08166226859244924
0.03187770482888581	0.07472172108269405
0.031184755892564347	0.08069809042383876
0.031042018353945378	0.10552087222274874
0.03160470227338573	0.07861508258665839
0.032451968427638665	0.07021858913861549
0.03248736780170674	0.06932998654860159
0.03257412380308611	0.0711123105103785
0.032391803317552224	0.07127905776786249
0.03196518499248861	0.07495434775906562
0.031039207667492328	0.10930551931337598
0.03272143579687746	0.06874665189656957
0.03425695430611028	0.06843928011781783
0.04210947870309962	0.06440830173200282
0.0347806370820883	0.06536191466901306
0.03251781473130626	0.06856755192524129
0.031153051184692873	0.08567355338387346
0.03128350072782638	0.07661748517831583
0.03508851434127642	0.06281298537568736
0.03356957681525993	0.06801304567205622
0.0319169798433065	0.07680930845885008
0.03438786344390468	0.0659348601326683
0.03173029523729575	0.08023867578599392
0.035100048184763644	0.06398157258852107
0.031334682141590214	0.07573436095826203
0.03248962491044089	0.07015597881037673
0.031887692611813706	0.08638797926064122
0.03257542100367927	0.0709522520850642
0.03436377305118194	0.06746411528164432
0.03203660054480581	0.07356416733124752
0.03437964284787486	0.06549780278168812
0.03157610952068254	0.07422840644877103
0.032205281710526536	0.07767751278002816
0.03188805901813335	0.07480040303784843
0.03215613772989702	0.07334610718802789
0.031144222853701574	0.08495622848667393
0.03408108487487104	0.0673061517001442
0.03281781272146292	0.06677591138589048
0.03127019801363564	0.1023172123627961
0.03474556069890574	0.06688298522911898
0.034410728562731266	0.06329468073915509
0.03245980944299983	0.07658073482031813
0.03263016833232972	0.07073250931332217
0.03400975923242108	0.0652775605463637
0.03381972805767914	0.07241616104079746
0.031403995268121494	0.07545625196897784
0.034876907272510915	0.06827396193849165
0.034366441009460215	0.06600715565911393
0.034399919474858286	0.06556595522029081
0.035751001165008865	0.06948903755253309
0.03129346438872762	0.080256620538303
0.03147558526304035	0.08071137848408282
0.032088365294011434	0.07276321142285996
0.041842576177096705	0.06413286114317851
0.03227270153826843	0.07438782786519935
0.03416439880013369	0.06809225566291437
0.032025363599572726	0.0741745219167446
0.03126911878374984	0.07495111287284617
0.03350779355032952	0.06812519134140688
0.034374649230455766	0.06549667417539173
0.03160470227338572	0.07854494991348655
0.03115303657775429	0.08433508363576141
0.03126338489925053	0.08586223328490082
0.03127634203324059	0.08126740623261851
0.03218870784497946	0.07675360885215501
0.032629316206957935	0.06945746796246756
0.03199270369953711	0.0786663488845986
0.031777893382504536	0.07865702254136192
0.03191858136099204	0.07507088823225724
0.03441969411254053	0.06401871558070868
0.031872037789292186	0.08337644287663343
0.03300291916547236	0.08044760333597585
0.03115303657775429	0.08433508363576141
0.03305687615693008	0.06990558985488422
0.03106470450672346	0.07985545102347182
0.03442220544568898	0.0640065929677289
0.03200485084074337	0.07409301222660611
0.03195349093473174	0.07477399464532275
0.031914855684926906	0.07436455443414441
0.03143783758362816	0.08195406872713534
0.032102106742386054	0.07383047255691347
0.034003695985675146	0.06744229226315146
0.031925613247711586	0.07560558375574712
0.031393230558751144	0.0805637726500293
0.03357415420678635	0.06880439188509752
0.03554350816052921	0.06626783101426965
0.031774819113443833	0.07514154781605398
0.031976457219700744	0.08177442681337409
0.03439153029156438	0.06606650936454075
0.03550670311755747	0.06617307851754045
0.03439750955105641	0.060328845696446025
0.03245182278932803	0.07041620490636803
0.03251199911880433	0.06980099623520743
0.03127672122851437	0.07663655589016322
0.03238087406529047	0.07219356562793791
0.03202797064022966	0.07343003063904009
0.03143170664951254	0.09555444854262957
0.03126222361932005	0.08453391576643303
0.032633539443963896	0.08142466804513497
0.03236907520068509	0.073013822371146
0.03238610068971223	0.07127278189833856
0.033645336993990714	0.0680901345981357
0.031259211182023655	0.07924850886712552
0.03470300768020727	0.06323813311360427
0.032279696404586736	0.08085950130408044
0.034419818006642816	0.06622434080309682
0.04100776762489374	0.06451013103224325
0.031996259362116336	0.07035312246603768
0.03098590010470987	0.08410795697218695
0.03453640348366217	0.06525995146406052
0.0334748595648001	0.06811149642685095
0.031567795309038	0.07421861705492554
0.03114126859982026	0.08455632047828729
0.03215724840563862	0.07307436545602165
0.03199520049136757	0.07445142003624602
0.03544630421673121	0.06728022623473366
0.03462803562349627	0.06558885456876029
0.032249734361427654	0.07066990212642711
0.03161379759477088	0.07608782699795888
0.03138721130903728	0.07543604345118302
0.032883254211786554	0.0672487313583728
0.032301164766090164	0.08415562574964133
0.03203508515903741	0.06884548960143191
0.034658959898158447	0.06569090261003903
0.03274810663919681	0.06925780205628186
0.032318609131685355	0.09523356183438127
0.034397425926409486	0.06343440314117886
0.03251978151858141	0.06856964754976869
0.03259456053901071	0.06799069003626369
0.03272143579687746	0.06883419371853787
0.03193644783267631	0.0718894815580994
0.03280244549656497	0.07198852589442588
0.031148490092994346	0.08379308742173389
0.03264328968814659	0.0745270257185309
0.032395155988415636	0.07342052050680525
0.0344202518896491	0.06544435696324626
0.03126094508204692	0.07883928442117256
0.03212259830296113	0.07422482251501256
0.03248339090890035	0.06935948391618936
0.03245298078471275	0.06833886438087876
0.031376124312876355	0.0737137160557367
0.031180323554222084	0.07555197048597707
0.03258261988211786	0.06893094836536443
0.03158361202129068	0.07749326993294199
0.03438444450342549	0.06342242801606049
0.0314485882583583	0.08123932472419555
0.03221127939800681	0.07835294836694155
0.03466231264673952	0.063301749130498
0.03305321794322968	0.06847799876391081
0.03129409114357183	0.07749266093606297
0.03127738659504867	0.07688322909596162
0.03248736780170674	0.06954962095771251
0.032943666080538204	0.0672013025367889
0.03409507293874662	0.06612889936807254
0.03399671675823448	0.07462202078913255
0.031036486012573885	0.10563834377186643
0.030971444295316196	0.10591595887316527
0.032553299678533765	0.07178701776852019
0.03215459401755383	0.07334434578995619
0.031169033366911705	0.08018000698371121
0.03303565995009919	0.06978790487781997
0.03232206537121894	0.07560621643231821
0.03114653270441171	0.08423127321765753
0.031187705622997247	0.07923824805472209
0.03131121827589925	0.07931588409097744
0.034543436801597924	0.06427211526149954
0.03235361283313326	0.06938481884044498
0.031217550472299092	0.07508091036111508
0.031235957808296674	0.08233887298027512
0.03226404383667319	0.07395653723931547
0.03451015592850777	0.06443350145585328
0.03153841906306719	0.07335542812417352
0.03216768634632946	0.07345235174756962
0.03141981182556865	0.07537052791360926
0.032063951471212396	0.06961705926144411
0.03248339090890035	0.06963550997401122
0.035100048184763644	0.06398157258852107
0.03203660054480581	0.07356416733124752
0.03220553939058562	0.07979125985840643
0.0344199663337373	0.06402387571875966
0.03253203410341031	0.07112444109080564
0.031422630318216	0.07709567005970956
0.034660942611076155	0.06686656802781887
0.03179222352544974	0.0726657118565259
0.03456876455597596	0.06678318419504574
0.03188147049564534	0.07071871957373864
0.03278269183233597	0.0690803269247946
0.03347390930442426	0.06791569272214774
0.03198363689856817	0.07324204976464051
0.035149379063642405	0.06688311772390194
0.033929729866344724	0.06707019452645989
0.03176902057544912	0.07472417387916927
0.031055260102893206	0.07894053163683669
0.03162352246397198	0.08454885406406605
0.034437968205704286	0.06529216956205419
0.03115303657775429	0.08433508363576141
0.03463555739397261	0.06471635230600714
0.031151746487812593	0.07883343799877904
0.03408108487487104	0.06839383839978204
0.031199542693257754	0.07829636751660113
0.031156625291943848	0.08367938127383294
0.03116038226082945	0.07924697628903747
0.03461017455916373	0.06428966843813202
0.032376701096888706	0.07301269994017394
0.03251199911880433	0.06855716339407739
0.03104393496128358	0.1057179322632228
0.031177081741909383	0.08068785515714522
0.031203148411511207	0.10959911539022295
0.03185804521310045	0.07992597877557102
0.031277838899818756	0.08440307096899508
0.03180290282310318	0.07739377682750898
0.030926497000189786	0.08310080917956547
0.03263446472658516	0.09005405312602359
0.03237601393888852	0.08133463089573065
0.031228525204390487	0.0752555968344955
0.03206015427837408	0.0717304681538537
0.03442329587307065	0.060672003837902895
0.031028276230007236	0.08395190121911562
0.03157610952068254	0.07418735677352482
0.03128350072782638	0.07665526557559217
0.03130395417686994	0.07532159584983897
0.03142289076485241	0.0753632014999914
0.034683902864738075	0.0669337492565631
0.03184944184787967	0.07556192359210336
0.03140380572221594	0.07529011856274748
0.032459591964245665	0.06960605191444025
0.03126394100249624	0.07941196704890773
0.031206026303822614	0.08340842044065638
0.03314574252895477	0.06823242577296336
0.03115124750010851	0.08020077906046408
0.03395944254258295	0.06647940886514513
0.032064371613688525	0.06731576252097868
0.03160921745983894	0.07205398203336685
0.031042894760104484	0.10551552917015032
0.03248339090890034	0.06936457470590157
0.03397750098850256	0.06760664436483929
0.032608989632755145	0.07019333865935361
0.03416213367682036	0.06712188995073415
0.031134972173805592	0.08360631383304945
0.034374116307610336	0.06677028172880832
0.03410917802301243	0.06528825372509331
0.03235361283313326	0.07208366778511414
0.03213199976845709	0.06989852840733587
0.031874616847818275	0.07223425163731499
0.03182446381816072	0.07985286317938278
0.03126094508204692	0.07883928442117256
0.034718630570047225	0.06246578834181145
0.03269765988953235	0.08302429429279409
0.03241240527058994	0.06899136971235008
0.033381299738013605	0.0679285937632785
0.03128782390413657	0.07648055793263304
0.03237196952281774	0.07021822344271732
0.035150667119746064	0.06360758647898636
0.032445219043715355	0.06743649176925792
0.031152962926579705	0.08320688142233462
0.03127679621007551	0.07775660523842452
0.03127040789513376	0.07494956750272831
0.03115331183306212	0.08433688766483384
0.033079700621435906	0.06677595475777079
0.03131154214096456	0.07658906776485573
0.034374649230455766	0.06549667417539173
0.03397750098850256	0.0686614826484508
0.040635777108093823	0.0668284140221344
0.032615504932376096	0.06804597942652697
0.03505041204150842	0.06399884310051983
0.03249919839244629	0.06854758148342081
0.03114419518530102	0.0769718649155672
0.031628414554505165	0.07448942938576927
0.03097118922073672	0.08685119943623766
0.03189625919446288	0.07436188676846804
0.031144222853701577	0.08493993604721445
0.032459169117734145	0.08360702866990621
0.03198465073041321	0.072851698522033
0.031183662007922178	0.08116897293414826
0.034681519463364154	0.06539281551211726
0.0325621178708254	0.07117064679318809
0.03268265490582097	0.06863878597808933
0.031400447376600055	0.07539075782768015
0.032108346063572796	0.06896342237209609
0.032087672196866	0.08191334203703131
0.03127432614694273	0.07714342846327855
0.032868440806020104	0.07474018743000085
0.031167269504208825	0.10552335113321334
0.03273375742927189	0.06919437053301675
0.03442906786845786	0.06669779653241667
0.03156248460815059	0.07572912154071054
0.03244815177753648	0.06850987247456411
0.03550515377560366	0.06511209745417591
0.03352111054446438	0.06802582420311225
0.03253997798230583	0.07302512350982221
0.03347390930442425	0.0709615073157541
0.03347506635734342	0.07024549807037696
0.03437243712650909	0.0654883462900251
0.031380124477930836	0.07646241967764614
0.031219031280419036	0.08221311199165157
0.03096612120493331	0.1068657757828886
0.031402604359182455	0.07476943834155078
0.031938303368865016	0.07237465736009212
0.03270477626495502	0.07559352732432993
0.03264355917474542	0.07061545134112054
0.03206359485489659	0.07119952598417965
0.031986716516387174	0.07324545058182136
0.03321250498265281	0.06647524293477851
0.03129658902927863	0.07631103929100513
0.034709526630705506	0.06323549377033179
0.03437765252796853	0.06549326518492185
0.032393301278135986	0.06736275432401707
0.031238359250941226	0.07890588482502717
0.03128496625813143	0.07998965202478778
0.03442177173352043	0.06346257304598298
0.03258617546863284	0.06792931508256307
0.030971032395168522	0.08388047423555132
0.0342608492150646	0.06307722694806454
0.03203761666542437	0.07163765120440956
0.03161429134984534	0.0720039956321446
0.031997788713991504	0.06486335878039882
0.03570217338124329	0.07341996525988201
0.031942189547989816	0.07396978510916444
0.03141480672265879	0.07494518915617897
0.03390741848730175	0.06601480679201215
0.03122361865734881	0.08886350959007953
0.031115995879592975	0.07898263764414147
0.032101197248193665	0.07257393474674995
0.031043598775114974	0.10565892900734113
0.032459854883309734	0.06736149089588385
0.03442540851933167	0.06353740763940732
0.033912841266072156	0.06779531169523571
0.031126034527869557	0.08365579436912263
0.031064991348331048	0.0798547911819072
0.031411717136368485	0.0752245926872434
0.034385058713857164	0.06339486150451613
0.03164119810600847	0.07678084989663621
0.03346648467389878	0.06829978678880898
0.034251130748845955	0.07031415288918198
0.032159988788502056	0.070064103803961
0.03464403512020233	0.0639206479260469
0.031031718674619697	0.086986491146414
0.031028276230007236	0.08395190121911562
0.03128739204420573	0.07492498311065482
0.0333812997380136	0.0679305271968567
0.032507347363874325	0.0704913013888945
0.03258931960668917	0.06859097374431883
0.03118839036352866	0.07922446307434458
0.031892423202147295	0.07215750711966426
0.03113497217380559	0.07742975448082566
0.033079700621435906	0.06800720274253523
0.03128924548020376	0.07421704366349718
0.039127342214879034	0.0808938179359656
0.03157779430825698	0.07422538845461263
0.031081440223894453	0.10206661279851319
0.03426195129063371	0.06528740810303751
0.031064721764984354	0.1072766971750714
0.031153032114240874	0.07795606352210623
0.03228789495777062	0.07400352068363686
0.03450528403561413	0.06733353292462173
0.03442340946851642	0.06376205301467697
0.03116080778177113	0.07898451900140914
0.03128350072782638	0.07661748517831583
0.03222367697280807	0.06816820586883546
0.03144926307878597	0.07740682425079871
0.03437608846309159	0.06321282912445329
0.031190185138152242	0.07687914890991568
0.031114247098198357	0.07835513836830314
0.03143541350488364	0.07035899470529813
0.03259456053901071	0.0666834467345262
0.03203508515903742	0.07025253443691265
0.035150667119746064	0.06360758647898636
0.03347390930442425	0.06790802672663389
0.03401357340534286	0.08443401994936679
0.03158529110746351	0.08053347793940345
0.03132317846590781	0.07647181307555309
0.03394702938413693	0.06740992377133004
0.03128947103103212	0.07654375736172908
0.03438689514790499	0.06454554120096774
0.03152500670199356	0.07426979909667848
0.031560309110502616	0.07840049293731025
0.03439399143308305	0.06344665054215072
0.031262244273000034	0.07518866120516499
0.031190407353841303	0.07687729680658507
0.035716995346517094	0.07358282126974669
0.030952674314457352	0.08403000153472141
0.033802341074636005	0.07503390131549657
0.03099095920227032	0.08268506455247447
0.0318612463703619	0.07401480357772247
0.032436694151132844	0.06844826186293868
0.031048700603797882	0.08810979182313503
0.032902989319969454	0.0686398014850118
0.031047509503683318	0.08113512569532023
0.03246371353039562	0.06854898273971884
0.03127040789513376	0.0749694458593379
0.03105552672704423	0.07816066817448249
0.03129325187153437	0.07883694383334314
0.03268360357053766	0.06658222961566401
0.03557133489034686	0.06364945958576616
0.03127255058108325	0.07573898920029955
0.03136875457808402	0.07628705680228302
0.03152500670199355	0.0763500435162374
0.031056541815320683	0.07748541187929663
0.03485340962158942	0.06974446634829713
0.032475118940129624	0.0767264635115017
0.03107807797492309	0.10595235599850579
0.031145868364324467	0.07570215390251435
0.03226821916666649	0.07854451652108922
0.03249017650901444	0.07214524256682268
0.03096945261325574	0.08680879912107675
0.031220493379066665	0.07486479849947429
0.031166359635152845	0.07856995291132148
0.0318801665448188	0.07219413910352859
0.031122981918330028	0.07791317682619353
0.031592026065744294	0.08814072712797277
0.033158819242937745	0.06657334237705656
0.034711523783973436	0.0630988282456715
0.03361991251450746	0.06786526889887168
0.03478551964728154	0.06320644841762472
0.0336174307708426	0.06786275308296535
0.031072308458114695	0.07821827474587617
0.03257190080999332	0.07013488348708567
0.031151746487812586	0.07780548277841512
0.03129658902927863	0.07311594790969006
0.03222921018368711	0.06801253664718158
0.03156143070339451	0.07209982873720922
0.03143760469913568	0.0743788984788007
0.03142277654212096	0.07547373797118355
0.03453528984728775	0.06815022648507377
0.03162765021057017	0.07474784383615968
0.03523384356631059	0.06583077112485915
0.03167841589796607	0.08340261216384336
0.03096612120493331	0.12914244071533754
0.031232280021771475	0.07306364185562604
0.032107577999214376	0.06826198264020752
0.031289963181896856	0.07421789617552102
0.031713188104247364	0.07110123153261537
0.03432330695763572	0.0659725460571948
0.03547685415468907	0.06842321750304509
0.03570332282807402	0.07664576916232035
0.031856106497882	0.07223321707828408
0.031202149394043883	0.07549254923119723
0.03299176860085237	0.06724640967002825
0.031274426896004175	0.07723291542670215
0.03294730476170588	0.06617833133227083
0.03157109014760727	0.07419819205236229
0.03157061587515106	0.07413469135808136
0.031210841260047344	0.08293804394158827
0.0315175030534516	0.07260568405404322
0.03498310373039274	0.0633511628291828
0.0338507497549675	0.06678550527386398
0.03320756429218015	0.06646641012484669
0.03437608846309159	0.06321282912445329
0.03157216531999174	0.07549216308721615
0.03203502973480322	0.06884518511771016
0.031214845835281498	0.07641629573107657
0.03361944470795173	0.0678620190875182
0.03153154930528033	0.07434864499620222
0.03152520131776265	0.07448079935709588
0.03244796449192	0.06840653466652916
0.03443833449955361	0.06633109870842725
0.03456762667022704	0.06508371973605044
0.03393144277705761	0.06706673787442223
0.03206003894832933	0.07120465237835895
0.035257759408728974	0.06476638660852357
0.032852766864071695	0.06718837899758899
0.03257530354274792	0.06782742173917242
0.03188950586294619	0.07226087657663192
0.034715455037046476	0.06309486685062186
0.031567795309038	0.07421861705492554
0.03146283459084339	0.07599450340372235
0.03328935204179567	0.06629380113775749
0.03301427837320585	0.06672905584098085
0.032260669888029544	0.07267468902738128
0.032415016443611944	0.06844149948662617
0.030962205039409545	0.10689610395511903
0.03128209798906321	0.07792108988880311
0.03153974154707898	0.07301139076567154
0.031270039252279315	0.07496900248581732
0.03147698641524492	0.07564276103708602
0.03419302083048442	0.06467116506091826
0.03153415659510691	0.0778508687962919
0.03103305238421528	0.07810344161085311
0.03322570811904249	0.06625520620259268
0.03103282630981294	0.07949310214772756
0.03110002877897015	0.07925359293743657
0.036976146279123066	0.07378454697481045
0.03241277026359328	0.06899175910438274
0.03147243016116054	0.07514999643410566
0.032026888002082754	0.08005654287866558
0.03194786370723021	0.07047183120757182
0.031217798268495463	0.07625668129810212
0.03245298078471275	0.06833886438087876
0.031358645973295414	0.0766042038314893
0.03180621945698133	0.0774724504297888
0.03186055297616444	0.07764771965672837
0.03407578418399211	0.06606575162514615
0.03244518596108189	0.06737779550424049
0.034711635075111914	0.06286165526971005
0.031145756372154002	0.07632741226722996
0.03123166878647189	0.07579571490908808
0.0318848528969057	0.07320061189671127
0.031270039252279315	0.07496900248581732
0.032020309212234734	0.07575859288798803
0.03261995906388437	0.06790632760344786
0.0318334036670786	0.07063539731937223
0.030978637469289142	0.07667441788270006
0.033439673389945634	0.06809532664042726
0.033081107284556384	0.06679664238733363
0.031941119434521874	0.07019997146154752
0.032883254211786554	0.0672487313583728
0.030977780616618742	0.0804380748377
0.03098732222095127	0.08067597434459706
0.032026594881167714	0.06885008338586922
0.032393301278135986	0.06735024225189092
0.03137612431287635	0.07361748969050395
0.03424817227899486	0.06400230616579822
0.03117444125859911	0.07600655258910208
0.03202375944690721	0.06873929532311372
0.031325247388603254	0.08441902276919339
0.03316044833808978	0.0653514044312924
0.032386997140864876	0.06900890824939404
0.03470422037185284	0.06328973676481826
0.03470300768020727	0.06323813311360427
0.031203129429627576	0.0755368132638646
0.034084463077106456	0.06415200215936895
0.03341021628530826	0.066681137835162
0.03144860041417393	0.07622440713879004
0.0315637681958942	0.07367660148328206
0.03124882884916638	0.07681834259101265
0.03146871392948198	0.07308838132433859
0.031262244273000034	0.07564045685667138
0.033078102975542124	0.06703266282740042
0.030961714436963196	0.10675481365452993
0.034360984099215	0.06348998159465365
0.03358451288192173	0.06559628672490449
0.03484730143616396	0.06292260385109016
0.03122836961525062	0.07915330659858759
0.03200910695270509	0.07336696754374344
0.03520110209553676	0.07217891391963276
0.033195380056051556	0.06929921268140735
0.03192682373457346	0.07406895747918225
0.03231188158971943	0.06750273121727322
0.03450143867945877	0.0641276354454462
0.03377055568141655	0.06527265645370285
0.03158969624963353	0.0764949796588042
0.031241669150723714	0.07390441845378572
0.03192595785143975	0.07079331215016285
0.03435303866333535	0.06507073056434123
0.03107788441311352	0.07820569421424255
0.033641203787578865	0.06649560672625898
0.035377577404765166	0.06929203451914212
0.03099095920227032	0.08268506455247447
0.030969452613255743	0.09059243826077719
0.03601200048689864	0.06422318679282034
0.031716651161158564	0.07658211929639505
0.032186722315850735	0.06986855822042741
0.031033052384215276	0.0780918808141731
0.03188147049564534	0.07071871957373864
0.03103282630981294	0.07949310214772756
0.03096263078083961	0.08679921555848824
0.030983922273989443	0.08640427670337247
0.03432330695763572	0.0659725460571948
0.03356754609547226	0.06570492239536596
0.03128899311179617	0.07821348171194345
0.034490636693428535	0.06371064444950034
0.03222719409901569	0.07276260339905415
0.031217367218178912	0.07203973105743257
0.03285489337983992	0.06821350255876713
0.03263994073738934	0.06769234815462592
0.03179280959983295	0.07067234945057206
0.034459464036750605	0.06561997718225658
0.03412082188068738	0.065369410328779
0.03121413851075032	0.07570735423606907
0.03103305238421528	0.07810344161085311
0.03314787603540256	0.08190532591000182
0.03128897337975913	0.07421952800529064
0.03194898791870575	0.07047090227304924
0.032107151307831074	0.06896213824644923
0.030921008463869276	0.08309341307420753
0.0344015775705819	0.06564075281689549
0.03407563723313028	0.06599904757421854
0.03134153446940074	0.07384905426989519
0.031040357558372162	0.08381667332947443
0.03975341027071234	0.07506973129233277
0.03118309836322836	0.07563975077755772
0.03103305238421528	0.07764896563415905
0.03125879763189179	0.07637171380027818
0.031190185138152242	0.07686518070126812
0.031145868364324467	0.0757148882029332
0.03119655052741604	0.07621869678903029
0.031016445593394087	0.08468418398724713
0.031202149394043883	0.07549254923119723
0.033411793386379646	0.0742812625763741
0.031064704506723453	0.07982638622342136
0.03182872195923844	0.07397697950405001
0.03188267889919783	0.07072006303901175
0.03105532629540571	0.07748389261145848
0.03185610649788201	0.0722281078042509
0.03197448911648056	0.07181024827310357
0.030977780616618742	0.07839616544026547
0.031220493379066665	0.07490359227710816
0.031033052384215273	0.07808708807704286
0.03137612431287635	0.0752952690483949
0.031896080345638914	0.07225860685991456
0.03377055568141655	0.06527265645370285
0.031183386098320696	0.07563583484237724
0.031376124312876355	0.0737137160557367
0.031856106497882	0.07223321707828408
0.030921008463869276	0.08309341307420753
0.03435950024823527	0.06348860993519498
0.03424970311240911	0.0637484232358397
0.03424261012427827	0.06429618348833437
0.031659210530192536	0.0751769759387707
0.03437608846309159	0.0646853318170283
0.03437608846309159	0.06207240849559874
0.033168392911116805	0.06648919425896554
0.032026594881167714	0.06937730191459783
0.03254553445284136	0.0702289718530583
0.03132252345339874	0.07300043755577384
0.03190688265988346	0.07012327308738396
0.031262244273000034	0.07521261801765647
0.03471386475551044	0.06310092530288901
0.031021466197937428	0.08286496102056887
0.03426084921506461	0.06305830173988804
0.03322570811904249	0.0662767584008452
0.03146938783706549	0.07406272215270554
0.03101340919345575	0.08013649672487051
0.033174125266346145	0.06641110124514196
0.03193881886353617	0.07261407457001713
0.034084463077106456	0.06408701302653737
0.031391356712012826	0.07581803944058549
0.031890072170228795	0.07095299308531523
0.03125597394430867	0.07848890271019851
0.031331217439135715	0.07424491815486503
0.032340902399134286	0.06772949527898661
0.03316010564477745	0.06634748104969362
0.03801344802591731	0.06253764550187738
0.031996029909886155	0.07035285040501775
0.031375988702653894	0.07361774187297616
0.031388975153832155	0.07349212095407893
0.0330144298559637	0.06691349607108044
0.03194786370723021	0.07134478811296724
0.03194898791870575	0.07047090227304924
0.0313808852232441	0.07538740043386442
0.03125230357306819	0.0817059346151851
0.03335071881813974	0.07109888599845332
0.031150866474758402	0.07977480009492349
0.03235194071352961	0.06740381345367656
0.033161091041078054	0.06718946369428691
0.034715455037046476	0.06306442548433196
0.03203502973480322	0.06888201910884405
0.03145621133086088	0.07227649857696809
0.03193499612745785	0.07241579260643334
0.032547737521731415	0.07016753452079709
0.03129586391880274	0.07401904975877227
0.03099095920227032	0.10880882899027934
0.031184532734498126	0.07768340764204433
0.03178762591914021	0.0726746137653415
0.03328935204179568	0.06730776804213937
0.03106926833098515	0.07687885433304477
0.034481753786982504	0.06341890095380491
0.034728702064823036	0.0629723841309295
0.03121286185750208	0.07547572913342177
0.031026600892230933	0.0760813462368428
0.033063409097814855	0.06553043870792635
0.03346830139169897	0.0682592280093843
0.032979674493805296	0.06757973269346615
0.03111489855171776	0.08782169603449154
0.031860473345795524	0.07543232539533751
0.034391793825066894	0.06308232584096513
0.03251652837916921	0.06782657075790217
0.034110072413228186	0.06412182689786321
0.031147142168743713	0.07730857180267815
0.03462068915264862	0.06308204352611105
0.03370577575677871	0.06498942015916857
0.034183591141759784	0.06220219711285762
0.031203129429627587	0.07629383128586337
0.03400107453478051	0.06481361384560491
0.031243173385531016	0.07555670013210625
0.03161770216562088	0.07193258292389193
0.03158064969224997	0.07229881722332022
0.0309884513376714	0.08207384010100963
0.031942623993554964	0.07049640696153318
0.030948962652952723	0.08090362225421592
0.03231306296667214	0.06614432154876243
0.031051768650013887	0.0771735834396091
0.03598967623792066	0.06785835599661244
0.03140995168190153	0.0736620374511329
0.03103282630981294	0.08062211835269961
0.03156143070339451	0.07302114869577478
0.031130427991792282	0.07695480904576966
0.03384708662849574	0.06491498511199016
0.031238976179095386	0.07653389372022211
0.03394138914544784	0.06514606574995287
0.031151723666045614	0.07559367870582534
0.03115469198890311	0.07631729979730854
0.031027916746094973	0.07951476702243856
0.033233937505704546	0.06526798692910753
0.03427716043956334	0.06396860438236365
0.0317743986194671	0.07068984575148411
0.031214409384498258	0.07569124016411075
0.03129586391880274	0.07401904975877227
0.03369150694835936	0.06522321904525294
0.03103246765579079	0.07805391397016394
0.03462068915264862	0.06310004844408923
0.03444233994999923	0.06332550654673984
0.031354436590699815	0.07394614694041586
0.03807680821393514	0.07215182970759493
0.030922646706154737	0.08269061747938876
0.03419807113310571	0.06394690639213971
0.03203502973480322	0.06884518511771016
0.03455894806818826	0.06408388448239649
0.03174317109282063	0.07401518572880961
0.031181135648015224	0.07555255201788875
0.03463582511764179	0.07449280153087234
0.03122207971901763	0.07481983447263303
0.034260817030703064	0.06308348614574212
0.031557045377754216	0.07174874082683871
0.03384708662849573	0.0649027571063071
0.03192802714830828	0.07237634973341629
0.030921008463869276	0.08309341307420753
0.03207654281039474	0.06964166104833733
0.03123438955644913	0.07411933889339385
0.031065111347434997	0.08785414354474803
0.031468713929481994	0.07031450389581675
0.03128644347705564	0.07308350375366578
0.03109001765955865	0.07940077997923391
0.03147175996417587	0.07310302643128974
0.03275372936869701	0.06689380256346762
0.032626736429100564	0.06837489692815463
0.031425290329075026	0.07317809626678735
0.03249633059172021	0.06834526050291383
0.03296345548202475	0.06618132299709219
0.03239358264028954	0.06734900543640962
0.03103211368721619	0.07767151630820296
0.032340902399134286	0.06772949527898661
0.0323101388813555	0.06769723531521239
0.03263054155791171	0.06995090795995743
0.03117989705894396	0.07221755083293804
0.03723037338550867	0.06622605268256977
0.03395649263451769	0.0669345531484149
0.032427031609562916	0.07061786633353875
0.03270079713728213	0.06797192979433404
0.03301427837320585	0.06672905584098085
0.03128924548020376	0.07895586666919195
0.03128897337975913	0.07359425763886038
0.03126497358164388	0.07556443059392248
0.03185634491790951	0.0722273387815997
0.030926497000189786	0.08216430043988372
0.031578930116149595	0.07229684670040991
0.03129586391880274	0.07401904975877227
0.03149520735337579	0.07293947539584976
0.031901869159386295	0.07102805530136064
0.03474868545773146	0.06349564771392967
0.03120508300980129	0.07553441907625107
0.031229064534345992	0.07526367570669235
0.03316044833808978	0.06529380411936755
0.03435520360154946	0.06383634489781456
0.032026770523635346	0.06887355311451054
0.032025375829875836	0.06885327556242939
0.031171506292790172	0.07551224726954496
0.031085373054648546	0.07671597942249249
0.0315928584765044	0.07203250405243475
0.031619061718600974	0.07291792120070699
0.034363164119462664	0.06571373467370416
0.03102839191260787	0.07725769185889447
0.03425251561978404	0.06399954444379084
0.03195883770039593	0.07174029145049453
0.03240426885597935	0.0674866304628588
0.034113315785234376	0.06411614940124138
0.03424488771072279	0.0640524087402882
0.03710621517002991	0.08338949785550076
0.03485201774241982	0.0644874271130913
0.03195194806560437	0.07081620972147808
0.0323403084428533	0.06743944804834964
0.034538545944193685	0.06372193905098283
0.031170659868440538	0.0741998392497338
0.031286486692181155	0.07419983341220944
0.03757223255292802	0.07210969544960442
0.031192100013649502	0.07551452847850655
0.03377673461450409	0.0675429416856607
0.03377055568141655	0.06527265645370285
0.03137389279990089	0.07371685513925465
0.03103305238421528	0.07622859175203801
0.032026594881167714	0.0736533018467267
0.034234609055823324	0.06311184670258785
0.03125796405189739	0.07538692215693674
0.03385499924161964	0.06492489231764584
0.03251726591288758	0.06866936649364906
0.03186880119980637	0.07205410377116918
0.033145759539808174	0.0654476967383691
0.03240502969738335	0.0678470153922634
0.032668265427593456	0.06761837878096877
0.03183295849836735	0.07063490233507606
0.03114047871011328	0.07704544737296531
# $END DATA$




