# $NEW GRAPH$

# $NEW TRACE 2D$
# $LEGEND$: $$
# $LABEL X$: $Objective (or constraint)$
# $LABEL Y$: $Objective (or constraint)$
# $BEGIN DATA$
0.2489511476574744	0.19179499887792606
0.08350491434901595	0.07212973957486193
0.14847710039470363	0.1803687119218306
0.07493980563009678	0.34298862360707133
0.2938632370565989	0.21021880179261637
0.08378196700007366	0.1897885202260417
0.08726446444188779	0.2086244184371896
0.05330115955655401	0.0767141070944537
0.2583319234331644	0.20727060295495342
0.08156287242000952	0.08641053560453635
0.08990881017006729	0.1316952937658503
0.04863154834460677	0.07010701249880066
0.2884235564005657	0.13740749620121895
0.14636994771558462	0.09697052278330143
0.0	0.1641857367987783
0.0	0.359161312963421
0.16778084479245525	0.14889850359480458
0.23339342499957919	0.2698409567648791
0.3031012519084874	0.3838677235850659
0.0	0.15622684432914805
0.05577001524533994	0.15011318687216876
0.19614206863084624	0.3178180835099981
0.03991430340559135	0.09362251067126312
0.06862367958274868	0.12879467713326948
0.29042081446332413	0.2591857450154358
0.03955177474474102	0.10364978618250427
0.15333047476257447	0.22139200777302936
0.3817624565913023	2.19517261999576
0.17663216877403232	0.18614802885319343
0.10774862437702293	0.24238440254331434
0.07520800850553518	0.10374805821872832
0.05662629934150599	0.12229784524637047
0.10911345132526104	0.17855247964479848
0.08548255519667623	0.12758959981783485
0.3324240574703349	0.6421461886603792
0.3411248683701723	0.35320765202911414
0.3015305458048624	0.28012840166946595
0.13457703993788914	0.14891854348434502
0.22122913806662192	0.1631385685696737
0.034477520636353655	0.1004817766989512
0.20063031291200256	0.16490680909760372
0.24704521907850546	0.13743656848037833
0.3656867273862851	0.5918908680644742
0.09819832571128241	0.11328741877821338
0.3390748912728937	0.9049482585171879
0.07889722921385246	0.11755511878799259
0.03498935749561939	0.15467705383736743
0.4160974654287601	0.39757323284998913
0.07370548982626651	0.6302339827925144
0.12932038915267813	0.15432396170564786
0.2137214847962684	0.178293335749836
0.0465675342992448	0.13201377808693107
0.2989711335938812	0.16705824681122514
0.052917036863809525	0.2366730304712047
0.27693270137036147	0.22119904055421047
0.08546439793780132	0.24900448913065298
0.04831425710430684	0.17818523060887773
0.11420920786290373	0.43772115825502633
0.04639204029520034	0.1441666101855154
0.18331055657416498	0.3124908137893316
0.0	0.09774759697667496
0.08267834484541056	0.11637946724109961
0.20648577530038423	0.21643479171314225
0.14590900063779214	0.31130448462086
0.06800875863614793	0.12503910442563174
0.23070429355165528	0.2163687580126035
0.1629748788705989	0.2029726002554904
0.3375673087345668	0.5205717790334822
0.2379959561723281	0.14882006955336302
0.07070942832723211	0.1407826838991914
0.04650132450681554	0.10763981416522499
0.34012119178368	0.5616753195104311
0.13750874702751048	0.22555536509492993
0.2064877792203207	0.20106772377505058
0.08630585755738308	0.21759658211723334
0.15494305537499264	0.09911883224198217
0.09107115855107972	0.08255059586477254
0.27092674903736264	0.7118858833665008
0.2324575084601566	0.21659578536522725
0.361662045037669	0.7342970038909614
0.07638054548646651	0.22079602262938658
0.06366005943170239	0.15466591608026156
0.04286716426630996	0.4334648345528537
0.03313442254647346	0.1838736240322312
0.07440543941319726	0.2124058838389574
0.06023500488488266	0.3196289980162315
0.07100304083700912	0.49088810970788144
0.06342969913909405	0.11889425515460972
0.03516581689133154	0.4110250760154081
0.3030475372744333	0.46714651284298747
0.16225486717929266	0.12447744736113754
0.16019261674801452	0.1556451857471258
0.0336552441297673	0.20801786014499798
0.0463098598173192	0.07802528225137371
0.03539782117333636	0.10610081056177466
0.12013076347529532	0.11989119896708322
0.0706197959595405	0.2943870819890355
0.043750510314209484	0.17170046152011273
0.041348411564901134	0.18231485910773412
0.06197745909511481	0.08763121420112303
0.13357503618248096	0.15855462589024014
0.0662659783670205	0.1056447891932544
0.2884235564005657	0.13740749620121895
0.07471576635257862	0.10121356302223451
0.3817624565913023	2.194440782679307
0.0	0.359161312963421
0.3438865610462646	2.07019739815934
0.31214655700328076	0.26940469487342145
0.17641120904759297	0.20971985410176822
0.3177503941353437	0.4694015496105576
0.07816000321461196	0.13466204943345336
0.04509982445655915	0.1312085007526674
0.13147610648682434	0.1509951437544454
0.24673077816921646	0.19181926705128363
0.056437170729484426	0.3334299708944032
0.033215811908311646	0.18375878323235276
0.08094529358917493	0.1625064606445307
0.04415319793186559	0.23839164478056057
0.3414658041162517	0.32065647317481855
0.20435507717357618	0.22529732143831083
0.08990881017006729	0.1316952937658503
0.07530263937036882	0.10467034172348429
0.25572886075563644	0.2499628102707948
0.049056864032735466	0.17646494383889688
0.19614417062893327	0.3177793883027845
0.05291394252272457	0.2367020854724043
0.12885230452731594	0.1540431781922877
0.055826228767360576	0.15018882702539096
0.08450716338848685	0.1922377956297287
0.13229298927357527	0.1552563406332137
0.1411838487727416	0.09701552325748997
0.054981370468109574	0.23608427507751664
0.1865293979226171	0.1184022964473348
0.08755574050223608	0.23193466079946282
0.0982108543792035	0.11329467090517073
0.12013076347529532	0.11629451545555441
0.2903274578070654	0.3328444116616909
0.2260330067381797	0.23514180763882503
0.08378196700007366	0.2188430873050357
0.23070429355165523	0.21212054539342237
0.03334993439314244	0.11589036362526299
0.06597469299644022	0.23796981922462104
0.1005625691953973	0.09912157201832794
0.07405844925560569	0.10911168425744472
0.09819832571128241	0.11328741877821338
0.08328495215221222	0.07479448651958194
0.3401369935631999	0.5610552475802776
0.07493978905685274	0.34298858568040175
0.25566593369195995	0.2552558689195248
0.03673491303812821	0.160470111520131
0.04167865559557995	0.12816348661087326
0.06448101995617128	0.1739526971738091
0.20648577530038423	0.19188061064587758
0.03539782117333636	0.10996956176431409
0.23219916460458362	0.21641128936850992
0.04845924258163507	0.4101628638830916
0.04268010422860974	0.17878640136675616
0.20434408457108122	0.18163001313577828
0.07440543941319726	0.11141382017235886
0.15186582509809396	0.29177893020494383
0.34379194312961076	0.35349049538369864
0.05942494386808989	0.11696536387427008
0.03142605508815875	0.07384246031188922
0.04766148045431254	0.09312254097717376
0.07440543941319726	0.2124058838389574
0.3047638864920219	0.30573978482313047
0.10164946226413651	0.20084444110176222
0.26421730266189586	0.35907526105799015
0.062385475264138616	0.44526982673491633
0.3817624565913023	2.19517261999576
0.3269045220941404	0.2810270846738497
0.2071503087164263	0.13184448552899838
0.08378196700007366	0.1905934912170929
0.1683333892137988	0.14307764815841356
0.03991430447774851	0.09277864045060456
0.1016308510241969	0.16916386618331317
0.034574129632565787	0.0945962946532508
0.04909047642219505	0.2730064301778264
0.15969812300364425	0.13573534936632772
0.16190136813802503	0.15626488952323656
0.14636994771558462	0.09697052278330143
0.06222991029247783	0.280753764591746
0.04093244172961295	0.2702357274772124
0.0771445705359355	0.25469164052178944
0.19668397652390787	0.31836380740494696
0.0852137817601138	0.24889435997702938
0.06090516015101207	0.12279379815438435
0.07671629635481964	0.10914684970392176
0.13051854620715883	0.15986276447673536
0.08103099865049582	0.11063590646434124
0.16216363664776726	0.179945224497208
0.1285324622286397	0.15575848473997322
0.08048717848549328	0.07078079063157953
0.34589642961460015	0.5681166344302662
0.07622189598713007	0.3230962819149755
0.13488171552746672	0.14908988490021657
0.2489511476574744	0.16263590317169915
0.15332838911872315	0.26522382800843025
0.14627228044445084	0.29573606005013003
0.1376047297915733	0.13683126316456704
0.1005625691953973	0.08668275824851034
0.12013076347529535	0.14152733154746158
0.31465770282097977	0.22423956539716147
0.10574734350919844	0.12071875297298272
0.12636087207725485	0.17480135953539588
0.038856799865126516	0.12583645131481538
0.15494305537499264	0.09911883224198217
0.2787795859495666	0.2233182596645457
0.20648934010882525	0.1107184969275542
0.03076004162366898	0.14348720444209964
0.09664509843680502	0.08834500365926866
0.2624338681702163	0.2906971825717891
0.152180369666868	0.10017450915886895
0.08094529358917493	0.1625064606445307
0.12924558221638743	0.15343286612552287
0.10164947341501045	0.2008444521180083
0.045369769493424424	0.08802486458612799
0.13324037830819427	0.16233739846167478
0.03308823522088759	0.11818057242999905
0.07689178795615481	0.2547586374917296
0.15423140940494764	0.0984819006730593
0.0887561303928703	0.5022112694493387
0.24462417586856403	0.1483252244025463
0.13621439061379337	0.15003687174103986
0.06322603774680112	0.27697319466428055
0.0999989215294896	0.11486234056979223
0.28932426430509983	0.22161518226875257
0.08256735401176382	0.2735060099601558
0.1376047297915733	0.12976426680325706
0.07440543941319726	0.19050270248441623
0.03812745728861004	0.13657135446003518
0.046720789675168184	0.10789530831142098
0.07367977463932401	0.14640576095579041
0.12756692186508076	0.22304935103141965
0.27255582993748656	0.21649200730259166
0.1462690009885316	0.2882306269716388
0.3404885301899035	0.5688663657673583
0.1294835402959943	0.19184426850291933
0.20063031291200256	0.16490680909760372
0.3235415194535202	0.3505979366001798
0.08511045277295605	0.11002923339714035
0.142829059030447	0.16518584837489983
0.28854895284192417	0.278392641970891
0.25766541490129924	0.16992082705104553
0.14119644929943606	0.09694286978144592
0.046242860876179806	0.11048348105209989
0.04110559905353692	0.1319071952655298
0.2715678342711947	0.3713862338424094
0.07196785961016826	0.2669427755344893
0.06689294102605245	0.08159516430090726
0.0956022308921271	0.11586499565894362
0.08134504277799161	0.24728222501287597
0.07841439875230555	0.14794686795586215
0.1404550609506654	0.1378133834354675
0.1674827664697732	0.11521082753351397
0.14307212050065493	0.2442085830130805
0.262147359702453	0.2469754888569276
0.03358294699024204	0.19464512316034277
0.20043035446292237	0.2213796754565329
0.08665303298822714	0.27298179437681297
0.18052831864093993	0.11947381953480697
0.04501250968022507	0.2407105138577668
0.056344963874593965	0.1721957447213498
0.047408539667429785	0.4174579843041432
0.17747049737543316	0.15694406504821393
0.15849596009601086	0.1120483555438201
0.07758140748281306	0.12276592009160281
0.15004894926443268	0.28384411056087305
0.07708755397077072	0.1308744449382699
0.1633313485968809	0.1564359579492572
0.0703402678764429	0.1328727113930378
0.12665475310205415	0.449589139755889
0.03334993439314244	0.07688491287113507
0.31867847389356396	0.4061461748073546
0.1005761524091754	0.09912414639359785
0.05866322689041033	0.12253198535960177
0.26109995914490525	0.14075391218203231
0.290725625597342	0.1925365697180387
0.04771577355315789	0.0926354594124795
0.07702844207000649	0.19940863962278527
0.05454924896558256	0.10232381608161133
0.3167900203971885	0.4156840423949714
0.20056645021140448	0.15750464094045666
0.05900966970375538	0.08475484505842104
0.176411209047593	0.17049735206952424
0.035336154909859106	0.18723256006456168
0.047684006994716616	0.17892678758882666
0.20648577530038423	0.2310856712260871
0.03804859530886426	0.09296843099186065
0.049766190817584474	0.13936610201191177
0.24481705467135678	0.27606084296419736
0.18608457742615594	0.17665727624328104
0.11257162040207112	0.09696490229460633
0.06291994617631999	0.24370821653540226
0.3090519089932318	0.182324714529664
0.17318269129411146	0.1403845377663857
0.19202921370590992	0.34111221977306166
0.08391585794644005	0.22294592787799514
0.045723973934955565	0.173626635851135
0.10777269851877082	0.11873910497499328
0.10198038538142584	0.1462089756335327
0.08534144278466006	0.12016848106880831
0.14608924600420595	0.09729554189828231
0.0969285715378948	0.08859183471721109
0.09818515608156249	0.10463907069545911
0.2071503087164263	0.14935323525962624
0.04523845429253824	0.08745909263915179
0.06079415807091703	0.122273660822359
0.08688027927988409	0.11940992287410773
0.11500081361698077	0.1451928970104673
0.09627922522258084	0.10187254887890526
0.03254557417323696	0.11609431778236752
0.08253666550345583	0.1027690656623424
0.060214673444519334	0.15774385488535078
0.05430984500905767	0.09311119857080052
0.0676285770189549	0.19187401529429832
0.045277685955980806	0.07990100346393769
0.034989357495619385	0.17308380320111838
0.23797113844983162	0.13917672572104955
0.1125901304088549	0.12847344451757464
0.04137521982846023	0.10970822144349196
0.03427895214187433	0.11503811418851367
0.15734871817544607	0.11271096092380678
0.08221706492013389	0.21870307417374732
0.0485735196853866	0.0859330616984078
0.18918467095381902	0.12839529579901435
0.05922359490435253	0.09951617314609389
0.18901630674194045	0.14438944542120893
0.06311004957304531	0.1226147155208457
0.05733435016558577	0.09046682358185491
0.10803264716958458	0.1080124877102371
0.053448329849324905	0.10071899380709605
0.0348714680122465	0.41140032131848386
0.11045003057566243	0.2038486920264948
0.05420119101719865	0.06542203572582647
0.03727824375852675	0.15259118851417586
0.16937088550185167	0.2708635608384489
0.06592546747469345	0.08372845435792832
0.07253840190531992	0.14644561737813264
0.0684334162127894	0.2921176435378692
0.0967404273085453	0.10085059244184594
0.041037325449882686	0.12398503379792072
0.07367977463932401	0.13375284824877512
0.052433951261251326	0.1282648973206334
0.24033771456606104	0.1506282035463966
0.04271036767954416	0.09928083783370502
0.03545183393403726	0.1870226872529162
0.08236200132116234	0.21141390830073753
0.049560781633667145	0.3952164534388831
0.03176026774202247	0.2319687874866039
0.11529195426074654	0.28885825208722066
0.058015912867954586	0.122624162791064
0.03340302616901468	0.15372110533595854
0.06747071124534591	0.21361498473464044
0.10746515137557655	0.11967721752429386
0.0595877822369432	0.10726009562189597
0.04454035451993426	0.1000372309091293
0.3393720929872281	0.24656343544349738
0.04624286087617982	0.11084132087402923
0.04771577355315789	0.09108090762141266
0.1005625691953973	0.08668275824851034
0.07767761446256145	0.19953728427713424
0.07501808595473883	0.2707237879952625
0.05063935633745269	0.1279496638352374
0.13829770583949666	0.11026997322520037
0.045326820000477074	0.10140345598305868
0.07689765690294596	0.1304075944438178
0.034989357495619385	0.15446492457751573
0.10059952435322016	0.09912857652262509
0.049766190817584474	0.1350354558746258
0.13705850979383075	0.12660560869749699
0.034989357495619385	0.16536054182578097
0.08652612402595741	0.08263124391957793
0.07495321998619833	0.22436072332341175
0.15550517504261643	0.09301159799035126
0.14047117294003467	0.14905541750325765
0.04964089572465533	0.1151241964120328
0.0352662260616786	0.14327746228344027
0.06121671174954704	0.08105152344648348
0.16286222436329362	0.1999784199498277
0.03329601238692046	0.11471768309587956
0.133598648222142	0.14959837419960884
0.04323591602192762	0.16876933410346973
0.0573535570083314	0.08821509592921381
0.07928809553947311	0.18293820408158365
0.05662493934735962	0.08453517414457137
0.07249179045824726	0.12150953030670057
0.047016209126268096	0.1513584157731403
0.04788657784291507	0.1605383487425686
0.07982684329297071	0.1513054156259188
0.08096356303419082	0.10967282009746004
0.04638597557851771	0.2149828944995697
0.06414407217795974	0.1353248990625895
0.21324514973799988	0.15975123216526924
0.12734605948152894	0.2806287822825364
0.03796280030919178	0.11393718679487395
0.13488171552746672	0.1520327460832517
0.04771577355315789	0.09156418408849576
0.0827059611984447	0.1413468272833219
0.0410295558327648	0.15324972433853637
0.034404985092928775	0.1107072402908443
0.033049328169188256	0.11721145569359318
0.09638071937151657	0.12146845961625931
0.05445612220379885	0.09477957490476525
0.059084753505937414	0.1236347521132042
0.09215217149652176	0.10364965674005429
0.05467760349005528	0.08493026359837404
0.19856991883799308	0.11709711850178126
0.09922839170512524	0.09890436915804439
0.07583462711966155	0.10868283648757344
0.04623985539870376	0.10347364921996452
0.07661055338541757	0.09907572903577658
0.03727824375852675	0.1536918738208895
0.03308823522088759	0.11765654506780017
0.05749064139643385	0.10995239148664543
0.0428100122914207	0.10227807667702876
0.03350648429340809	0.15059195072443646
0.1496952631804166	0.11541204393377869
0.045090737899940135	0.23898734663603438
0.037015098478259824	0.09317165862161321
0.04992267228335144	0.10365058681203412
0.07837609521904451	0.23668600230483441
0.03449281265271877	0.26559470189400486
0.035136897277070235	0.13531295541337512
0.14119644929943603	0.09435481923999114
0.1080326471695846	0.1075387588752991
0.1411838487727416	0.09701552325748997
0.03254557417323696	0.11609431778236752
0.04523845429253824	0.08745909263915179
0.049766190817584474	0.13326944164961294
0.095147246502084	0.11352139911739106
0.03936612018053889	0.09314230983206158
0.04915222646384222	0.08718855711690819
0.16009937635686625	0.10174400562027969
0.04332341581762332	0.3109744807005806
0.05898586651586447	0.10327003984903128
0.0992962214598509	0.08761733052752624
0.04441166487047441	0.23908967074652487
0.14636994771558462	0.09697052278330143
0.056437170729484426	0.3334299708944032
0.08689622888382051	0.11950556149356421
0.04454035451993425	0.09699972641396588
0.07191554229028348	0.15914394602968032
0.34860542079365064	0.28266929765007986
0.08479183033040336	0.08920896521172307
0.03804931937476724	0.15476489778493596
0.07237209455942119	0.1479772857331115
0.3769508369803933	0.43705370808594574
0.04660797261908544	0.06952293867732919
0.03248472470307223	0.2305481442118955
0.038856799865126516	0.11641158407428118
0.06630162339601658	0.2669541959871069
0.062144802468660346	0.13137339910119883
0.09589131093815374	0.10079317760730536
0.10256024137511031	0.08611742913423032
0.09846968416790244	0.11763587897233087
0.1005625691953973	0.08599407492084198
0.10057423981640622	0.08641166753059805
0.04867862734793191	0.11765308633370183
0.05553220354449669	0.17186101130896794
0.04564864361198928	0.11590267589595926
0.14546647746378366	0.0984972611476527
0.10056256919539729	0.0812991222244205
0.0477157735531579	0.09978488525945933
0.10803264716958458	0.1080124877102371
0.03427895214187433	0.11503811418851367
0.13793557294001643	0.11058724528682833
0.06912217997713113	0.07155688212119328
0.06182891316755182	0.09643195242102087
0.08054765279693733	0.11364668243684395
0.052836657773594496	0.07877273045932248
0.10362809486528812	0.09818609007166816
0.037723724693916084	0.22924340700696955
0.08652612402595741	0.08263124391957793
0.04328143794906109	0.169781267193182
0.060633313543747305	0.16372106150325352
0.08353687711588102	0.11549526947154934
0.034295558419707876	0.11491588441728143
0.04270187245599837	0.09937678163253864
0.0752739591936478	0.12225414566416164
0.04630830637562561	0.18446614098122915
0.06085917789946024	0.12203016944282344
0.33553521449819385	0.23492309587210633
0.05454924896558256	0.10232381608161133
0.04583825541635454	0.08847576723920124
0.07254769940840738	0.08587103461817626
0.15055738949675734	0.09713190472564652
0.08549878205395249	0.12124514607869259
0.05742154039644191	0.08827405032162773
0.04436928476866902	0.10816685807312437
0.04368157255547362	0.10931223845374836
0.0619774590951148	0.0871894645637144
0.04771577355315789	0.09156418408849576
0.19812054170983287	0.11216061512444586
0.13761780275274552	0.10316696792939667
0.06090516015101207	0.08829956935916382
0.08652689841873235	0.11378588744344316
0.13870252946147735	0.11038791197955564
0.03516581689133153	0.33860157701909555
0.03270059832246503	0.08189592128353947
0.04093490424059378	0.09276402622804171
0.04771577355315789	0.09108090762141266
0.03556332665856158	0.14388070246971807
0.04176690629541268	0.09852127490114197
0.04012093852101686	0.13230362850446334
0.09664509843680502	0.08834500365926866
0.04771577355315789	0.09156418408849576
0.03427895214187433	0.11503811418851367
0.03427895214187433	0.11503811418851367
0.10256024137511031	0.08611742913423032
0.03615261424084816	0.1139056359463726
0.10056256919539731	0.07604809285223998
0.03498935749561939	0.1970686500336769
0.03427895214187433	0.12275982470549827
0.041037325449882686	0.12718485321555134
0.035136897277070235	0.13722955144310967
0.03424821109579562	0.17123844916721315
0.09800188430830757	0.09788304628205137
0.0332094884563231	0.11328942315505953
0.03254392602684188	0.11509104871148962
0.03934951669067011	0.09325416346516292
0.03464001948720684	0.09349751154598877
0.06200176961583514	0.10707837201316153
0.03306011718602206	0.11591407512119928
0.03425961919458921	0.1124365419765444
0.04946580691425612	0.11568393230137526
0.045824677659083796	0.11520426712365721
0.14699636436169092	0.0975243500175687
0.060701142489122235	0.08912591506928393
0.04811250229579696	0.28146573628576
0.05538906000175861	0.1294213413015237
0.08282987989941325	0.1017780544243632
0.03334993439314244	0.12333540116289178
0.034143953022903184	0.11518018374322658
0.06084508916823721	0.0902798601765626
0.06197745909511481	0.08367367241235547
0.061828913167551826	0.09963688729962661
0.04479096185691936	0.09029289343612444
0.03428780789356972	0.11663681134288835
0.03444776592964902	0.11491501333688758
0.034076347811611576	0.32828168971556276
0.05742154039644191	0.08827409725253706
0.04771577355315789	0.09202358695531075
0.06034582686655965	0.09097110256039251
0.057483332698147274	0.08870255342438635
0.03386948301824492	0.20502131002435853
0.1012015135435192	0.13143389611261067
0.032282218058198475	0.10541151667713033
0.06088083389829521	0.10960930996744031
0.03837288007343918	0.08693261223162098
0.04780409912042782	0.11552648290552305
0.04660719937588691	0.08733499573694307
0.03308569798088713	0.11765203267428487
0.04527828791203871	0.08886720931542588
0.04876703027876716	0.10737332688038086
0.11537673555211188	0.08660282753602526
0.1391661098713414	0.09049156770736236
0.24260126288990455	0.17414455420613667
0.05730240712557798	0.07569612278010829
0.04239522982900324	0.1537939382669566
0.0331011839210415	0.11013165801866463
0.0384255674518654	0.09646765711665771
0.0579689150517416	0.10643228153312247
0.03843709705930713	0.09306516661596538
0.04457288198618046	0.09968468273543427
0.048299766771483454	0.10043920337638619
0.034989357495619385	0.15925307596263238
0.09664509843680502	0.08666400644590155
0.04611273503670384	0.1080552837971786
0.09938630695934948	0.08547408408443403
0.041472719857300305	0.10659983651541549
0.03424722734207232	0.2547439644882325
0.07255030795250364	0.08591629519384715
0.1005625691953973	0.08479572527933145
0.04953958460774622	0.11870020583925887
0.15695636591951	0.10645660325889762
0.06367201619146938	0.06877698322045943
0.06313244789763424	0.08137318606634612
0.061988880218956384	0.10773397635616724
0.05454924896558256	0.1013154382314675
0.04336802841894938	0.08894116635647384
0.032535633553752344	0.11607657732935316
0.05577842977923766	0.13029255555631036
0.07232774634961542	0.08184528179799634
0.03253989139687081	0.12129129659572718
0.03182342818209654	0.08943570454655472
0.16353658025564072	0.09414936173029065
0.0845676712046232	0.10784289004945301
0.03518088361137937	0.08266012699161344
0.03335923534097152	0.1152315986865898
0.04589715837364372	0.1135863258946743
0.0352662260616786	0.12061123220700368
0.037278243758526765	0.15251194238489924
0.04262283292043792	0.1018047713447988
0.04992267228335144	0.10365058681203412
0.04660797261908543	0.06949319773156604
0.031469824245860666	0.23183456072709113
0.04565302425966235	0.11581834840403582
0.034783745718211606	0.08953231571095426
0.03379803753166881	0.09077016938737151
0.03466371816047213	0.09352950646167421
0.04038285068310342	0.09043562218263118
0.1386387964224371	0.08593397137214576
0.049376051372980435	0.08495721103887996
0.04771577355315789	0.09273244531693693
0.05183753569665631	0.08545967203119999
0.049194091318686524	0.09717815562002563
0.04454035451993427	0.07654723025695298
0.10049409505955245	0.11451697379174065
0.04053320683380613	0.09419940426146618
0.0341573839967729	0.11194275148890537
0.033554501109097475	0.11845815569085112
0.0477976086800978	0.09294716754608529
0.04585098442354447	0.07808651298732423
0.05442218801809163	0.08496842252901195
0.04597229065236575	0.08859566360247503
0.04143989876982039	0.1082358299768753
0.034171121940654275	0.08868201918539462
0.03213233316410475	0.11633201738738544
0.04137521982846022	0.10330166320285662
0.036152614240848154	0.1211333789034066
0.03281977012755892	0.11261409805342887
0.0578785389312641	0.08470676815781585
0.06251057844817454	0.08409738898071506
0.04528462985807613	0.08750527271089115
0.03427945323901366	0.10812408516311842
0.04642990862526239	0.11244955155983448
0.0325425134172107	0.11540546265021168
0.048114459584121035	0.10480405295478785
0.05846272955866335	0.0845348308616746
0.2007257129861376	0.14504172912486948
0.04660612741700781	0.06954491499559187
0.034788985734658405	0.08849529798223653
0.032282218058198475	0.11573771819646922
0.03270059832246503	0.0820180959581498
0.04523845429253825	0.0853637516097465
0.07105326068098548	0.08439972841316752
0.049474868291631204	0.0997269182295583
0.03771624987878753	0.11385604352231271
0.08453788513165605	0.08267846494376786
0.0478810389057549	0.07045242475126633
0.05554000644860326	0.08480345179808153
0.03444776592964902	0.11491501333688758
0.03301049272819186	0.11188315512929374
0.04295557154408918	0.1124667864506074
0.06746854271099151	0.08398908764768344
0.06592546747469345	0.08521124006315314
0.0331011839210415	0.11003096043106378
0.03425961919458921	0.10525182052221853
0.09938630695934948	0.08547408408443403
0.1005625691953973	0.08479572527933145
0.057395430877601565	0.08403792918385927
0.04528467469670496	0.08465683103106468
0.045369769493424424	0.08802486458612799
0.047319020918118744	0.10239880857505543
0.03239697651033055	0.2316767387993782
0.039333142238406595	0.09317339896315033
0.04521748325699122	0.07967153063547609
0.1003779354700341	0.08596502741634304
0.059040847384259444	0.10774968961160251
0.24536041131787942	0.13076779585995899
0.044758282101738316	0.0889094364101766
0.03934951669067011	0.09586595162845861
0.03354743422542982	0.09474469106147458
0.06200035446546578	0.10717717938026479
0.0573535570083314	0.08821509592921381
0.05742154039644191	0.08827409725253706
0.0395783982560773	0.08658536676158604
0.04522596520877964	0.0878805900423747
0.0537369337132765	0.07851607653271267
0.07572728459009558	0.09041013487434188
0.0501431360337805	0.0796614047163464
0.07835230577812825	0.08556173631239572
0.0715904949177678	0.08468233884455746
0.09207163940710951	0.08891748215613199
0.09074872346815137	0.07261385320320711
0.05240236752846813	0.07558924643206295
0.03383083701609096	0.11435607763668952
0.04662160365297134	0.07965345758275474
0.03963584386712016	0.11614005614161493
0.039707620700404234	0.09312885346296684
0.16271785187383578	0.1366953570681416
0.05194187500819995	0.07568638101799095
0.037015098478259824	0.08670986556814665
0.03806920484162514	0.24793820941732622
0.08098949845859724	0.08690688624604773
0.0325758235639761	0.11895114150418411
0.033015065351914	0.12231516903589158
0.035181158301538104	0.08578271210242604
0.036633997268379466	0.11129794223580187
0.08709412718073817	0.08795189878103951
0.1410790032757332	0.09122063756619064
0.1005435630753333	0.08776975690770158
0.045757181009362866	0.06796928713167025
0.04301034137581524	0.14957999575197195
0.044680241511759214	0.09036297618232832
0.0538466695097194	0.06525261861019427
0.03615261424084816	0.1139056359463726
0.03076004162366898	0.14348720444209964
0.03369601133176023	0.10377047180451082
0.03224226618366826	0.08600850259458039
0.05115714923675705	0.08164595202386674
0.03633775769459412	0.11643248469525497
0.03354337035676571	0.08834466079578687
0.045259969863452716	0.09382898847755772
0.045659796524842186	0.07792226393774807
0.03427895214187433	0.11443572691405991
0.032347897976969735	0.10854072404809514
0.038351380114901745	0.08664893621589087
0.04660797261908544	0.06952293867732919
0.03254557417323696	0.11609431778236752
0.034109074521420445	0.11063076398520212
0.03176170216291833	0.08948522638069677
0.04111570809740744	0.08966501553522674
0.04341732854892764	0.08950976233414348
0.032705657349318185	0.08395244672373824
0.03308809814335693	0.12254955801814975
0.03406319170560299	0.11453881771653233
0.04333999550256912	0.08436322411142921
0.043237943096582014	0.08784508998053855
0.033015065351914	0.12308863340421196
0.03483776092038134	0.0731060058397348
0.047106971550667426	0.06954474924456855
0.03776632873798874	0.06585765211151391
0.03771624987878753	0.11385604352231271
0.03305821457110172	0.1043709574533129
0.0368007823711033	0.09606025805518774
0.055328082430643986	0.08418805889305148
0.030731769565215363	0.19469674037502
0.03432044450453028	0.23722898567334305
0.04211556350642918	0.11253543265663597
0.036488597663519085	0.09669375618287404
0.032787790825438104	0.11000128764259157
0.048441341373280454	0.06862656226680926
0.045134976546471944	0.08838675444976339
0.03300596624119302	0.08248681584479378
0.03427895214187433	0.11503811418851367
0.06924781841086575	0.07722899579195158
0.03784355916369028	0.07493641558955924
0.04759513171032487	0.08673301074002963
0.04279896016880661	0.08715679794248583
0.03295005044942022	0.11157083639156987
0.04734419480884771	0.12491558496135186
0.042352289284189056	0.08726127712931736
0.03543228380008466	0.10652386853631532
0.038622772047012546	0.09671662724821464
0.03572972876537486	0.1208424154513296
0.05218186595597854	0.11551183675378125
0.03387466121206583	0.06947259079573112
0.05293543439755112	0.12144924036156325
0.03253296787071442	0.12127839141126215
0.05554000644860326	0.08183191346146339
0.039444899730421666	0.0873371128598906
0.03534413870866559	0.08804632962799952
0.032770706222324704	0.11280160760059746
0.04878447661267013	0.08719791585192072
0.034495357389032075	0.11497890322126364
0.039333142238406595	0.09317339896315033
0.040120841377895594	0.08636537244317678
0.03310619073657101	0.10912647954204799
0.0333555903260309	0.11522530233088271
0.032282218058198475	0.10542471421910586
0.046538928996471406	0.08037499595149868
0.03326388043918024	0.11546115961434265
0.060668622518449185	0.10890066716237869
0.03437028063454903	0.09807648013622802
0.038444283185077165	0.09303358108487378
0.060488320252219584	0.07863159941625426
0.03395343649920014	0.09858063577812394
0.03464306663648048	0.11063672229451246
0.05230385583168412	0.07771226586041365
0.03307082899286254	0.1234841158915913
0.03091181086286493	0.13858372188449172
0.06203669632396826	0.0834453037378529
0.03698235454088543	0.08667149411290695
0.0537043302471317	0.08387790773872669
0.03813933586875687	0.09987274407970251
0.03917252363508624	0.13234419083387985
0.03958481873181787	0.08658441603748157
0.034599667157372865	0.11040524918188796
0.03837149696713929	0.08693301543710102
0.03369963297008798	0.07945432025747526
0.06009646761063577	0.08213245852656283
0.2033586566995015	0.13103613610373438
0.05029106956792546	0.08768639526703834
0.0325404878493661	0.12130251148712874
0.033797310794053646	0.11024148442918849
0.03228221805819849	0.10929110180483624
0.03082780619009234	0.08712615826834251
0.046645885989950606	0.09162507185786735
0.07232774634961542	0.08184528179799634
0.0341573839967729	0.11217355541101556
0.03295158765517864	0.08731982582258616
0.046346776915760696	0.10907633995431601
0.05445935307724067	0.08467845438093899
0.033004324929140974	0.11247118022053293
0.032485714689594755	0.11563408222554869
0.038288730656205285	0.08553721730880072
0.032819770127558906	0.11751332959538247
0.032485714689594755	0.11528079217941993
0.03648859766351909	0.08346662175615806
0.030843390837189257	0.12448919913111728
0.04660797261908543	0.06949319773156604
0.034783745718211606	0.08953231571095426
0.04800907065516744	0.08756062519151864
0.03989902557178211	0.08920797953744047
0.03704518375128653	0.10735411210432842
0.03369601133176023	0.10721822696696526
0.037592585431223055	0.08235543108651974
0.03104029147905196	0.1644717319954923
0.030736702532618277	0.10282400445344407
0.054713417968005766	0.0923672268150857
0.03228152933653385	0.10928877192350493
0.032980887169232406	0.11231776356368622
0.10065987810070949	0.08145558295000098
0.0474178599754979	0.06881804767808568
0.0336186124394562	0.09292392333226272
0.031173357104866323	0.10423545939362486
0.042233078819739575	0.08100958674314011
0.036077153338479676	0.07890681823603693
0.03498064292195001	0.08277144606098379
0.03926800764172225	0.08582697413628843
0.03313396825159207	0.08256248044353148
0.052471142385103045	0.08211730298713496
0.04649445808111299	0.06895764890409076
0.046874433415484806	0.0815498573622281
0.03270059832246504	0.0818849608513615
0.056731426991900605	0.12780243558882098
0.032511521064770656	0.12353949516090051
0.03221023437094147	0.08804483253645821
0.032962030950794065	0.08735754887600904
0.03239276466317836	0.2316616584157864
0.03311637481316484	0.08717002874270499
0.033435135226379246	0.1096676429692428
0.03202315133908686	0.23542188704897363
0.03323938392456293	0.08347580033775934
0.04660797261908543	0.06949319773156604
0.034788985734658405	0.08849529798223653
0.0511651499795094	0.07939532416958452
0.032490351420408306	0.12003914945693742
0.0723498080726308	0.08152447958934002
0.03958481873181787	0.08658441603748157
0.05445690320655001	0.0846764942170963
0.0537391854621335	0.08031419309654261
0.03293074354580227	0.11153773589136462
0.03855631374987065	0.18253623737006167
0.032347897976969735	0.10854072404809514
0.035110627318500336	0.08278101085523955
0.03844036795809948	0.0773814061988059
0.03540308473140527	0.0806965272380199
0.04433376774402566	0.09225443557462448
0.07673600835491867	0.1252593159126448
0.04593241463261025	0.06924680997316542
0.11603260513811302	0.07793935747303758
0.05115714923675705	0.08145599624872732
0.034783745718211606	0.08955064956384517
0.043157967374786076	0.08485312770872815
0.04079755941571539	0.11530983338936192
0.05001987007767147	0.10427253944220756
0.037502400108246944	0.08739635382346368
0.061012392838668696	0.0803187586445857
0.06910825574261983	0.07286090215399216
0.03693052143014588	0.11447268818471137
0.03102418820174272	0.10399225713740684
0.03917480555236499	0.0799918964748266
0.030926539257182778	0.13469143298866934
0.05471937977863648	0.08198703334016245
0.03553447916841736	0.09964852744058637
0.04395693457225223	0.10898194665468447
0.03168781298150685	0.14200947685130821
0.03381358317683025	0.0997475045146134
0.06992272359030735	0.07730594592254449
0.03804204462430031	0.07839713041834466
0.03964457139567368	0.0861692649604839
0.09956283791869759	0.07809205472474151
0.03414081860847767	0.10186966553232238
0.054551089153584684	0.06937053694415005
0.047450424449160485	0.06963422144019595
0.09918695087359246	0.10742538027160295
0.052062819709955487	0.09411189015939503
0.033119664230887996	0.08866720748830817
0.03732102625920188	0.08592710783127111
0.056981293259932224	0.0807505763685498
0.057505089195647986	0.08206162441438364
0.0719109269291207	0.0815910814350816
0.05850670894562794	0.08534294685846901
0.05730899794116287	0.08396662737551064
0.038158344691535444	0.08257059561832018
0.0325404878493661	0.12130251148712874
0.0395783982560773	0.08430971431878002
0.05010058168457105	0.07840887076005987
0.03304250668142088	0.0989806728117292
0.03261435023143648	0.0820925305152458
0.03513400265735429	0.08863894045717521
0.041752491370629134	0.10146501450891719
0.04358676372117282	0.10959955763750816
0.041953429388318024	0.0789489486751333
0.04173950767722899	0.08744370235522593
0.05235648787062797	0.07733430195063962
0.033471762496857745	0.1042059906162935
0.03535820481180587	0.09240215194521785
0.09047220283771555	0.09727357895975723
0.034930819237068145	0.11096952362518388
0.03176026774202247	0.2319687874866039
0.03397120362949128	0.08293072337114965
0.030756765143080587	0.10770079092332946
0.03649730218924991	0.08363906250464297
0.037899864045933235	0.07966457920971862
0.03323938392456293	0.08426327685392168
0.06635272897999266	0.15115608336227054
0.060253004867522414	0.07822735371364391
0.06284740961358616	0.08210945368754606
0.030649107252676267	0.13690965710234787
0.03369191132440529	0.08386445954163178
0.03229625580004897	0.08816256607447572
0.03273084573450155	0.23942186023651682
0.03371097090603898	0.07311194846233396
0.09702469725257766	0.0951370153595725
0.03429106432804421	0.09313632365792542
0.031044185909468437	0.1956846349477051
0.030625622720194406	0.12238867105954584
0.03203362987400092	0.08965861825611637
0.08025265785285404	0.0710024127326404
0.03239276466317836	0.20669958818783593
0.03261435023143648	0.08183151159335475
0.03354337035676571	0.08863895849840986
0.03786865783638869	0.07494675942763751
0.034788985734658405	0.08849529798223653
0.041342482155238454	0.10243130727534522
0.09942910943429992	0.07627995307715457
0.10180918588873966	0.07565960532220119
0.05592101910535283	0.06980725590928784
0.03315364265740991	0.08202818383923778
0.037475887389962756	0.07890491188925561
0.03261435023143648	0.0820925305152458
0.042233078819739575	0.08100958674314011
0.11876392399779032	0.20408746424845678
0.03172518520087333	0.11160104992371027
0.052305233578310587	0.07768252832981024
0.03225499986260673	0.10905161956724577
0.04661339504199686	0.06935856475508498
0.03249812855262903	0.10982222940166037
0.05032154788992496	0.09011155114222479
0.03573937945290494	0.07453750454359732
0.03261689583222794	0.08196754203832436
0.03475633288714055	0.08871384411198158
0.06347019554963143	0.08645433563090976
0.030409858324691466	0.12725512714792483
0.03313473181574465	0.08126602346838918
0.03278426336562681	0.08411058391311325
0.040005145786135156	0.0644790572486538
0.09378678800848986	0.09485117118455653
0.031040291479051966	0.13373268389891355
0.03593653347412786	0.0992600539003992
0.03826018285349225	0.07650675598960996
0.06895643721410712	0.07452639871931349
0.0346880267919738	0.08811137056262065
0.031024188201742724	0.10359211707055546
0.037643802689232814	0.07665934629319021
0.03655640413189363	0.14396089752403493
0.03495935948977151	0.08018668768698911
0.03325857099631743	0.1115276593371005
0.034089403512284414	0.08368820023905689
0.033747501572037396	0.11426206756895718
0.035078199862650865	0.16365601925253573
0.030532561842193495	0.17969745051593083
0.05097730418035726	0.09306161232162052
0.03282058264836382	0.08147158358826152
0.032945815733963775	0.11957866718851412
0.030858192071807077	0.0888167816700877
0.04593241463261025	0.07303737096322166
0.03185991028394462	0.2317050463094615
0.032392481925549374	0.10947764293731098
0.03050078798927498	0.21756908498314015
0.0310970616193687	0.10821824599248502
0.03554397629077362	0.08226815369135428
0.052194114319572216	0.07095215594435014
0.03268459497558364	0.08284611842154131
0.03326085586729986	0.07928138594312895
0.03222743204060582	0.2361729989147676
0.03305821457110172	0.1043709574533129
0.052906795918543435	0.20510871468088618
0.04660612741700781	0.06954491499559187
0.03452799265202576	0.1464325247186344
0.04651066250747855	0.07124901617928367
0.03224226618366826	0.09350730262065743
0.03567247585617832	0.15246579238469762
0.04559975684867411	0.11411501709364646
0.03300596624119302	0.08248681584479378
0.03239276466317836	0.2316616584157864
0.03213038380123738	0.23238103020389256
0.032987084084582674	0.1143426030631344
0.032346262408559034	0.10750611914267802
0.030883912185383892	0.1641846500006899
0.09018638798305433	0.07464189611084907
0.03176026774202247	0.2319687874866039
0.030638228682179552	0.12267345338939185
0.03507949340348246	0.08304862613001705
0.031719742839348426	0.13046977351710642
0.03498064292195	0.0888864781806703
0.03715312157717292	0.08008892001781905
0.041134672049433156	0.12004406283709128
0.0474178599754979	0.06881804767808568
0.03190398880089457	0.08897236634101452
0.03283503949912347	0.0853337328137279
0.054094979910386906	0.08151282248402311
0.037902413560583104	0.07624796028255543
0.03277732157166299	0.08414484136132894
0.032780001469238894	0.08385090374833704
0.03103161409608465	0.09345861603960695
0.032242785757608375	0.09341256325069486
0.06170286020549091	0.11535246812859162
0.032704511150304275	0.08202301132165334
0.03258202864137707	0.08592049952097042
0.030883912185383892	0.15626254956944483
0.031399026903293784	0.23474642222468095
0.04726623844755381	0.08334182739231602
0.15035260498968844	0.08549098676469846
0.06917675785290195	0.14581545278826213
0.14567725210968346	0.16268083328133545
0.03235925183217414	0.08177229803940006
0.03115910049360815	0.10421640794170124
0.04660733586872762	0.0688838628439639
0.04651128927897596	0.07124950116198889
0.04181490829268202	0.13465091302264146
0.034315074613392005	0.08349813982085515
0.041981305357865394	0.07904327872901958
0.045290136272331104	0.06921369735516686
0.047026852029079406	0.0820965610295181
0.09910384747352156	0.07797767013420852
0.032355398483261855	0.0882256323787853
0.07277155242458308	0.07224529825370872
0.03168777786213509	0.14200945313481447
0.031913139417661905	0.19427061312484858
0.03156024961468969	0.090082142060811
0.03300596624119303	0.08345651280791924
0.03270059832246504	0.0818849608513615
0.03160529129208365	0.2218861602132733
0.03182342818209654	0.08943570454655472
0.03343797535693876	0.08415000451883248
0.03593532264000598	0.12794623611319356
0.051412446440149535	0.09882606402422324
0.030908749933998357	0.10762748976194646
0.04655600368851032	0.07689348488283855
0.04585098442354447	0.07808651298732423
0.05817096316620968	0.07796940534665667
0.04163328874113252	0.0820699180483497
0.03857977956619493	0.09600469392501203
0.03551605091928781	0.08130297729336207
0.03040583664579472	0.13152588570936247
0.03250189437164783	0.08257432324813747
0.047240969420136364	0.07042379728246065
0.03743306082489233	0.08568149542746424
0.031058907558203123	0.10366150513074908
0.04661339504199686	0.06935856475508498
0.05811945577828111	0.0706222604968665
0.03217411601656013	0.06916439707258598
0.045480460355938286	0.08299809437085597
0.032057924363011595	0.0932391448866446
0.031004950003791637	0.16450635224268007
0.053423525966638075	0.07121562043586428
0.03075194745715789	0.10712243067750937
0.03213275118901185	0.0836992180581755
0.03377068122329568	0.1160936644464601
0.05228562103428496	0.06997182100266526
0.04744733714391768	0.07071024342648173
0.030423213064803396	0.10761407793030872
0.052890045719886945	0.06970136203901284
0.03233436323004651	0.08197847498917428
0.030809804497136942	0.10441058700417484
0.0545510891535847	0.06937408688766118
0.035039088728612264	0.07970818717187994
0.05939254255529204	0.0958670963452006
0.05395497115108371	0.17163484571181264
0.047451160017593315	0.06961774468033684
0.03269803598281757	0.08191715039244572
0.042972361897412326	0.06892527238164024
0.03885393819604046	0.07598462448905269
0.04280892432722537	0.06586149218972547
0.09810892331012482	0.09558545806519844
0.03763153329969386	0.08621086140800023
0.031436140127548806	0.23604117398591426
0.03869083805701756	0.09661334064381717
0.04050831721513761	0.22341943469253686
0.031849918475264374	0.09723080832780742
0.062118934215661906	0.09490241466522589
0.04601636886032044	0.06904222547926735
0.032841898552498104	0.08324244269849122
0.031356293122116845	0.10365115937430437
0.032057679194449566	0.08975074257847554
0.09727924847598252	0.07478595826843208
0.048545577372262755	0.07792771928699403
0.041662868479550974	0.12067904482504563
0.08516903541219574	0.07424827906918921
0.04659990057246167	0.06953661175299691
0.03213509128308435	0.11852140630948908
0.031217599250828947	0.10358726011668389
0.03477850993487119	0.08096509382105326
0.04593241463261025	0.07303737096322166
0.03221023437094147	0.08804483253645821
0.03845357178981723	0.13046468009761422
0.039798959072691854	0.10177617778645663
0.05452788139404309	0.06768368598356611
0.044672288217794	0.08577052050789653
0.06061093038859519	0.06968432823861033
0.030897146023766565	0.10455887540909745
0.04767026501581822	0.06852380824515723
0.03102418820174272	0.1041387641054845
0.03326085586729987	0.07901565007116973
0.04666763891425442	0.0689142355059151
0.030843390837189257	0.1052361374047535
0.031159100493608146	0.1236973077738668
0.04660612741700781	0.06954491499559187
0.04660797261908544	0.06952293867732919
0.03285138744042436	0.08168669190010816
0.043422592101749174	0.07267947754930551
0.047224129489623096	0.08512496855491722
0.04203530909787943	0.08740839301898216
0.04593241463261025	0.06924680997316542
0.030883912185383892	0.15626254956944483
0.03319501483278882	0.07896810170687055
0.039184079110652754	0.0811941958217997
0.03299809171811789	0.1094353099237398
0.04729897543188414	0.08330027185845076
0.044835490040136275	0.06990386100643617
0.030995211301491805	0.10956310707178228
0.03369525888946356	0.07944913817363111
0.0326179587416862	0.08209707844152225
0.04660612741700781	0.06954491499559187
0.03136756225860069	0.1045384564567773
0.03279871652465088	0.08648064044672261
0.053071893480671484	0.07423347332268143
0.03223601168156644	0.08161633755604819
0.03272047230279125	0.08160740862895963
0.044725718728803814	0.07197416012237526
0.03365456833485708	0.08615595559587254
0.03174069431000744	0.08933168273721953
0.03257972403133156	0.08305611851722698
0.04661339504199686	0.06935856475508498
0.030843390837189257	0.12448919913111728
0.034289864804327344	0.08120104855293918
0.07198331378878146	0.07206032814507127
0.03804204462430031	0.07834605817796685
0.03221023437094147	0.08809231211648551
0.03532576622112975	0.08426357655101986
0.032395397320788354	0.0877486396042618
0.07107633357004974	0.08258768462068435
0.04817184237250664	0.06435142870001787
0.04660612741700781	0.06954491499559187
0.04235907328310213	0.1360700115810954
0.031156979838724987	0.10393044484681614
0.03196507955665498	0.0939168215653193
0.0622128122631528	0.07079797830452451
0.03558071073144831	0.08083731165559932
0.03271974543678875	0.08180691967525476
0.037860454749607246	0.07501992756680814
0.03789986404593323	0.07964191994796262
0.0356350066106168	0.11051094619759613
0.03486474677328167	0.08117931313164016
0.03235925183217414	0.08408247680569315
0.033324335210843055	0.06617788866454263
0.046507521318121144	0.08830722949473771
0.043371806571577694	0.07652230949511775
0.036489211592277235	0.11729519147862867
0.043730588256704395	0.1664008001167437
0.0591856621202554	0.10692610243520226
0.046510662507478574	0.06987867692449252
0.03247734040265414	0.20254887894921994
0.054551089153584684	0.06891801942219666
0.031035037682799697	0.0944441742533952
0.032704511150304275	0.08202301132165334
0.03197438271610918	0.0934527138738513
0.04593241463261025	0.06924680997316542
0.03089382877758231	0.1580648158201876
0.03180974883501509	0.0885916023764134
0.03064728913271401	0.1242418968622574
0.04120389760753973	0.06764544628009432
0.04601636886032044	0.06904222547926735
0.047093621043458586	0.06938054059235878
0.0326984615673825	0.08205137861039696
0.04660797261908543	0.06889200374482221
0.032752061190094724	0.08180350725111149
0.03212408510049339	0.08843623114789817
0.038803114251268964	0.08003801915123482
0.031143120443073997	0.10880039865069138
0.03267017387673458	0.08364253737122777
0.03545896996512853	0.08119397686056333
0.03094212077104221	0.14391149888923624
0.03316940926669868	0.0858484613655221
0.04453950032260105	0.091146832668905
0.03117486224889752	0.10423798810925101
0.032566715117945136	0.10320280669174979
0.04651425526202899	0.07432942187777544
0.04848420496240695	0.06824351702867891
0.0355395375031973	0.06526975285772467
0.05696227789168809	0.08523179266461352
0.04675394470394223	0.07968460955747411
0.030468203046482113	0.19379071466114114
0.03329366723402686	0.07895430600776193
0.04848231302618188	0.06960513256913665
0.03170464897585285	0.08797592490573254
0.053062523585585476	0.06828410319562128
0.031024188201742724	0.1100985346329834
0.030888909231199305	0.10423864069366166
0.030824470388708797	0.086978175849038
0.03795517132602457	0.08307230899516467
0.03229547504114817	0.08816149801180871
0.03263411801962775	0.08143134938686485
0.04464301246948188	0.07189207090472013
0.03238040096164979	0.08017105293362484
0.030640053520221835	0.10833133651410055
0.032955047185579935	0.10070046684625482
0.032818902913537715	0.06740689944111392
0.04514073835243396	0.08248209539835585
0.052081958574686754	0.12482690059083296
0.07247300359197828	0.08400948451540188
0.04593241463261025	0.06924680997316542
0.03233436323004651	0.08197847498917428
0.03318226094095958	0.08132447793349411
0.031014727938601338	0.09441326443074682
0.04393522967291487	0.06775474417083478
0.10795955508699702	0.09351349998882384
0.03223601168156644	0.07730669379157593
0.032614350231436474	0.0820123270375424
0.04593241463261025	0.06924680997316542
0.03425132214771597	0.075815579529254
0.031740551217864094	0.09058366249599793
0.08860994175100652	0.07341970291227895
0.0361830216097984	0.09192262713210479
0.047794022543154735	0.09363406721779761
0.032071487322194524	0.07977988403610249
0.031024188201742717	0.10398491417828881
0.08327500067847625	0.07221965591038383
0.03232805030204041	0.08281685256889564
0.03176170216291832	0.08384211423082928
0.04800891994244943	0.07264539415872089
0.04654557257635604	0.06998374522347844
0.03230948344278602	0.09752451022458986
0.03203362987400092	0.08648628714974978
0.03261689583222794	0.0827788594518007
0.037860454749607246	0.07501992756680814
0.03102418820174272	0.10399225713740684
0.030987221337305308	0.11168520224061906
0.030779936908397282	0.10708909222212531
0.04727445363940858	0.0706246000381057
0.03254704864622565	0.08409451802421165
0.03261435023143648	0.0820925305152458
0.03290395124851358	0.08765898618220715
0.030459145408914104	0.08700221320977404
0.04438969640633881	0.08549133393298443
0.03252596968792713	0.10661442901051665
0.03173505259124578	0.10575847656434119
0.03689483995454839	0.10243578052227412
0.031377518820450374	0.11574840512315994
0.03223549164445213	0.0863183411632065
0.03846410129371019	0.07485026392114778
0.030859557287747853	0.08881874659750214
0.036855947022110036	0.08646436809302215
0.06782669021065844	0.09939997848129119
0.030521545428751053	0.10756729200195558
0.032233938717058694	0.0816180545322507
0.030754287215726213	0.10712015793656016
0.03282058264836382	0.08147158358826152
0.030809804497136946	0.10402054640777367
0.043670119844494336	0.06776635894314324
0.04714522578850843	0.07143899834941778
0.040748037150835935	0.07662731496126977
0.04582514171065317	0.07798956997492862
0.032332603069666004	0.08273339094866315
0.03366574219481407	0.08083038972639559
0.03264152623238578	0.08186564861828698
0.032340797621957205	0.08405847994598407
0.03170660124607567	0.09032126478466539
0.03111126455910879	0.1072553176367708
0.048816885881650535	0.09982211766205996
0.10064307623319892	0.0762719355421816
0.03771316582462608	0.0798781713585716
0.03270059832246504	0.0818849608513615
0.03285138744042436	0.08168669190010816
0.032626759818081094	0.10753676596737508
0.030858192071807074	0.08859905942168912
0.032371277073515364	0.07818949072074835
0.05157325151317172	0.1527431451957692
0.09987730067411098	0.16323124580771212
0.0545278813940431	0.06768438700489494
0.033695258889463564	0.07944817426608457
0.03174069431000744	0.08933168273721953
0.031024188201742724	0.10359211707055546
0.04660733586872762	0.0688838628439639
0.04601636886032044	0.06904222547926735
0.0317611505086505	0.08909569885436429
0.04958487732706289	0.06972290790122578
0.032389480790608896	0.07808621690112674
0.04555145724546492	0.07337774367590782
0.03165158298285933	0.0853973806288755
0.04694102220797167	0.07082506873886986
0.0310938208980606	0.07937617496149556
0.03040627817117022	0.13152684074794946
0.04023397023067299	0.13625748765288218
0.041280171592304064	0.11136330942295061
0.03291336235567675	0.08742377640500615
0.031436636699343525	0.10916539492364845
0.044070867662287606	0.06811626441741976
0.04750618994968373	0.06880018315702167
0.035772360902978195	0.07784072053916613
0.045321751247439035	0.06758753933069539
0.048441341373280454	0.06862656226680926
0.046667638914254427	0.07185495954727004
0.03697732635212617	0.08285182233024935
0.03245991114155996	0.08251985554731327
0.04342259210174917	0.07348711395951148
0.046877357113018873	0.06913623024524893
0.03165158298285933	0.08015196693613919
0.04232185353106658	0.08440633237029664
0.032130451312411476	0.0867075740045257
0.03234684416357808	0.08636355159156407
0.0420852405083968	0.1313186250712288
0.0984713304731704	0.07860910564178522
0.030808160266934143	0.10402282765373666
0.03263685360350138	0.08142956739255845
0.03170464897585285	0.08797592490573254
0.04565856051233785	0.07178213005522277
0.030664697292825723	0.12598474968047763
0.04303395586976963	0.07394188571281429
0.04537959725382399	0.06768611112273078
0.0501323875733575	0.0683018838833597
0.04848420496240695	0.06845318625499194
0.03227790884595245	0.08813746527845516
0.030417497337844306	0.1054149902991023
0.03222968252319703	0.0787932127605446
0.03268442290601977	0.10078292155532757
0.04288178908207452	0.08180417955924417
0.039618679233224416	0.0811262988554346
0.032062981697247785	0.10786848550847598
0.03166283207889551	0.08652381910985299
0.04895638506876449	0.08429882513257943
0.030759957289309206	0.13715715345270085
0.037685102822130334	0.07289243216265051
0.03326085586729987	0.08128913072760943
0.03683442551076229	0.07762958031270913
0.04425355330872371	0.06749037352481742
0.045365082048445735	0.06832458865474376
0.0376481887443847	0.0796531123737457
0.043670119844494336	0.06776635894314324
0.04585600533910981	0.07076209060908123
0.03170718432286448	0.0883118714821084
0.05050793158002251	0.06982453592253905
0.04273617933150084	0.06872420259058672
0.04593241463261025	0.06924680997316542
0.03319501483278881	0.07897491808804553
0.03186835131298116	0.1048509800093366
0.03225014624324363	0.07752452987109516
0.03224226618366826	0.08600850259458039
0.03903355682820073	0.07741691345856813
0.03329366723402686	0.07932406838609007
0.10219532424501786	0.1298288129292531
0.038042044624300296	0.07833417587729674
0.036708793751848066	0.08706289338934517
0.04668172893568112	0.0942832320609802
0.030521545428751053	0.11121589124428485
0.03050518983600713	0.10753844418742949
0.04351667938075008	0.07165609329620483
0.04078944225095109	0.0907367949337193
0.031900200839433714	0.07974564405792603
0.032337061144007424	0.08659860178129827
0.03206279303286257	0.09062441529009084
0.03788032124489627	0.08145959358910344
0.09513228514505426	0.1368104423437048
0.04059684960614059	0.06522805440304513
0.05500952773896576	0.06774099153423092
0.04487093562893972	0.06974126808516876
0.04601636886032044	0.06904222547926735
0.03235925183217414	0.0817161685271172
0.03201108882515639	0.06948461773100344
0.030779936908397285	0.13926357831630978
0.046452559400964204	0.06876845105628604
0.03235925183217414	0.08177229803940006
0.05452788139404309	0.06768368598356611
0.04252975302708926	0.07605004966148148
0.038256876589782496	0.0765034027067092
0.053067531208287104	0.06828739231380833
0.03316334345236348	0.07657587551336384
0.03231199029475282	0.08003610944157918
0.04018851510240497	0.06658329377364178
0.044643012469481894	0.07310774087967363
0.035507149239358306	0.1352440505071945
0.03172723524923194	0.08847543162722957
0.030570155813996403	0.10765299650739106
0.047288463886585884	0.06305958642833684
0.10029897676954579	0.09503889965701337
0.0384641012937102	0.07487612547627066
0.032235491644452136	0.08504984616820044
0.03215577729603608	0.0705029584864598
0.03098721758268805	0.10285822467741024
0.030440691983442784	0.18222907088855259
0.03343816592579622	0.07868712541782164
0.030933571756178162	0.11880524819463328
0.03231199029475282	0.08003610944157918
0.03213275118901185	0.0836992180581755
0.048482869130515256	0.13219491105347295
0.032320222182607945	0.06734480329687233
0.04420098670305581	0.11505792779790659
0.054527881394043104	0.06806155835968512
0.030676391995928236	0.10782689653747723
0.030844360967278335	0.10473281185966547
0.045353750292882675	0.06793939946458054
0.03250564953282504	0.08760131513616279
0.05994466947456997	0.08341523244686257
0.03733010275900094	0.08639729201691022
0.03367019816859474	0.07672295737951138
0.04819499525398427	0.06921573821097546
0.03201108882515639	0.06884311425796809
0.043670119844494336	0.06776635894314324
0.038037658903632664	0.07520555541025425
0.07992003019284821	0.084281636123124
0.04367732136023179	0.07158833065492272
0.03372155325526335	0.08062686362434725
0.046457095557608935	0.07959673407936892
0.032272311147009174	0.07119220170336939
0.03062349857008722	0.09772482084298649
0.04842104889747931	0.06823579981610331
0.041278146351235966	0.06755435166837409
0.06585104967031134	0.0722096403902255
0.045290136272331104	0.06921369735516686
0.03094898357651551	0.09209368522762823
0.04341395572996826	0.07691644328882191
0.04323095230512974	0.0672097764456232
0.04484283807587149	0.06986224524022346
0.030541723657118616	0.10761459444712057
0.032407517006330495	0.0842806766511827
0.05452555805918634	0.06728498282892902
0.03220907552189006	0.07736768365815073
0.030745629469316325	0.10709633246352704
0.04276957843795285	0.0722264908423969
0.03784355916369028	0.07512515746134432
0.032011088825156395	0.06929001427478187
0.04405465696481719	0.06810363302227122
0.030882703488816325	0.10380813036063945
0.044833868300579824	0.11722211440468999
0.032420524231784646	0.06925507488907762
0.07691750689547379	0.08005649511679298
0.04360437714896368	0.07025706737083512
0.04532175124743904	0.07236465901553024
0.04377699020352912	0.06870647519337487
0.03600662905899579	0.08259875344642433
0.05074804208959972	0.07534560657512222
0.04342259210174917	0.07348711395951148
0.03223601168156644	0.08161633755604819
0.03790985328270318	0.07254859915660405
0.030570155813996403	0.10765299650739106
0.03065278527233932	0.10705667913555063
0.03237461227113186	0.08272749023275494
0.04726308245132745	0.07398839783888812
0.03846182106312998	0.08618622106334611
0.037256116124398726	0.07537321105190845
0.030778688979633363	0.12802481876483074
0.05233657466722162	0.09551920730815999
0.045387318070734	0.06821500460672816
0.03172723524923194	0.08847543162722957
0.032375662064135856	0.08203084010439726
0.03784355916369027	0.07534031141758027
0.03808228100964801	0.07329463405539013
0.03260022552986887	0.07241527733095623
0.031888163177150416	0.10867259502128071
0.052982469607884865	0.06994020808159525
0.037860454749607246	0.07501992756680814
0.045492059056412765	0.06658947770604297
0.03309539368060849	0.0811309540743673
0.04653495229162227	0.06774855933558258
0.030508182504858036	0.1075880836782459
0.03235869682277654	0.08100432855766794
0.05591892661138598	0.07406601252207494
0.044823730916228835	0.08137977744209567
0.032551131900600515	0.07145722376176154
0.038330416556224815	0.07575196427465612
0.03090837681876189	0.10547345126642241
0.031728413824151924	0.08748430149792785
0.03329297325865606	0.09042222769771646
0.03091535534903978	0.09112052402429693
0.03885393819604045	0.07599510034231612
0.0704400678033194	0.06928864179454415
0.04342259210174917	0.07348711395951148
0.0414213646763495	0.07383917967362705
0.041308083680808315	0.08363247779647306
0.06579199074432361	0.09239256799362187
0.03223601168156644	0.08161633755604819
0.03310177853531009	0.07657216142833634
0.030825295813967757	0.0888164410044431
0.04278906895386731	0.06816222702317212
0.03259441745213188	0.07989524499409452
0.05118322050814962	0.07447432950676891
0.03359836884823889	0.0814098545748662
0.031759155264051125	0.07974720547786454
0.040740099723557466	0.07337209465600823
0.05607420455925332	0.06780311049327603
0.032380876744166336	0.07005387586627511
0.04323095230512974	0.0672097764456232
0.043670119844494336	0.06776635894314324
0.043670119844494336	0.07058432248147883
0.031175940323979294	0.0790538052725233
0.03557033859715093	0.10507738970087752
0.03394420678807876	0.07469297039961038
0.03105731634306104	0.10270020200740072
0.03091535534903978	0.09112052402429693
0.04367732136023178	0.0715812283316119
0.03080816026693415	0.1040347079264413
0.03459695748263294	0.07930612801641977
0.03220212878170737	0.0772564517514453
0.031759155264051125	0.07974720547786454
0.031759155264051125	0.07974720547786454
0.03931510555304314	0.07111586815838368
0.032097559787505635	0.0863974904089171
0.0326042665885269	0.0724197961087533
0.042232614841150234	0.07043206815723846
0.040930204024153975	0.06745295813604013
0.06421985569485376	0.07162275759195796
0.05194086859733206	0.08258251221695466
0.03977319856240965	0.06830604708931112
0.04653495229162227	0.06774855933558258
0.032071487322194524	0.07977988403610249
0.03369256788643862	0.0751963736014329
0.030754287215726213	0.10712015793656016
0.03204248849932504	0.08790493644894509
0.040050321459693124	0.10331205396088984
0.04029730331581108	0.07932950097197353
0.034882764146370926	0.07466881078185368
0.04278892260066364	0.06816414286443306
0.04127847044842212	0.0675543942773712
0.04071961751652389	0.08007402346876596
0.04211201095547723	0.12683027219643267
0.04323095230512974	0.0672097764456232
0.042774454272872006	0.0721613391761917
0.031468207005844344	0.0833762110314194
0.060766265146143326	0.07103029599413947
0.032240870371496796	0.08383992336728124
0.031585309507313496	0.13281609178173198
0.10034255364665667	0.09098074335157688
0.05108192915562363	0.06456490250283592
0.050965605570769866	0.06864961641473767
0.030580265861023775	0.09798766671837766
0.031991565078707436	0.07975444394057214
0.03174307127175244	0.08490710349083087
0.03534848226225349	0.08426240595451648
0.03082757749819453	0.08801789975746337
0.04278906895386731	0.06816222702317212
0.031752532388364466	0.07924051925557679
0.03170464897585285	0.08418328597620683
0.03220907552189007	0.07714405162029069
0.03054590963878731	0.09100365905568797
0.03081594288853884	0.10484727564584656
0.08863514724901561	0.08933479458693479
0.04022287498180029	0.06266500067131033
0.032130451312411476	0.0867075740045257
0.03223601168156644	0.08161633755604819
0.032171638057047494	0.07872217736478583
0.030319417981050017	0.21848630115342813
0.0411548501716759	0.1029021065483015
0.03471912081636115	0.14482083578303517
0.030948983576515512	0.0916613281146353
0.03084339083718926	0.10593226099448784
0.04099050276953178	0.07941818248691862
0.0361163858054297	0.08184464807941522
0.042328064217053187	0.06753620279898569
0.03085511893244427	0.09103169917972043
0.042346467097118506	0.0861729855832778
0.0871264714975736	0.08945913529209341
0.04323095230512974	0.0672097764456232
0.0313459243333414	0.06923061114983425
0.031649967498532876	0.08751325425015592
0.04577397425540232	0.06749961141008658
0.03456116864523002	0.07346993865835381
0.03462712973926854	0.09011482043289128
0.03241140659496464	0.07893814432895302
0.030731144982045894	0.10167079892181695
0.030745629469316325	0.10709633246352704
0.030440691983442784	0.18222907088855259
0.0304720501383523	0.19380295104861214
0.04272432628863844	0.06871463617962598
0.030566698480068485	0.10323630512176458
0.032521345268784224	0.07159844113056062
0.0305198965667002	0.10578056359050396
0.030594025754225432	0.12902331327209804
0.03170464897585285	0.08797592490573254
0.030843390837189257	0.10619387945489298
0.03094898357651552	0.09210151571374882
0.033505968528601486	0.07827357159938576
0.04367011984449433	0.06736033222914363
0.030915355349039785	0.09180965802562556
0.03075194745715789	0.10572211169894954
0.030859557287747853	0.08728717059308244
0.032389480790608896	0.07808621690112674
0.030917766662299194	0.10840834220859022
0.030916236810211793	0.0910768057386344
0.036015207246061116	0.10369220257314565
0.030396653124593484	0.1310844756106954
0.03059025851958912	0.1136069011186749
0.032011088825156395	0.06829237857228164
0.031093820898060606	0.08067879766392347
0.030538266833257256	0.1047397025149108
0.0381483396451508	0.13961817364976833
0.04249847827707209	0.06620324626971942
0.07901108566697071	0.11703546497337285
0.03182116229585306	0.06613297203354522
0.030809804497136942	0.10441058700417484
0.043260247246561925	0.07115152302938185
0.032420524231784646	0.06925507488907762
0.04300356080326731	0.10170405570032934
0.046647672762670955	0.1010178966603053
0.047326625541042215	0.07236552968368477
0.030619660316014166	0.10806855533762014
0.031755493619674086	0.07905241841449548
0.03152097375409176	0.08297995880084758
0.031759155264051125	0.07974720547786454
0.030728790122316704	0.10167249500776657
0.030581157567354196	0.09537476803394815
0.03201108882515639	0.06948461773100344
0.03260022552986887	0.07241527733095623
0.031175940323979294	0.0790538052725233
0.030417497337844306	0.1054149902991023
0.041278003295985154	0.06755423385729303
0.0306528458284483	0.10705678501570257
0.030847492884102663	0.10471609460224769
0.03293342474171656	0.08959851002326152
0.03565166931536443	0.07011297509391988
0.031339935563591846	0.08112755592344562
0.04639283343833061	0.10326919864249721
0.046591924662048104	0.07347790755295461
0.04817343521089998	0.1041207241893596
0.08637102400787366	0.07295648306919124
0.03172730731924303	0.08748276457741411
0.031176780237172536	0.07905487024114934
0.0697186672029567	0.09071040591646785
0.04071713560817179	0.06260284369554898
0.03144983610090964	0.09081177226120472
0.034330424660239965	0.06932992673547576
0.04323095230512976	0.06496208776214482
0.030824470388708804	0.09082390272415607
0.03047239481815431	0.13853397535021975
0.03253568842965631	0.07281960510078969
0.030417497337844306	0.1054149902991023
0.03041235485153737	0.21819014325104297
0.05233316129852884	0.06825399739117093
0.033729273947848984	0.10024529680718793
0.04093476771969558	0.0674193962955181
0.058563487662366985	0.06894529462089109
0.03500925119836593	0.1100705533342982
0.030591194031742288	0.12290686259379324
0.04724709156334029	0.06309829614742639
0.10271203173576914	0.1204352259100232
0.042725646994772395	0.07067249735685771
0.031697831103949414	0.08803233851392292
0.031759155264051125	0.07974720547786454
0.030521545428751053	0.11121589124428485
0.031738716344762476	0.07621359268270142
0.03181362337314639	0.08277027337121214
0.04323095230512975	0.06487914189706938
0.03062304317405974	0.09240357088104337
0.031355611818414064	0.08744265336676543
0.032349203935166625	0.07236976769573503
0.032033629874000914	0.06744165086763768
0.030397907531619472	0.1361996081171589
0.04323095230512974	0.0672097764456232
0.030607487217776834	0.10757230707540161
0.03210143995370612	0.08657800348209638
0.03219076331410581	0.08685708638207694
0.04973323548972545	0.06612419508821966
0.04018278358100823	0.06930574481292837
0.032066614079343705	0.07927329845255263
0.032304696073424205	0.07003402437703894
0.030842221833466514	0.1098380402595697
0.032685972387757944	0.08347688539044233
0.043230952305129744	0.06720490297866262
0.03441827682064235	0.08997008198833678
0.03209307472376685	0.07834076892274434
0.046559878370037465	0.09940074915811896
0.031395645275253854	0.07159165958667708
0.031068810827843296	0.09860442410822874
0.03220188524066662	0.07813264694364376
0.03220660874002262	0.09145995775987871
0.03653038754469229	0.06957026050123154
0.049542322276052236	0.0852606797771617
0.032736736032200085	0.07026028639396376
0.030731144982045894	0.10167079892181695
0.045492059056412765	0.07129376767078562
0.03089673084571117	0.08891931153472668
0.04424634742034306	0.06748484042385479
0.031654167430356074	0.08569674730186226
0.03169657483622592	0.06882003786914244
0.03175915526405114	0.10592089212973967
0.03150958507999427	0.10642471956258671
0.039117906805212564	0.17886648107928652
0.033329788946075446	0.10044741196291276
0.032087368996923625	0.09359593172667545
0.04231826321082296	0.06679194048130331
0.0338055129170694	0.06731498937081058
0.04326558053588208	0.06648897250384449
0.03196448360058002	0.06950717658435195
0.03917283721227453	0.0669335474239107
0.03515373832416974	0.0706291955121004
0.04428692682822909	0.06723522872282053
0.03227382732743935	0.07261021949622003
0.03197581557754912	0.06857305850797005
0.031200692747392046	0.07866791558506264
0.031355611818414064	0.08744265336676543
0.030319417981050017	0.21848630115342813
0.030392160881805772	0.1820837014461793
0.03041235485153737	0.21819014325104297
0.18216374227463483	0.14159343304516409
0.06066783798283223	0.07531869224458519
0.03311615888400237	0.07763156250661177
0.04705006993848614	0.06771621343522878
0.030430411480489604	0.1044225492389008
0.03052109097703332	0.14179058183161508
0.0430956916366477	0.0651160829153417
0.030409858324691466	0.12725512714792483
0.03154426515346307	0.06670336220783879
0.03186464851322743	0.1336004685779543
0.030809804497136946	0.10376848403236556
0.04424634742034306	0.0675356008255289
0.03375924427794498	0.089692183767561
0.030412354851537374	0.2343211107468148
0.031535060766853286	0.08038392328510627
0.030924894029437454	0.08906786415501744
0.030824470388708797	0.086978175849038
0.04424634742034306	0.06748484042385479
0.033657218125061866	0.08187485850018873
0.03065278527233932	0.10705667913555063
0.0458181366488411	0.06512709640641011
0.032201885240666625	0.0783541765560912
0.03154645923260382	0.07885970705363349
0.03216312325971771	0.06944139233310888
0.041258490250655505	0.0675281960335318
0.030661247429705604	0.10709207096201655
0.08727781606955973	0.09721255157009713
0.03936487269781184	0.06846636800077642
0.03132914201423752	0.1037999305292954
0.10321370839951718	0.07624085101255242
0.031755493619674086	0.07905241841449548
0.03165158298285933	0.07885066069321947
0.04109814713489335	0.0686200688323029
0.03172166037228823	0.08179839475623113
0.03244412168505558	0.0809670595929205
0.035032639041665974	0.08831090623564779
0.03156996343265782	0.10286588664407895
0.03108609691209085	0.09289222712213702
0.032011088825156395	0.06842853507726539
0.030417497337844303	0.1070987334326815
0.030521545428751053	0.10461458491016516
0.030731144982045894	0.1079637909410999
0.03197072328106261	0.10099805348007117
0.03266611207565122	0.07201515044391041
0.031738716344762476	0.07621359268270142
0.040074850016649566	0.08680011027000241
0.08787480604251952	0.0963307995222312
0.05739122266377122	0.10127161559432633
0.05760823178794895	0.06704692663851794
0.14296565430085123	0.2286837473307206
0.030980753048321718	0.07746996042198354
0.043672529396661317	0.06623615174484537
0.04390466501647356	0.06561034622174616
0.03169497242643366	0.07135775848119792
0.030417497337844306	0.10738948748959952
0.03085819207180707	0.0886223305803102
0.030824470388708797	0.086978175849038
0.030398868739843904	0.13620176223549998
0.03242052423178466	0.06775796278861514
0.030566698480068474	0.10612679446336531
0.03175099330608615	0.0858560543597318
0.052915931039192586	0.08295652218623607
0.03088801870244306	0.13112960328307074
0.03047192311108068	0.10968322738798034
0.03236733854560641	0.0797338298728035
0.030699903814519897	0.09709143613746792
0.048077260937378664	0.1274144541153952
0.035652492342991275	0.06658200705001983
0.03133993556359186	0.07973487512392058
0.030809804497136946	0.10431113386922967
0.03232006369864257	0.06825600026606983
0.030440691983442784	0.18222907088855259
0.03561231280410781	0.089720855405961
0.047308526219234946	0.07356839814851815
0.04323095230512976	0.06496208776214482
0.07043355291061454	0.06999167955383476
0.0678902441374373	0.09226003798928813
0.030566698480068478	0.10807541216907134
0.04263216638692291	0.06746703215504193
0.03180081928680552	0.06612165224287614
0.035061891968359495	0.0745698220768757
0.032359650399552596	0.06990970317085583
0.030476136481220367	0.18282756303025266
0.03383066143370669	0.13527562720365516
0.03062304317405974	0.09240357088104337
0.03065278527233932	0.10705667913555063
0.03133993556359187	0.07971165798152517
0.03175253238836446	0.07926259519145017
0.042879581722724575	0.11546063691798351
0.04522420245103182	0.2017859099246276
0.031975815577549124	0.06855403961120615
0.03085058060049672	0.08807876242040978
0.030325831435909955	0.14698116838410505
0.030425181891803252	0.18771774856986503
0.03176092140721768	0.06741867994072835
0.03048948648967459	0.19493379279964151
0.03774135373395076	0.10277817623307144
0.031682382569773966	0.08834682690149658
0.030744265578439376	0.09815497933749175
0.03030471198640106	0.14130448694655645
0.03057930930571917	0.08833332176072906
0.030407810655856092	0.13154136283361845
0.03065278527233932	0.10705667913555063
0.03547925563396899	0.2147530976631182
0.03191776087783459	0.06958246247163116
0.04343418478619219	0.0661777667462011
0.03166120151133818	0.06827587978113676
0.03062304317405974	0.09240357088104337
0.047058030682674286	0.09906319145387096
0.044813255642560196	0.07064185239544163
0.03039886873984391	0.1395947914723437
0.030417497337844303	0.09177208169512639
0.0305198965667002	0.10585968655579327
0.030824470388708794	0.09660841820398942
0.030811017151008424	0.08724301421663698
0.05036695564941539	0.11513492751816015
0.030670196467737946	0.10673670253798233
0.03038438773261202	0.21438066668262565
0.03066081493396014	0.10556508855031975
0.033642981766800924	0.19667429155385235
0.03074087142272246	0.09603439801212857
0.030581157567354196	0.09537476803394815
0.030544402903310137	0.09554015929953776
0.031755493619674086	0.07905241841449548
0.03917283721227453	0.06882261252163097
0.04367252939666133	0.0685009483401942
0.030808160266934143	0.10402282765373666
0.030440691983442784	0.18222907088855259
0.030417497337844306	0.10893068982973433
0.03050518983600713	0.10753844418742949
0.03150122377101386	0.12710100725526444
0.033696094685318465	0.06928554569907686
0.04205461726795039	0.08155728480285174
0.0390844395076222	0.10697725560433816
0.031086497322406873	0.08224965892745331
0.03364027624059401	0.10945862134941305
0.03203362987400093	0.06703355877152457
0.030417497337844303	0.10611634921909834
0.03242293482498426	0.08337739059055106
0.03171049520172964	0.10554974629971495
0.03176100042288654	0.09736047226237796
0.03671595567215992	0.08669389331421304
0.031175940323979294	0.0790538052725233
0.030858620058734566	0.1059057279231372
0.030810096023520854	0.10380194386933048
0.03116817751706028	0.1074769509079799
0.050864573425250345	0.06561464886379285
0.04229366427388319	0.06548972645095973
0.030478542173372012	0.0860133814002536
0.044154634609020874	0.06600543961367618
0.0307780620411763	0.07500682159935945
0.033852358973899876	0.07714199165125782
0.03518864858003002	0.09650619380998439
0.0307287103635275	0.101641709225034
0.032448922829440896	0.06799847805818726
0.03024102787324789	0.1824827509253999
0.031067887585158015	0.07903996734144476
0.030815966407310047	0.08744064524300209
0.03237371799453325	0.06790235756750106
0.04310662433851114	0.06577664333985057
0.046476011707956476	0.21189114053469837
0.030580265861023775	0.0973947877595529
0.0304174973378443	0.10605339372746184
0.03173337143045222	0.09567720047558555
0.030897169929879682	0.08976612307773937
0.031066847946115403	0.07889132583551282
0.04389144920846756	0.07312322259717947
0.030406278171170215	0.1282303657181177
0.032980785958619474	0.06790937955562547
0.030357253000830937	0.13233854371386683
0.031115633061402696	0.08021919722350158
0.0466395860118169	0.07972972749378494
0.05574453212205273	0.10665436623347468
0.031412688608769786	0.07907226782295428
0.03073114498204589	0.10166575719448796
0.03180028328324955	0.069338544519694
0.03353132023239304	0.09852286401239829
0.031146748665647084	0.06782431814421032
0.04390466501647356	0.07641607640799805
0.03141966102725547	0.08123091381955073
0.032033629874000914	0.06744165086763768
0.030321340910768577	0.10686759523510032
0.06384734521600986	0.0691431231346125
0.0320110888251564	0.06784237536236688
0.03603396921809149	0.0660011587352884
0.03032134091076858	0.10554765777530606
0.041076221953936266	0.1377422557883667
0.03878559835150499	0.07702924971379356
0.044154634609020874	0.068398590321231
0.04581200387755916	0.06512272256415627
0.0452854783309506	0.09825828054064877
0.055571215489456774	0.1019171240427028
0.03154645923260382	0.07885970705363349
0.03040627817117022	0.13152684074794946
0.03154645923260382	0.07906891945386187
0.03125954339424318	0.07796290439481009
0.03114832788881023	0.07757361612436223
0.030241119320321853	0.1731977062089235
0.043230952305129744	0.0667369802111002
0.03080967327402982	0.08701052970394206
0.0304174973378443	0.10605339372746184
0.030824470388708797	0.08743492639346083
0.030486187756803142	0.13487960499210114
0.03227730454475721	0.06869824956829858
0.07742231416537512	0.14881869209667647
0.03238131554865884	0.08084155883498903
0.030824470388708797	0.086978175849038
0.03322598844174837	0.10849765245623338
0.03041728575920564	0.08535115043608231
0.031200157935326517	0.09974111654870972
0.043418233499363135	0.06457676063130374
0.030430411480489604	0.1044225492389008
0.03166827379425235	0.06597381437560909
0.030717266591146975	0.0925457879864966
0.03168072248004712	0.06469349976551557
0.035652492342991275	0.07102187301241773
0.030417497337844292	0.10560191656313224
0.030811017151008417	0.08720419782047267
0.03092977806568168	0.08144970507629941
0.030418327021834345	0.10273430794881079
0.04390466501647356	0.06561034622174616
0.032011088825156395	0.06849517202671933
0.030576457066274577	0.11122711558961851
0.03074969978420171	0.10311127166264843
0.035111214872771045	0.10848368095332027
0.03295518873400079	0.07689804974649533
0.03175345547415958	0.10435643527888654
0.03024102787324789	0.1824827509253999
0.03571765381422649	0.10806812257905465
0.030580265861023775	0.09856571234237617
0.030536206141029726	0.10627517484528233
0.03565249234299127	0.0662902556179895
0.04323095230512975	0.06487914189706938
0.03062926704889657	0.09445198948018149
0.03447165015731428	0.098166084530793
0.03052157371964778	0.10579819061286648
0.032011088825156395	0.06829237857228164
0.03266064667176813	0.06799435874267985
0.03169341902207201	0.07369263246009006
0.030536884104129816	0.08810470696867598
0.0310938208980606	0.07937617496149556
0.03072341549058076	0.08816827536781417
0.031086497322406866	0.08226610285097626
0.030414683605703426	0.17267893052421504
0.030516631464306457	0.09950153121304184
0.032105516516495354	0.06898772359956544
0.03399976615188604	0.18500036117308247
0.030316095639955635	0.2213950077018617
0.0313459243333414	0.06923901145819765
0.03288257952506525	0.10619214785660028
0.03832650879862329	0.10741680314871682
0.030383086797098387	0.10572498469840562
0.03047366987342422	0.08809463640906415
0.03087986917353648	0.10512007389342996
0.036632281314630095	0.07064442782073017
0.043232914040333144	0.06494802471252484
0.030930715089408437	0.1815630314724118
0.03024102787324789	0.1824827509253999
0.03760037681021673	0.0889563887127472
0.030824470388708804	0.09082390272415607
0.030417497337844306	0.1042505588814415
0.04415463460902087	0.06744953792347755
0.03056098671801756	0.08728430156158541
0.03180301652286773	0.07259185461355394
0.030453209101972755	0.09974553918710556
0.03182116229585306	0.06602087038350736
0.030814702202599412	0.08725810556116
0.03369737421720987	0.09200426407865858
0.036455679329737825	0.07976485648767988
0.030647020367158502	0.11251545027457648
0.049477679718941535	0.10075313483243
0.10786020392222015	0.07321678207076694
0.04494434993937096	0.0819781919487581
0.050048962952815496	0.07806439840932362
0.030413531262676846	0.10445615125803508
0.03040597597339428	0.13104184477466038
0.031988615897255206	0.10514394558908478
0.030479337628047973	0.08732517298229774
0.04188358214322174	0.06577528685157069
0.030478542173372012	0.0860133814002536
0.043230952305129744	0.06476099951005226
0.031738716344762476	0.07645122220572739
# $END DATA$




