# x	y
0.000000000000000000e+00 0.000000000000000000e+00
1.999046809708538430e-01 4.970554143003165504e-02
6.011739032740467947e-02 1.044263214476624790e-02
0.000000000000000000e+00 7.451415058265374591e-02
3.461230257449639525e-01 2.118402835191476041e-01
0.000000000000000000e+00 6.724084334150020048e-01
0.000000000000000000e+00 2.713695604484947163e-02
1.722100288249761024e-01 5.233460156932882162e-02
0.000000000000000000e+00 3.728599346771159506e-02
0.000000000000000000e+00 5.455234949677739004e-02
3.247718908617838185e-01 1.048164330102491631e-01
3.928180903819188940e-01 8.456421803037664220e-02
0.000000000000000000e+00 4.453370015271182480e-02
0.000000000000000000e+00 2.995177786960849520e-02
0.000000000000000000e+00 3.854918492375411510e-02
0.000000000000000000e+00 6.313920817976029221e-02
6.429441063429633396e-02 4.590544722960628737e-02
7.899526174440907322e-02 5.624114712809958477e-02
1.035068835027771472e-01 4.395428114035050682e-02
9.500641375169463498e-02 8.837145395347376087e-02
9.099240451876104696e-02 3.655362743574958051e-02
0.000000000000000000e+00 3.411084844569130248e-02
1.070831024788300861e-01 5.024975075752757120e-02
7.857013088691469638e-02 3.346194262471961084e-02
0.000000000000000000e+00 2.500415512087090023e-02
3.462752333810554806e-01 7.592029051811802209e-02
5.512486905326416387e-02 4.973762238113204476e-02
9.689162932180385435e-02 2.298250826756862569e-02
4.083056860893094497e-02 3.455600124735562495e-02
2.591506351690345822e-01 4.778939803709694040e-02
1.840515555814271065e-01 4.373147016515134544e-02
1.157364655447685881e-01 3.763065473703891550e-02
2.374906173203310822e-01 6.705516845276594806e-02
3.919527085414933332e-01 7.063242532690025555e-02
4.124367814059078374e-01 1.641085061914312471e-01
4.149859846905019911e-02 3.735767544917462796e-02
2.393289414946569160e-01 1.542452734282763749e-01
7.538761419927865470e-02 3.224813429467735665e-02
2.822535129588394920e-01 5.203029232641469271e-02
1.084504822743909552e-01 6.091926691061931576e-02
0.000000000000000000e+00 0.000000000000000000e+00
0.000000000000000000e+00 3.749764121124698341e-02
0.000000000000000000e+00 2.942773533514601511e-02
0.000000000000000000e+00 0.000000000000000000e+00
2.827413000729349091e-01 1.398117340902954586e-01
4.841358553411832105e-02 3.416464192767418306e-02
9.505326664915887680e-02 7.609863768483612900e-02
7.626047755519546612e-02 3.736229739535080335e-02
2.496456705468489412e-01 6.236699444868627068e-02
0.000000000000000000e+00 3.124490484637586565e-02
1.063647077399551000e-01 3.355017456720889996e-02
4.538692890007010178e-02 3.537635960800069451e-02
0.000000000000000000e+00 4.276771829859490198e-02
5.611705533637414284e-02 6.052665608856708929e-02
0.000000000000000000e+00 3.618085376153507005e-02
4.210725452079874115e-02 7.860717039790700300e-02
6.347607663801900502e-02 3.277149300876482096e-02
7.842232052261668973e-02 3.661276532553386226e-02
2.058837739248653154e-01 4.480171146577927033e-02
3.554912722632384142e-02 5.914874154991171806e-02
4.083756755545518979e-01 1.467933138594770259e-01
0.000000000000000000e+00 0.000000000000000000e+00
3.782430095123453517e-01 3.177267816335211381e-01
4.774026475987910856e-02 3.353754133154968758e-02
3.664922947216276428e-01 1.336384875542789563e-01
4.688562132272658389e-01 2.750893609126066619e-01
2.386304861624569951e-01 7.817426942251190503e-02
1.107715752590413966e-01 4.022904547610604842e-02
1.096794254637840915e-01 4.183818751453195761e-02
0.000000000000000000e+00 3.789947170335045135e-02
3.764981917026409830e-01 7.138206502990546154e-02
1.024366462450911203e-01 3.641364648139055332e-02
0.000000000000000000e+00 7.548072679780969130e-02
8.608618035377109401e-02 9.541378996651615763e-02
6.164912316370194795e-02 4.965088853612865255e-02
3.513378139141808965e-01 1.071430497974821261e-01
8.128716448339037837e-02 5.744298460237966947e-02
2.805954700182604622e-01 5.812174621271586072e-02
4.609140414462876700e-01 2.422063632863753480e-01
5.355491276414291180e-02 3.195654641655729794e-02
1.658416646419652585e-01 3.944601485168668792e-02
3.268710478821150733e-01 5.930609388823270683e-02
2.578356344675768463e-01 5.264474244296245276e-02
1.035390436223881244e-01 3.085326285534215063e-02
3.335382519092145448e-01 1.270652887803397635e-01
2.391906490825219667e-01 4.597150989748615552e-02
8.642902570275826091e-02 3.581840873913457596e-02
0.000000000000000000e+00 4.547718984797451819e-02
5.245456532619396928e-02 3.412803001288863131e-02
0.000000000000000000e+00 0.000000000000000000e+00
0.000000000000000000e+00 6.146976125796789481e-02
1.914831873174511201e-01 4.414274448495266595e-02
0.000000000000000000e+00 3.624402740188208821e-02
0.000000000000000000e+00 7.110100483552506123e-02
2.588577061036541616e-01 0.000000000000000000e+00
0.000000000000000000e+00 3.357305625400231613e-02
0.000000000000000000e+00 0.000000000000000000e+00
0.000000000000000000e+00 3.150891016599159655e-02
5.017828423618308359e-02 3.722669839872637387e-02
0.000000000000000000e+00 4.243437209556046724e-02
4.005372202320535702e-01 1.111639448590657775e-01
8.670906224968961962e-02 3.447231575262602044e-02
3.661181701356259199e-01 9.356583149921372800e-02
3.443598679001998869e-02 3.279781990529392205e-02
3.829233898445732476e-01 8.349142843646985279e-02
8.959862421256634124e-02 5.512440329799592892e-02
0.000000000000000000e+00 3.361269582130949063e-02
4.328676916370761268e-02 3.436015493027624879e-02
4.510748923082097961e-01 3.239861248826512163e-01
4.585918056785602548e-02 3.358875988032366394e-02
1.095646904556480117e-01 6.176547232125215170e-02
8.949196846000442851e-02 3.897682688018497266e-02
1.673951161757597228e-01 1.486046379016366659e-01
0.000000000000000000e+00 0.000000000000000000e+00
0.000000000000000000e+00 6.738079091636499651e-01
1.783768711749337821e-01 4.364634783266833212e-02
2.613373914880709470e-01 5.261389952200875436e-02
0.000000000000000000e+00 6.724084334150020048e-01
1.205281237028104774e-01 4.006684405762372253e-02
2.994104925482090618e-01 2.594534454101883325e-01
2.257023772440136244e-01 7.405943327991189318e-02
6.717536490289914564e-02 3.213987653646487030e-02
0.000000000000000000e+00 0.000000000000000000e+00
2.827413000729349091e-01 1.429829422558412944e-01
4.774026475996129976e-02 3.359994431140991139e-02
5.512485167520707330e-02 4.988497006016290314e-02
1.182511271343477249e-01 3.988538961873001887e-02
7.087156521637953677e-02 3.481303287389070356e-02
0.000000000000000000e+00 4.045965276883837364e-02
2.582672607785760355e-01 5.556422157391698036e-02
3.692705175466431955e-01 1.127098387767421911e-01
0.000000000000000000e+00 8.216331123269270120e-02
2.126927964151298645e-01 4.289379145875443777e-02
4.520906895754687183e-01 1.897337040185337886e-01
5.085037360456815675e-02 3.473443413938520630e-02
0.000000000000000000e+00 6.997399419645451701e-02
1.556562160735170675e-01 3.884300286970102795e-02
0.000000000000000000e+00 0.000000000000000000e+00
2.172117963754428283e-01 5.248957706427595515e-02
2.594755991432760589e-01 5.326731292836768550e-02
0.000000000000000000e+00 2.935407258625532395e-02
3.889864471628796672e-01 9.553607378246561921e-02
2.393289414946569160e-01 1.779541436239242269e-01
7.842232052261668973e-02 3.590938321926290255e-02
4.632954821984969912e-02 3.340706024420796866e-02
2.015135314584247384e-01 4.989478682510736091e-02
1.897250500487438485e-01 4.149865469329250267e-02
0.000000000000000000e+00 3.913827509361615664e-02
4.548979505855856725e-02 3.196187451462335211e-02
0.000000000000000000e+00 1.303223384185603073e-01
3.554912722632384142e-02 5.920376559186618648e-02
1.406804909101078416e-01 0.000000000000000000e+00
2.381106428516552576e-01 5.032910986865624797e-02
0.000000000000000000e+00 3.262414074246307999e-02
7.473475318816244495e-02 3.726828335001571013e-02
2.557305016100216433e-01 5.080894573515478546e-02
0.000000000000000000e+00 3.124896373449574313e-02
3.461230257449639525e-01 2.118741353545386674e-01
1.074757762308973380e-01 3.733033958791216744e-02
9.099240451876104696e-02 3.632677821723371420e-02
1.190729141911567451e-01 2.636024197577897799e-02
0.000000000000000000e+00 4.145887672625205717e-02
2.722531499367869534e-01 5.499127559456432057e-02
5.101419957508922243e-02 3.607548788153822766e-02
3.118018664162783282e-01 8.581074113201592191e-02
1.016325321651479485e-01 4.036315674635684164e-02
3.110036531710469454e-01 5.831084723941456355e-02
0.000000000000000000e+00 1.391429313831339387e-01
0.000000000000000000e+00 3.745184545063944687e-02
0.000000000000000000e+00 6.331669101727627202e-02
3.134813453124994931e-01 5.772134177383957815e-02
5.355503840632928891e-02 3.195518139436976518e-02
2.477413397319226940e-01 4.809489854976521650e-02
7.184601297367741723e-02 5.879083630159246537e-02
0.000000000000000000e+00 3.264697657038442835e-02
4.060685458082545773e-01 9.795288288475700877e-02
0.000000000000000000e+00 3.187759265120861801e-02
2.482012374578270175e-01 4.828473825164069505e-02
1.658441346785583526e-01 3.944630860398105204e-02
8.608229282917954917e-02 8.245449246899932971e-02
2.578356344675768463e-01 5.266794267608670282e-02
0.000000000000000000e+00 3.183004068026423078e-02
3.581615249377714805e-01 8.101575338956983063e-02
0.000000000000000000e+00 0.000000000000000000e+00
9.947949445261679291e-02 3.573769343600866760e-02
0.000000000000000000e+00 4.204475208124081737e-02
9.689162932180385435e-02 2.298250826756862569e-02
0.000000000000000000e+00 2.995177786960849520e-02
6.718391081429608835e-02 3.628602134618297975e-02
1.989917744537976207e-01 3.881344786573151517e-02
3.100388018827899272e-01 5.561446669179124364e-02
6.971474783863652880e-02 9.907052852487500949e-02
7.626047755519546612e-02 3.736229739535080335e-02
0.000000000000000000e+00 6.313920817975736399e-02
7.747004596887392680e-02 3.082046222122740084e-02
3.064907802093907452e-01 5.536601803160446506e-02
0.000000000000000000e+00 0.000000000000000000e+00
3.646872336213548976e-02 5.093360391519314440e-02
4.083756755545519535e-01 1.488439871287480509e-01
0.000000000000000000e+00 1.041534375577618243e-01
1.925435150280908336e-01 4.544017014269981919e-02
4.103537706627603115e-02 3.756150367535155549e-02
0.000000000000000000e+00 3.660422019021548207e-02
3.377134268741828205e-01 5.948764054847854865e-02
0.000000000000000000e+00 3.493631808661329385e-02
1.422726007823053584e-01 3.819918412421174914e-02
0.000000000000000000e+00 4.634575256487014766e-02
0.000000000000000000e+00 1.053166018855931640e-01
0.000000000000000000e+00 3.055141542668742341e-02
1.587558882970529495e-01 3.902760731466506372e-02
1.631751299867254812e-01 3.912313155519267505e-02
7.809208777995546580e-02 3.694708598553015505e-02
3.037682288161370203e-01 5.681917149624180624e-02
1.418923857501290242e-01 6.655869064927440182e-02
4.472075088590168196e-02 3.334259269871278630e-02
1.060326721288123442e-01 3.612377226983005257e-02
0.000000000000000000e+00 3.496968531810539654e-02
6.143354851997180621e-02 4.590377643965676269e-02
0.000000000000000000e+00 6.313920817975736399e-02
3.389212658712533188e-01 2.299776596504682080e-01
4.585918056785601854e-02 3.361991168897714155e-02
3.764981922194470809e-01 7.041339773453454687e-02
7.045405859421637051e-02 2.992569356484288054e-02
0.000000000000000000e+00 3.794018659642615227e-02
5.085048715163299066e-02 3.473447291973787154e-02
1.508623295070142811e-01 4.317645288006857762e-02
4.694932060087516484e-02 3.180438593399731451e-02
5.244725485360255540e-02 3.414386968645616305e-02
5.355492585464267929e-02 3.195655032214808622e-02
0.000000000000000000e+00 3.266090226923808876e-02
9.381730237628832514e-02 3.645121673345053798e-02
3.762537596076099833e-01 2.185536948645516453e-01
4.383684971957297477e-02 3.203729565483636604e-02
2.407513625109493072e-01 1.787070427573173304e-01
2.836089429548832030e-01 8.864282977305791567e-02
0.000000000000000000e+00 3.015353028460921250e-02
1.839318452648816826e-01 4.372951827061093838e-02
4.529526154276550948e-02 3.565222143780804459e-02
3.559903156161492999e-01 1.480075267532101613e-01
0.000000000000000000e+00 2.333748913151894103e-02
0.000000000000000000e+00 3.101860141824702016e-02
8.494092491467507278e-02 4.029005275863353081e-02
3.100388018827900938e-01 5.549779194987048553e-02
1.107720296873388327e-01 4.022912799365564035e-02
3.270032481605283925e-01 6.006970332062526452e-02
0.000000000000000000e+00 2.981013186698416167e-02
1.067683970960464079e-01 3.189686436772326550e-02
6.769059540964079968e-02 3.406572143982637690e-02
0.000000000000000000e+00 3.309463106683457889e-02
2.260983851368958408e-01 6.882353855684113231e-02
0.000000000000000000e+00 3.237459833337240356e-02
4.543896985650667381e-02 3.750578942307183222e-02
8.543212428012846027e-02 3.894497733494101804e-02
4.510820070642314050e-01 3.239886799718210697e-01
2.939404591019008084e-01 6.569672048403599196e-02
0.000000000000000000e+00 3.072614661476347903e-02
3.437868380985886763e-01 5.844213142707637559e-02
7.030505436162336197e-02 2.597560525925983119e-02
1.658416646419652030e-01 3.890775518059551297e-02
5.833586667071821719e-02 4.227796234679125076e-02
9.947949445261679291e-02 3.573769343600866760e-02
9.947949445261680679e-02 3.570899732667988380e-02
3.150614992800571668e-01 6.432355686487752078e-02
2.141406602758855471e-01 4.392042356195800801e-02
0.000000000000000000e+00 3.102453030899878644e-02
2.515547763414593962e-01 1.128379924160416992e-01
6.139305422486258240e-02 3.546595819766131669e-02
7.392991683476381193e-02 5.223246013916427177e-02
4.537555374790371715e-02 3.350611033180694864e-02
3.678563783688858502e-01 1.560640977994500744e-01
2.375676021013220229e-01 5.132159425591754226e-02
3.281450243121575294e-02 5.267840630775262600e-02
2.595469157335200672e-01 5.327463265875451159e-02
0.000000000000000000e+00 0.000000000000000000e+00
0.000000000000000000e+00 2.942773533514601511e-02
2.410206402952036475e-01 2.091845361156986216e-01
0.000000000000000000e+00 3.124896373449573272e-02
0.000000000000000000e+00 3.789947170336337157e-02
4.688562132272658389e-01 2.750893609126066619e-01
0.000000000000000000e+00 1.391429313831339387e-01
7.513318045969583081e-02 3.129108367329190565e-02
9.837951045448446730e-02 6.985498498297068592e-02
3.260199173572004838e-01 6.922613273440367254e-02
1.102303516998751065e-01 3.339607654649615759e-02
5.490633628904067337e-02 3.509872008889235867e-02
9.278488120665229211e-02 6.901655334397974184e-02
9.947949445261679291e-02 3.573769343600866760e-02
7.673192101481675353e-02 3.200890080791393699e-02
3.537559519698091903e-01 7.041060313071199894e-02
3.829233898445732476e-01 8.349142843646985279e-02
7.615826633197715634e-02 3.568283794765073763e-02
2.325778639550662996e-01 6.996957784018309479e-02
7.996924328213020350e-02 3.296795435769223764e-02
6.913032895855150683e-02 3.453350727568707534e-02
0.000000000000000000e+00 2.938675693800379268e-02
3.764262804900729842e-01 7.147534117194885572e-02
7.272962723624312731e-02 3.398148596429272084e-02
0.000000000000000000e+00 3.360347339994668864e-02
4.468071412223140748e-01 1.202519576677892610e-01
2.385024879867823910e-01 4.692099161915130878e-02
1.154878876274006150e-01 2.027490803372308803e-02
0.000000000000000000e+00 3.187323723843710904e-02
0.000000000000000000e+00 2.333748913151894103e-02
1.147618890258276930e-01 3.321391897552872230e-02
4.383686080034212423e-02 3.203729970391673565e-02
5.245649678280566580e-02 3.409727114310670548e-02
5.955949318668617848e-02 3.356871596776200839e-02
8.670906224968961962e-02 3.447231575262602044e-02
0.000000000000000000e+00 9.584811173429101661e-02
4.383141557058015808e-02 3.413528473256902118e-02
0.000000000000000000e+00 3.124896373449573966e-02
9.363186970975548307e-02 6.778955622690706340e-02
0.000000000000000000e+00 3.211068680889049565e-02
1.062254198602549937e-01 3.786376642732068587e-02
0.000000000000000000e+00 3.571037799199047735e-02
7.558986663702947639e-02 3.381193612829344608e-02
8.411435869039068924e-02 3.574392253753774090e-02
0.000000000000000000e+00 3.902840790215639927e-02
7.626047755519546612e-02 3.460653472925609431e-02
5.355491276414291180e-02 3.273605332633074128e-02
0.000000000000000000e+00 3.165812251443484576e-02
0.000000000000000000e+00 4.773147265679985457e-02
8.778573245793687418e-02 3.625352389834086975e-02
1.102303516998751204e-01 3.674474365229276479e-02
1.067683970960464079e-01 3.060000004985190605e-02
0.000000000000000000e+00 4.225643644666363108e-02
0.000000000000000000e+00 3.195880454175998447e-02
4.458031813854274744e-02 3.153190697915964069e-02
8.894380228423152956e-02 3.477362078188239031e-02
4.472075088590167502e-02 3.332222007167959937e-02
8.332233109388324788e-02 3.189858653994974425e-02
7.045405859421638439e-02 3.030901380067707596e-02
1.925435150280908614e-01 4.529320648943884614e-02
5.833586667071821719e-02 4.241777479922912569e-02
3.443598679001998869e-02 3.279781990529392205e-02
3.612025806996567168e-01 2.162794852334878615e-01
0.000000000000000000e+00 1.701017449982162311e-01
5.244725485360255540e-02 3.414386968645616305e-02
0.000000000000000000e+00 3.134326448348172950e-02
1.810627026140028129e-01 4.368424370882491303e-02
0.000000000000000000e+00 3.350281864440206314e-02
1.669742387118555438e-01 3.796557652028392793e-02
8.488109033095542211e-02 3.377575558742441919e-02
0.000000000000000000e+00 3.124490484637586565e-02
0.000000000000000000e+00 3.745752873569954677e-02
4.091022780396690040e-02 3.217627076168074612e-02
0.000000000000000000e+00 3.328923188397168303e-02
0.000000000000000000e+00 3.990644199585868801e-02
1.418923857501289965e-01 7.305554270890882163e-02
8.670907544872918926e-02 3.093674983089430425e-02
4.641170639228250905e-02 3.692338424505614558e-02
5.868685635546695006e-02 3.166878862641563791e-02
1.006615244901626210e-01 3.181032471200834905e-02
0.000000000000000000e+00 3.729738355369221353e-02
1.192909964558599434e-01 3.064302122762348896e-02
2.015153901571296591e-01 4.989501693164693358e-02
1.016325321653598068e-01 4.117268479132794173e-02
9.041837163890451001e-02 3.379563455999275157e-02
7.809210731503016256e-02 3.694709060676683310e-02
0.000000000000000000e+00 2.421079471633146019e-02
2.263738846031239926e-01 5.674879074623615655e-02
5.085046648492373006e-02 3.473446586132637737e-02
7.996926364987881619e-02 3.296795855607486531e-02
1.426778421704980315e-01 1.258971871191336689e-01
7.972867669230203347e-02 3.390621158059387019e-02
1.198414046890408785e-01 3.514550886626685577e-02
0.000000000000000000e+00 0.000000000000000000e+00
7.704882122736547712e-02 3.503376510318616938e-02
3.443598679001998869e-02 3.279781990529392205e-02
2.738878542032636143e-01 4.868396878528617744e-02
8.569972360612687634e-02 3.201170153496800397e-02
0.000000000000000000e+00 4.092885893184541185e-02
0.000000000000000000e+00 3.124896373449573272e-02
1.107715752590413966e-01 4.022904547610604842e-02
0.000000000000000000e+00 2.333748913151894103e-02
0.000000000000000000e+00 5.005343779037486895e-02
1.076299464131627442e-01 3.925371078583202167e-02
0.000000000000000000e+00 3.649150031047545401e-02
9.949196488972686381e-02 3.556407318201770112e-02
1.102303110418367538e-01 3.339607038748883261e-02
4.536169138657071553e-02 3.358263025285864595e-02
4.537555374790371715e-02 3.350627724754706022e-02
4.516378114515851028e-02 2.624002067279302200e-02
4.697775205193717440e-02 3.580837605692994974e-02
1.190343391957231628e-01 3.090109947046437364e-02
0.000000000000000000e+00 6.126036623518096857e-02
4.500738178497940001e-02 3.299657070302115108e-02
0.000000000000000000e+00 2.727837044325460980e-02
5.742505121258902751e-02 3.522485594748454851e-02
4.747387917430926502e-02 3.526147896413472232e-02
3.233545521344860507e-01 5.389400582858229483e-02
1.181598355656198751e-01 3.675003416009858803e-02
5.211155976454108496e-02 3.560816080243679044e-02
7.687800379442037702e-02 6.941865780301033351e-02
5.355134240144435870e-02 3.195994694934933128e-02
1.783809853404214885e-01 4.356531662424666801e-02
5.017719753015901368e-02 3.722629528912372449e-02
0.000000000000000000e+00 3.706854670374926802e-02
7.294445033163238223e-02 2.998164612654801928e-02
1.146048211992142518e-01 5.155307796649002267e-02
5.868685635546695006e-02 3.166878862641563791e-02
7.996926364987881619e-02 3.296795855607486531e-02
4.307673128359116449e-02 3.327123284359182614e-02
1.006955624394860749e-01 3.231064720124981332e-02
2.107734424138431872e-01 3.699876566408440148e-02
0.000000000000000000e+00 3.407733806457131920e-02
5.990980960322589421e-02 3.537895871111845086e-02
0.000000000000000000e+00 3.113415504856162017e-02
7.571980031427798241e-02 3.149567446056100034e-02
4.451753493968200331e-02 3.972770222792679218e-02
1.165379925536846051e-01 3.202434653102084749e-02
1.147028479939363882e-01 3.090342556943011243e-02
3.379121217371716668e-01 5.121544447568022324e-02
1.565603127322127974e-01 4.165564414046060704e-02
5.245456532619396928e-02 3.412803001288863131e-02
4.697715323636471318e-02 3.580814783526527906e-02
6.149642514814629424e-02 3.545514877862890324e-02
0.000000000000000000e+00 2.336145830321810848e-02
8.681685800045922663e-02 3.087732576486407546e-02
5.355402963551558065e-02 3.197460470241490771e-02
0.000000000000000000e+00 3.140803604140358918e-02
4.385784772454796171e-02 4.181791371193160217e-02
3.307655840150854065e-02 4.135599567308070185e-02
3.443598679001999563e-02 3.270756664630218580e-02
5.085037360456815675e-02 3.472632389611733650e-02
1.066681348216122760e-01 3.347255133677249500e-02
4.564674288426982113e-02 3.290688114293797983e-02
1.113884284537464547e-01 1.601266628194463956e-02
8.111449289644585836e-02 3.295458381140562582e-02
8.569972360612683471e-02 3.210035297665699006e-02
0.000000000000000000e+00 3.118026966080101117e-02
4.565261737579614371e-02 3.365446832554928186e-02
0.000000000000000000e+00 3.351244024624888684e-02
0.000000000000000000e+00 3.226647841294526947e-02
0.000000000000000000e+00 2.575060479122619900e-02
3.191649322451271809e-02 0.000000000000000000e+00
7.385888532499229608e-02 3.418956855815638574e-02
1.591165881271453253e-01 3.968220032549252957e-02
4.091024019822223773e-02 3.155310850896738545e-02
3.546596631228260410e-01 6.620323947582901214e-02
4.671843907590828709e-02 3.214763043556991690e-02
1.705684059831251431e-01 4.104352396385399504e-02
4.412540105249201927e-01 8.800361413668709998e-02
6.718389084044035231e-02 3.570409135550374480e-02
5.706844863921264194e-02 3.340705889842406767e-02
3.896216680765288154e-02 3.433992328112846215e-02
4.734283601143143144e-02 3.366087363508518671e-02
6.139305422486257546e-02 3.571957223555568411e-02
2.998762723352147441e-01 3.957222496161590108e-02
8.220005811724581668e-02 2.892893862106873243e-02
2.636018790152142577e-01 5.444499143570817601e-02
4.281247095197638908e-01 9.926831551314736768e-02
0.000000000000000000e+00 2.218008481060215753e-02
5.073568183573975293e-02 3.477387536954094915e-02
4.149319727520368178e-02 3.463104988848519916e-02
5.017719753015902062e-02 3.723357236610247423e-02
1.193098858807125906e-01 2.651880872987712884e-02
4.616284060112972598e-02 3.363018515631544664e-02
0.000000000000000000e+00 2.926389518608007653e-02
4.365894595519025784e-02 3.374974063152930831e-02
0.000000000000000000e+00 9.361581675997149299e-02
0.000000000000000000e+00 4.002812055068916131e-02
1.176682371218212009e-01 2.553035594043865167e-02
4.632869316948387550e-02 3.341070039979645440e-02
5.211155976454108496e-02 3.560816080243679044e-02
8.003926197918234675e-02 3.229273338377375291e-02
7.030505436162336197e-02 2.597560525925983119e-02
1.053667556997478633e-01 3.092020094467446897e-02
3.486605170378697660e-01 6.068913479245631459e-02
4.512449087052093910e-01 2.764663549870702286e-01
5.244725485360256234e-02 3.413445165804132597e-02
5.955949318668618542e-02 3.356909461047370008e-02
4.457344415565910739e-02 3.152943474360498516e-02
0.000000000000000000e+00 3.168623080122009300e-02
8.670907544872918926e-02 3.093674983089430425e-02
8.670906224968961962e-02 3.447231575262602044e-02
5.017719753015901368e-02 3.722629528912372449e-02
2.911181044655146710e-01 4.073992361363643760e-02
1.207791616007998364e-01 2.443074546745158809e-02
0.000000000000000000e+00 2.271752561473617052e-02
8.670907534378664849e-02 2.619938181091504420e-02
4.478933650571575997e-02 3.157761976852967861e-02
5.254653864810938935e-02 3.199952386705859353e-02
6.350442075397143282e-02 3.495535761837666872e-02
4.516666676992420193e-02 3.221562359553815230e-02
6.194492904487811091e-02 3.468938575680256819e-02
7.489461080676221294e-02 2.123038380452961851e-02
8.969729774714561843e-02 4.066850423365310496e-02
6.309251751655167717e-02 3.433882536304061484e-02
3.955968889163470614e-02 3.349980643657330531e-02
0.000000000000000000e+00 3.124490484637586565e-02
0.000000000000000000e+00 4.012186157783784179e-02
7.178900805615537339e-02 3.596150403600081868e-02
4.237025143199410482e-02 3.404911733347432135e-02
0.000000000000000000e+00 2.625585110121688923e-02
4.153160587804505255e-02 2.387922682124996032e-02
3.400866477716243397e-01 7.036340409344481184e-02
4.779069052176865284e-02 3.763532652621713603e-02
1.037344414904578932e-01 3.123343988562822179e-02
4.516378116334462262e-02 2.615369614507898760e-02
4.458031813854274744e-02 3.097838121676069895e-02
1.112755918282019307e-01 3.607869326887452183e-02
4.294805344154518228e-02 2.054131130964830659e-02
1.155069006837467910e-01 1.550314469857120604e-02
3.111028704778465714e-01 5.626779058380292076e-02
5.025860514247201816e-02 3.549076905301473683e-02
5.868685635546695006e-02 3.140353281631500654e-02
0.000000000000000000e+00 2.800964873832745977e-02
0.000000000000000000e+00 2.289314142968205609e-02
5.355479528800040356e-02 3.195301563701211794e-02
0.000000000000000000e+00 2.674227204274941955e-02
4.641170639228250905e-02 3.721108099894870902e-02
3.955968889163470614e-02 3.352358401412531413e-02
0.000000000000000000e+00 2.414735017855287186e-02
4.414837631408756458e-02 3.595311378903149474e-02
9.005613650082450183e-02 4.150362726092775983e-02
1.126497678202571517e-01 3.255847037182396653e-02
7.288473132070606708e-02 3.663991452062293624e-02
2.848229624610223998e-01 5.214563850189338906e-02
2.665258122206702329e-01 4.985856556593384892e-02
0.000000000000000000e+00 2.336145830321810848e-02
0.000000000000000000e+00 3.265556637269487888e-02
0.000000000000000000e+00 3.194139409818398667e-02
4.568964966874550226e-02 3.157464271141306733e-02
1.190343391957231628e-01 3.090359934435443420e-02
4.153160587804505255e-02 2.380767853962396582e-02
4.537555374790371715e-02 3.350627724754706022e-02
1.126833272626729110e-01 2.366347862115951786e-02
4.585918056785601854e-02 3.319711807625169708e-02
2.038821915169425070e-01 5.009656356380689374e-02
5.868870281076105783e-02 3.167070527483365622e-02
4.451753493968201025e-02 3.978644570562281380e-02
1.145336399936061067e-01 3.055570753814303847e-02
7.546628994451354266e-02 3.450440245484154289e-02
1.116971413934227386e-01 2.187983128823029963e-02
0.000000000000000000e+00 3.338626185686957570e-02
1.929216188912813990e-01 4.197278604799813823e-02
3.443598679001998869e-02 3.330189837524701740e-02
7.514464921243187157e-02 3.493198995900972936e-02
1.148879965341273457e-01 3.066670760508919194e-02
4.687057485214219943e-01 2.010868550284180267e-01
3.156785103076792387e-01 6.254280440062805202e-02
0.000000000000000000e+00 2.466224775735740074e-02
3.887105959472012678e-02 3.279490064794596260e-02
1.192909964558599434e-01 3.071997725811074359e-02
1.006955624394860749e-01 3.231064720124981332e-02
4.182356637187602949e-02 3.399868586552347999e-02
7.555837922056725386e-02 3.659350854067495301e-02
1.170973198401277365e-01 1.576302769790074998e-02
5.744013400948759507e-02 3.184759263888762432e-02
5.487593638771209176e-02 3.504654571182266171e-02
9.005983261873046208e-02 0.000000000000000000e+00
6.936309888382426181e-02 3.207892673139913636e-02
0.000000000000000000e+00 4.766602390124408117e-02
4.091024019822223773e-02 3.155310850896738545e-02
4.774026475987910856e-02 3.353754133154968758e-02
7.540466928553576920e-02 2.615591613956210967e-02
1.177960138625434861e-01 2.552252222423600711e-02
7.045405859421637051e-02 2.995881031642137760e-02
4.385784772454796171e-02 4.181791371193160217e-02
4.517759888678999497e-02 3.128944618319790677e-02
1.193878692466243119e-01 3.193447403069132190e-02
8.127536057431444805e-02 3.095398619903738310e-02
0.000000000000000000e+00 2.622070668663979351e-02
8.943708427459311217e-02 3.437285004023722668e-02
7.489461080676221294e-02 2.123038380452961851e-02
0.000000000000000000e+00 2.338498153875325641e-02
1.147014553639137541e-01 3.090414955752290860e-02
5.688188247236293515e-02 2.950074127146672803e-02
5.312316568377144221e-02 3.940370304009885999e-02
3.896216680765288154e-02 3.433992328112846215e-02
1.954549469975868647e-01 4.445975264265846633e-02
4.980604671357546920e-02 3.227636442540825212e-02
0.000000000000000000e+00 3.221562356090796470e-02
0.000000000000000000e+00 3.464472561649346860e-02
5.378914515169404970e-02 3.331343058289928244e-02
9.010233262355753225e-02 3.099937183746759653e-02
1.193098858807126045e-01 2.287456525187248763e-02
2.658990516690102890e-01 4.396975922929290820e-02
1.178283615615482172e-01 3.061893526054938752e-02
8.276737309112623675e-02 3.966491337647221060e-02
1.614605388607914527e-01 4.164988727378707983e-02
4.383336213718812963e-02 3.107695167980756984e-02
4.366030435829078987e-02 3.426104584771726830e-02
0.000000000000000000e+00 0.000000000000000000e+00
4.237025143199410482e-02 3.404911733347432135e-02
6.134252830366387910e-02 3.559256583779556865e-02
1.154878876274006150e-01 2.027490803372308803e-02
7.294445033163238223e-02 2.997460932980180667e-02
0.000000000000000000e+00 2.466047306387540716e-02
4.338248162350730880e-02 3.245436949187146397e-02
7.512015059260647443e-02 3.255695890345056132e-02
0.000000000000000000e+00 6.898067027071787261e-02
4.159024480163087817e-02 3.218285018608185027e-02
4.717968840584103873e-02 3.188178982447380239e-02
0.000000000000000000e+00 2.939117686663932083e-02
4.457344415565910739e-02 3.098165647632952421e-02
0.000000000000000000e+00 2.727837044325460980e-02
4.458031813854274050e-02 3.152168839276720674e-02
0.000000000000000000e+00 2.688739976430278358e-02
6.162114686283651221e-02 3.470050470788602764e-02
4.087766888645699703e-02 3.221738715224033156e-02
1.017929485927352717e-01 2.987004263312001764e-02
0.000000000000000000e+00 3.666017337455697300e-02
2.642015651885669114e-01 3.753986834561734431e-02
2.999733589853482707e-01 6.293036868844044396e-02
3.743050224492659728e-02 3.627060783360604168e-02
4.334466035943396883e-02 3.245073264396759055e-02
0.000000000000000000e+00 3.046210601681265812e-02
6.887647491736879901e-02 3.083568959461197023e-02
9.912000980754422097e-02 3.605390972311826175e-02
0.000000000000000000e+00 2.789902961549969862e-02
8.836473158924691707e-02 2.657582071055713743e-02
5.005029668765750145e-02 3.157941637832668846e-02
1.166549577670551868e-01 3.116136224791142550e-02
4.478416230589726821e-02 3.341123912187321521e-02
1.069617064985043109e-01 3.261560890180661976e-02
0.000000000000000000e+00 4.629624545415252784e-02
4.818746243875703106e-02 3.254413885148541713e-02
6.056649115889272544e-02 5.098176596462573873e-02
2.529644693387417820e-01 4.279635747403238988e-02
1.207495769344098663e-01 2.760878756220494501e-02
4.472075088590167502e-02 3.332180085604637132e-02
1.177960150615831036e-01 2.533658458981690592e-02
4.468309919039318429e-02 3.428152647062007730e-02
0.000000000000000000e+00 2.636399534052825608e-02
8.956639194172152929e-02 3.194136106050429746e-02
1.055172869340101210e-01 3.154737206353128848e-02
5.557828104647314499e-02 3.335527013199637153e-02
5.868685635546695006e-02 3.149354129395372237e-02
4.028515480977837293e-02 3.304185496780939063e-02
1.127022230578295231e-01 2.215026914137126560e-02
4.452465626762186490e-02 3.096428729634228758e-02
7.030510479434542992e-02 2.685107950004052627e-02
1.196080228155959047e-01 2.333094104668671787e-02
4.831935420194633651e-02 3.183310694128076851e-02
5.853216237169481945e-02 4.085745858905639322e-02
2.235232029583354707e-01 4.508703688075442473e-02
4.517759888678999497e-02 3.128944618319790677e-02
4.516378114515851028e-02 2.624002067279302200e-02
4.516378116334462262e-02 2.288787407185415360e-02
1.180439655399521254e-01 2.715738763364642858e-02
7.536038422529356406e-02 2.849136598232071549e-02
3.896217618883496964e-02 3.433992741525497550e-02
4.380363686840048343e-02 3.116781628529755391e-02
0.000000000000000000e+00 2.753708689077669775e-02
7.030505436162333421e-02 2.596527741639669332e-02
7.489461080676219906e-02 2.124104952499913934e-02
1.144282168144090256e-01 3.189612706168804684e-02
3.263824753317626920e-02 0.000000000000000000e+00
9.533008572251128188e-02 3.003859507804213305e-02
4.385786006025746420e-02 4.181791959290417221e-02
4.237025143199410482e-02 3.404911733347432135e-02
1.154878876274006150e-01 2.027490803372308803e-02
4.383686656967072937e-02 3.203730181211631584e-02
0.000000000000000000e+00 2.333748913151894103e-02
4.660978042357953599e-02 3.142787562361651355e-02
7.347545958401735522e-02 2.949024756446789672e-02
6.879096256755261318e-02 3.632814978527580674e-02
1.177960152964939999e-01 2.479486903070310388e-02
4.457344415565910739e-02 3.090209023551343873e-02
1.154878876274006150e-01 5.398608203241590797e-02
4.383684969434437084e-02 3.153725561859762466e-02
8.764775642223826546e-02 2.945568117012246911e-02
4.544182180153055056e-02 3.303712494174559228e-02
4.328592793611373696e-02 3.395372626743310696e-02
4.444009455640404727e-02 3.608321910178703684e-02
0.000000000000000000e+00 3.163726202887449934e-02
4.538596410072761461e-02 3.354770677078389163e-02
4.457347059001783712e-02 3.098166566319084450e-02
1.154878876274006150e-01 2.027490803372308803e-02
5.868685635546696394e-02 3.165852510134180980e-02
1.170973187515497171e-01 1.993123807768289873e-02
0.000000000000000000e+00 3.199473965213817106e-02
5.356132493970552216e-02 3.053739882666666253e-02
0.000000000000000000e+00 3.321412071635018726e-02
4.159079657711504951e-02 3.188881661872193518e-02
7.030505436162336197e-02 2.638555222599764036e-02
0.000000000000000000e+00 2.343294604553099528e-02
0.000000000000000000e+00 3.384965291305212787e-02
3.248297703300118827e-02 4.269498071775996995e-02
0.000000000000000000e+00 2.701302035661764731e-02
4.883731117303707903e-02 3.416331617741989041e-02
2.366785243975635666e-01 0.000000000000000000e+00
2.812267471613411063e-01 5.877118561143747366e-02
7.451481368783420545e-02 3.085285698177228642e-02
0.000000000000000000e+00 2.418976512594750439e-02
0.000000000000000000e+00 2.439934683627798667e-02
1.113885183183844912e-01 1.601267274119803213e-02
4.202224256973166594e-02 3.287738483131395772e-02
0.000000000000000000e+00 3.140353278202535209e-02
5.862755693690824971e-02 4.032378820450518292e-02
4.740371751038556514e-02 2.951506235294103914e-02
1.204725170980186916e-01 2.751170441171478867e-02
3.957112439641057022e-02 3.591479390903353636e-02
4.516240139336666348e-02 3.311018778047224165e-02
3.856102690557643153e-02 3.196212347646362750e-02
1.177960138625434861e-01 2.552252222423600711e-02
3.443598679001998869e-02 3.279781990529392205e-02
3.957112439641057022e-02 3.591479390903353636e-02
7.994977736773570265e-02 2.571639220117910574e-02
3.443598679001998869e-02 2.548458712400377899e-02
3.191649322451271809e-02 2.775202956045814962e-02
9.216237667288164348e-02 1.661069478975827490e-02
6.087178422752081292e-02 3.150086037851099890e-02
7.411969810149664217e-02 2.960906717864245433e-02
8.711672097302704254e-02 3.479350936366436275e-02
0.000000000000000000e+00 7.185388132619710544e-02
4.548715034026943466e-02 3.283217485960632231e-02
4.202224256973166594e-02 3.287738483131395772e-02
4.307673128359116449e-02 3.327123284359182614e-02
3.147106022144197102e-01 4.714270889667045855e-02
1.013194921250516467e-01 9.398710159289157609e-03
6.936666053164734780e-02 3.060561723332214795e-02
1.197199947139635373e-01 2.386312117214597212e-02
7.241884419259919659e-02 2.959306623948373266e-02
5.253015391832335790e-02 3.589920106726741944e-02
6.004436372104730857e-02 3.087917735129407787e-02
4.578154046496017426e-01 1.559433069949529571e-01
3.227074015416343811e-02 2.633153307312776845e-02
1.154878876274006150e-01 2.027490803372308803e-02
4.509977766752639589e-02 3.374815658384591049e-02
0.000000000000000000e+00 2.240958749195615107e-02
3.957112439641057716e-02 3.626497619289029140e-02
3.307702658400184931e-02 4.078423184394613238e-02
4.518094198101493819e-02 3.291487422905299554e-02
0.000000000000000000e+00 3.266431104532691032e-02
1.339413251297467689e-01 3.765913374225230564e-02
0.000000000000000000e+00 2.626518155368225832e-02
3.456572694429278086e-02 2.579517052482889483e-02
2.587728454053297988e-01 3.734441591081934936e-02
4.564835393290449933e-02 3.395332785545510101e-02
3.939123631540121517e-02 3.209041992673294930e-02
6.354523426940990316e-02 2.195909350394337212e-02
1.200452064649669415e-01 2.441147683583202999e-02
0.000000000000000000e+00 1.929790012534105328e-02
4.400282526788015097e-02 3.152866484416162046e-02
4.516378116334462955e-02 2.585314888848369574e-02
4.533287449947572684e-02 2.613549918302405725e-02
3.641389081921180687e-02 5.223539681484428571e-02
0.000000000000000000e+00 2.291321218418017683e-02
4.452459577538985663e-02 3.096426626193523809e-02
4.194236304083241718e-02 3.302581434049684656e-02
1.752941585921128087e-01 3.264832917407170521e-02
4.739303228998700823e-02 3.117676533509808681e-02
4.426410889899388967e-02 3.088570466483201576e-02
4.153160587804505255e-02 2.380767853962396582e-02
0.000000000000000000e+00 2.336959251287939673e-02
3.977279056844677113e-02 3.185954031242394652e-02
8.836473158924691707e-02 2.657582071055713743e-02
4.596396476187565583e-02 2.386555134122058872e-02
4.915511561676001728e-02 3.080532463069361043e-02
4.694104059407269020e-02 3.150857256577618837e-02
7.234918225880085374e-02 0.000000000000000000e+00
1.983354280721690011e-01 4.389795562567726239e-02
1.154878434146230926e-01 1.923813545393644742e-02
0.000000000000000000e+00 2.686055313485709653e-02
0.000000000000000000e+00 2.357278360131530304e-02
4.580088494255734471e-02 4.360283812170160506e-02
5.695487139461219428e-02 3.145236349662390574e-02
4.294805344154518228e-02 2.069027423092957216e-02
3.895967514599602693e-02 3.433469479530853324e-02
3.092523608842777383e-02 2.746370141704222029e-02
0.000000000000000000e+00 2.941170232491661582e-02
5.283576318570864377e-02 3.309984634158120304e-02
3.886044162398766266e-02 3.278887864399466362e-02
3.191653953712834252e-02 0.000000000000000000e+00
4.457344415565910739e-02 3.152943474360498516e-02
4.449561595911692008e-02 3.151330957406303646e-02
3.761657361235263425e-02 3.326636812053706399e-02
1.155069006837467910e-01 4.544314606168427945e-02
4.159078286853331446e-02 3.188881136334668909e-02
4.458031964066978131e-02 3.152168892382645193e-02
4.509988963609196794e-02 2.809784688815531936e-02
4.165231529120649173e-02 3.117854871571925160e-02
7.030505436162334809e-02 2.565098640272782740e-02
4.740371751038556514e-02 2.952812160428040789e-02
4.454343196716548103e-02 3.128659627255521436e-02
4.708920712263614528e-02 2.093304727133888168e-02
0.000000000000000000e+00 4.680011715880850326e-02
4.267261345585123683e-02 4.065930672503502430e-02
4.082246413440604460e-02 3.443966538747010586e-02
4.419310962939758392e-02 8.073166136732477446e-03
0.000000000000000000e+00 2.333748913151894103e-02
3.443598679001998869e-02 3.203041294602627931e-02
3.443588057450822082e-02 3.052339368928032315e-02
5.688273642747248421e-02 2.590868144813717952e-02
4.379807922882893167e-02 3.116656385698079318e-02
1.116996643269249773e-01 2.188543308030197615e-02
0.000000000000000000e+00 1.773352095794589536e-02
5.837013345543944770e-02 3.287287963485063108e-02
0.000000000000000000e+00 2.527115008251665240e-02
3.957112439641057716e-02 3.772932728662981017e-02
7.348740402019893203e-02 2.949469939443538635e-02
7.490395397498603169e-02 2.125424651736647699e-02
4.306406154429334027e-02 3.257876291612486763e-02
6.342847239593581155e-02 2.296583746379282295e-02
5.727185935933847005e-02 3.703064580919741139e-02
0.000000000000000000e+00 2.786153175137253551e-02
4.160882774940324186e-02 3.210652754166015005e-02
9.449343813360309985e-02 8.626885082167491670e-02
3.307655840150854065e-02 4.135599567308070185e-02
3.911641880072962152e-02 3.244782120196205294e-02
3.443598679001998869e-02 3.104537205867118066e-02
1.116971413934227386e-01 2.187983128823029963e-02
1.038019607392449140e-01 3.100796300593608446e-02
4.294805344154518228e-02 3.704132533934544752e-02
0.000000000000000000e+00 0.000000000000000000e+00
3.263764284378798952e-01 7.099844996509216410e-02
0.000000000000000000e+00 2.988005066783184366e-02
3.456573030808640645e-02 2.074928051280719096e-02
4.075328043740615580e-02 3.139838716142750313e-02
3.086996419117393059e-02 2.744352598144251740e-02
4.517484455601331050e-02 3.111644328662282327e-02
6.342847239593578379e-02 1.955070418321411957e-02
4.449564402478094205e-02 3.091875728128956960e-02
3.248297677058321203e-02 5.201359940572320567e-02
3.716610286844151956e-01 1.639861164527159354e-01
3.698193619189295289e-02 3.240327978718952201e-02
4.090137864546461444e-02 3.167195912411085307e-02
3.956221730942482973e-02 2.865838825028547976e-02
4.016929594323712799e-02 3.612537473961909690e-02
0.000000000000000000e+00 5.492872908823379086e-02
0.000000000000000000e+00 0.000000000000000000e+00
3.263824753317626920e-02 0.000000000000000000e+00
5.355231711523211063e-02 3.053294801531339711e-02
4.159862703732266492e-02 3.189181839299064930e-02
3.761635488456942233e-02 3.326634600283034926e-02
1.155070429851710878e-01 1.550364502645557724e-02
7.023348304369902984e-02 2.940351534171329467e-02
7.320818135063675292e-02 3.563311653248768529e-02
9.591236630771925176e-02 2.671758844297110469e-02
1.154878434146230926e-01 1.923813545393644742e-02
1.378000583637898624e-01 3.549627242382110553e-02
1.472724913687707138e-01 9.395667515772133244e-03
0.000000000000000000e+00 2.521128301849796458e-02
9.014774090445197563e-02 2.423377140839618610e-02
5.048271735208926386e-02 3.492267333454174977e-02
0.000000000000000000e+00 3.351982339347966966e-02
5.896376125589358752e-02 2.451278127741584462e-02
1.187271529462447517e-01 2.153000497916620487e-02
3.186860879566631999e-01 3.224482112487717794e-02
8.598923846282283123e-02 3.066965425990517830e-02
4.533287449947572684e-02 2.206351752680124276e-02
4.294805344154518228e-02 2.598878406437256719e-02
2.836599711571975990e-01 5.267477069283667268e-02
7.489461080676219906e-02 2.757275744192552724e-02
3.270333092324275714e-01 7.476555687147176665e-02
1.193562475424806146e-01 1.414133124443408586e-02
1.523466358399090392e-01 0.000000000000000000e+00
2.045242454552534672e-01 4.469653028592020932e-02
0.000000000000000000e+00 2.643700135491306932e-02
3.267819978869710568e-02 0.000000000000000000e+00
4.457344415565910739e-02 3.098165647632952421e-02
3.191649322451271809e-02 2.775202956045814962e-02
5.878331369296092151e-02 0.000000000000000000e+00
9.728938576033950569e-02 1.452108634923670412e-03
2.501295082650862311e-01 3.012913571440110905e-02
7.926262819021100137e-02 1.818918087172455289e-02
0.000000000000000000e+00 3.010943064090461710e-02
6.270104607884285919e-02 3.081764325084452444e-02
6.889893624808135497e-02 2.269450123419725074e-02
4.167761369090194901e-02 3.121954632432734009e-02
4.638983185649157848e-02 2.016702363551797078e-02
1.069911109296720342e-01 1.919829871971430110e-02
0.000000000000000000e+00 2.057984248029047850e-02
1.453666991464813707e-01 1.695647906422570114e-02
3.761669062641267297e-02 3.324779836361063667e-02
3.600466798738097829e-01 5.609203547177205040e-02
2.756371112324991213e-01 7.099663550770107801e-02
9.928525094499580927e-02 3.439669854706880331e-02
8.715625444297998847e-02 0.000000000000000000e+00
2.059470501066232306e-01 0.000000000000000000e+00
3.443588057450822082e-02 3.051456119282159110e-02
1.023690361287016432e-01 3.849908326532003322e-02
0.000000000000000000e+00 0.000000000000000000e+00
2.644407344700642204e-01 7.365163474116186160e-02
0.000000000000000000e+00 3.439569765856526767e-02
9.080194672565887470e-02 3.247695342080793995e-02
7.322777466564177329e-02 1.478247941900868133e-02
4.050619938324212521e-02 3.298006851792673055e-02
7.489461080676224070e-02 1.373256118045756806e-02
7.402103043278746020e-02 3.047395658071273480e-02
3.191653953712834252e-02 0.000000000000000000e+00
3.641389081921181381e-02 5.867874089725001047e-02
4.516378116334462262e-02 2.972258154752512038e-02
3.761657361235263425e-02 3.326636812053706399e-02
4.383336213718812963e-02 3.107695167980756984e-02
1.170973187515497171e-01 1.993123807768289873e-02
3.263824753317626920e-02 0.000000000000000000e+00
7.490411007903235996e-02 2.125432898389023953e-02
8.225110380984207437e-02 2.695377843652021002e-02
4.511707492610499831e-02 2.487679561635721542e-02
0.000000000000000000e+00 2.873416678528055088e-02
7.489461080676219906e-02 0.000000000000000000e+00
4.516378114515851028e-02 2.624002067279302200e-02
5.183518918327773006e-02 2.647948138470410454e-02
3.191658885095216558e-02 2.775207113497843783e-02
1.155015660279145040e-01 2.141004371712854071e-02
5.402051598233417046e-02 2.891147404958930786e-02
2.477670673163750170e-01 5.926378520552479795e-02
0.000000000000000000e+00 0.000000000000000000e+00
0.000000000000000000e+00 2.310190304116194193e-02
3.093420263430486997e-02 2.746768257964931487e-02
1.190531071396335044e-01 1.454615556812250202e-02
3.339159379781145992e-02 0.000000000000000000e+00
5.913712542997364568e-02 2.740099669779524211e-02
4.511717137007362904e-02 1.979281665862994005e-02
7.062103953312334759e-02 2.756842526067604729e-02
1.154878876274006150e-01 2.637164175248573814e-02
4.075328043740615580e-02 3.139838716142750313e-02
1.107074083163062522e-01 2.947845348548033123e-02
1.867287406517136872e-01 5.594233778258173029e-02
4.111167041804061340e-01 3.114776725446019925e-02
4.685940910632400286e-02 2.812069674200415315e-02
9.022078200600365527e-02 0.000000000000000000e+00
4.457344559564122011e-02 3.090209073467227105e-02
5.875384351168799063e-02 3.122626551152743804e-02
8.421349685475928992e-02 2.366120034003997216e-02
3.191653953712834252e-02 0.000000000000000000e+00
4.608317447704688569e-02 1.919678449406398216e-02
0.000000000000000000e+00 2.716515305541501724e-02
0.000000000000000000e+00 2.789891685443355099e-02
0.000000000000000000e+00 9.696588274706268926e-03
4.035967892482542757e-02 2.601871801562149339e-02
1.252127559217773856e-01 0.000000000000000000e+00
3.956221730942482973e-02 2.865838825028547976e-02
3.216898928389270301e-02 0.000000000000000000e+00
3.514239658474471728e-02 1.959199272309888190e-02
1.170219234090646154e-01 1.549081980526514739e-02
1.222350629137455291e-01 2.471579553763270445e-02
5.475725260338162176e-02 2.444214142173926907e-02
6.806568457635635283e-02 1.390485632257987443e-02
1.177532077876497912e-01 4.240064239866872531e-02
2.736313214827310603e-01 0.000000000000000000e+00
4.533287449947572684e-02 2.206351752680124276e-02
7.975597318922707235e-02 2.985637965071864103e-02
4.510928647919358603e-02 2.471779309071810843e-02
2.293124840257063923e-01 3.592222159713047425e-02
9.048728653360700591e-02 1.810950811792317455e-02
1.962474734433302392e-01 3.560357286849826636e-02
5.490421834449510374e-02 7.596308074431719869e-03
3.977279056844676419e-02 3.184297367836342457e-02
3.675207123364456624e-02 2.958912648009381918e-02
0.000000000000000000e+00 2.310608118055219526e-02
0.000000000000000000e+00 0.000000000000000000e+00
3.086996419117393059e-02 2.744352598144251740e-02
1.113884284537464409e-01 0.000000000000000000e+00
4.158074224037502237e-02 3.262267380183982157e-02
7.832535588381378533e-02 3.126406531888103330e-02
1.052037458910021067e-01 1.698135056899572476e-02
6.339318074101960021e-02 2.475495898976896869e-02
1.678230597232317767e-01 4.723746224877795746e-02
4.516378114515851028e-02 2.918785208753805691e-02
4.379983423435408058e-02 3.114382897274517101e-02
4.075328043740614886e-02 3.141204555142954741e-02
7.490393898037978060e-02 1.604210168014867655e-02
1.631858930002442754e-01 3.059521023869216441e-02
4.294785397625671547e-02 2.145571245076415348e-02
4.117921502897512603e-02 2.956443794433178188e-02
3.276844657872027278e-02 1.343196790336208604e-02
0.000000000000000000e+00 3.000612008836211694e-02
5.681839005443938689e-02 2.701496911812047153e-02
8.536472469787496908e-02 1.632945368520991383e-02
9.965954853342705311e-02 3.516764095522689065e-02
2.099532608995301752e-01 0.000000000000000000e+00
3.191838325976185942e-02 4.248617631905802355e-02
4.499640676648634929e-02 2.986981757269337526e-02
3.192080231773663374e-02 2.721993425359674895e-02
4.103111942357952346e-02 0.000000000000000000e+00
4.610102075389679865e-02 3.129156100984197691e-02
3.279099027745927680e-02 6.124674373325920962e-02
7.030505436162333421e-02 2.596527741639669332e-02
4.153160587804505255e-02 2.380767853962396582e-02
3.970953822071413009e-02 2.560783652528380097e-02
4.444730849079479157e-02 2.429539703785755719e-02
1.923196708065333937e-01 0.000000000000000000e+00
1.154878876274006150e-01 2.027490803372308803e-02
3.789808113259574007e-02 0.000000000000000000e+00
1.174494357674267103e-01 1.741640959210280504e-02
4.426410889899388967e-02 3.088570466483201576e-02
3.263824753317626920e-02 0.000000000000000000e+00
3.263822953304133800e-02 0.000000000000000000e+00
3.443595295761572861e-02 3.052342576885675590e-02
9.728938576033950569e-02 1.452108634923670412e-03
8.120944558614714981e-02 2.710205967647880826e-02
1.976049431901148734e-01 3.857969643802060256e-02
2.139987767802029317e-01 7.544730050479726835e-02
8.227173010331928493e-02 1.867864178843056319e-02
1.840166106978233518e-01 3.665807201170907803e-02
3.511919306652301620e-02 2.574726549338288845e-02
8.274967069671589071e-02 0.000000000000000000e+00
0.000000000000000000e+00 2.813046197958573441e-02
1.187272367418333585e-01 2.153001257691902412e-02
4.608992312066084729e-02 2.150596844195877197e-02
4.516378114515851722e-02 2.600021398694584568e-02
3.191835448466805170e-02 0.000000000000000000e+00
1.052037458910021067e-01 1.698135056899572476e-02
7.000400179469337680e-02 3.363828563888535128e-02
8.141037470097062245e-02 0.000000000000000000e+00
3.621835910665774927e-01 4.530095736096750869e-02
3.816289361454110879e-02 2.248429364679966139e-02
4.280593462166899787e-02 0.000000000000000000e+00
3.292303434979992199e-02 4.260102853815206370e-02
3.086996419117393059e-02 2.744352598144251740e-02
3.279099027745926986e-02 6.289680022126049874e-02
1.309923973381252604e-01 0.000000000000000000e+00
2.944840000854023199e-01 2.216316257066167084e-02
3.227074015416343811e-02 2.633153307312776845e-02
3.191653953712834252e-02 0.000000000000000000e+00
3.023786987970366047e-01 0.000000000000000000e+00
4.790153397575919875e-02 3.139397430897558627e-02
3.970953822071413009e-02 2.560089480008262766e-02
5.490421834449510374e-02 7.596308074431719869e-03
4.444718416885424378e-02 3.242916855818230720e-02
6.467981990302883177e-02 2.500854489541513501e-02
3.138203051761979251e-02 0.000000000000000000e+00
0.000000000000000000e+00 0.000000000000000000e+00
0.000000000000000000e+00 2.171999941514245192e-02
3.086996419117393406e-02 1.735494995660680911e-02
2.852809070518158574e-01 5.329439525633173497e-02
0.000000000000000000e+00 2.259527199225612112e-02
2.938600829838847739e-01 4.058588884683186210e-02
9.018444702495440057e-02 2.267082542199653356e-02
1.193562475424806563e-01 1.392799589906079660e-02
9.728938576033953345e-02 2.144977062576916907e-03
1.515109183496060330e-01 3.388999560668168320e-02
6.540073072650628982e-02 0.000000000000000000e+00
9.137277184891309800e-02 0.000000000000000000e+00
1.009734170256650632e-01 2.150465483849251999e-02
4.209455758049082674e-02 1.885660887393868571e-02
1.194526754202931557e-01 4.693816694206543599e-02
3.140123838442426124e-02 0.000000000000000000e+00
4.658016136955175912e-02 2.154570413942842599e-02
1.002569129421664734e-01 2.451041187451202460e-02
1.152800413861525958e-01 2.421286656996907150e-02
1.072820012260323475e-01 3.273685188906267501e-02
1.551434357932369446e-01 0.000000000000000000e+00
3.111584499832604697e-02 2.561170029044946422e-02
1.312503301240806608e-01 1.964809798434115351e-02
5.553703921325803955e-02 7.615940524176583078e-03
3.971634808458388705e-02 2.870973062094860431e-02
9.249110987121501870e-02 1.217373100774855714e-02
6.875452308639641574e-02 2.223723730650006836e-02
4.095186370748944704e-02 2.299204999992808876e-02
8.234847151188620651e-02 1.898589250766879316e-02
2.051480909918744489e-01 0.000000000000000000e+00
3.205279497951977197e-01 1.407077688802285120e-01
3.191611232074061805e-02 0.000000000000000000e+00
6.806570216648961946e-02 1.416064845042537546e-02
8.041684687966639544e-02 3.309314988461654200e-02
4.664998593741414429e-02 0.000000000000000000e+00
1.821588233936734247e-01 0.000000000000000000e+00
3.454517102702440168e-01 5.255859127123865826e-02
7.029715307511225086e-02 2.215719394042229423e-02
3.415637137612459462e-02 2.088589909348433429e-02
1.900861046753272443e-01 0.000000000000000000e+00
5.167408970144828778e-02 2.703029362249370279e-02
3.184568825510458723e-01 4.365671269609542465e-02
7.123856209930846950e-02 1.837434343086109811e-02
0.000000000000000000e+00 2.602766087287297983e-02
4.172391792175013103e-01 8.182937803257582521e-02
5.034804766414437138e-02 2.328337186924087782e-02
4.153160587804505255e-02 2.380767853962396582e-02
0.000000000000000000e+00 1.842082774990319843e-03
3.251009366515046628e-02 5.206225687788740286e-02
1.142367044831000961e-01 1.815507221050534706e-02
3.107797660390270583e-02 0.000000000000000000e+00
5.720430734118826799e-02 2.163377887072050546e-02
3.265683792321988355e-02 4.070759793429691575e-02
0.000000000000000000e+00 3.330377246670157554e-02
4.986728396956587039e-02 5.755255411940077281e-02
3.212264727000887360e-02 1.257683986353125630e-02
5.127749680349659445e-02 2.367869300287458317e-02
1.455658502558697387e-01 4.422542744023758715e-02
3.675207123364456624e-02 2.958912648009381918e-02
3.248297634887013785e-02 5.129956749637414049e-02
3.279099068659766664e-02 6.124674411535185187e-02
3.191523435551581883e-02 2.775104918894400613e-02
3.444374723703588076e-02 2.549079775281010846e-02
3.456573030808640645e-02 2.083995594967626847e-02
2.531082678222691951e-01 2.004974437742587656e-02
3.443598476012858095e-02 2.442851917527400288e-02
6.806568539595743428e-02 2.209623218530207614e-02
2.542852739833244557e-01 0.000000000000000000e+00
4.421179498658395907e-02 2.304499764852479399e-02
3.514239658474470340e-02 2.381327970761110482e-02
4.035967894209237239e-02 2.101981468728164951e-02
3.929949960589602942e-02 2.370105384278133054e-02
5.902721588502090472e-02 0.000000000000000000e+00
4.708920712263614528e-02 1.814097320763602070e-02
3.453813833718069604e-01 4.696091324687693552e-02
9.728938564989332571e-02 0.000000000000000000e+00
3.456573038196743969e-02 2.074928053498201891e-02
3.205324509088931795e-02 2.781748427366903531e-02
7.575464933585034089e-02 0.000000000000000000e+00
0.000000000000000000e+00 1.286033799826876399e-02
7.790546431031925012e-02 3.315318134840797987e-02
1.746665103637662642e-01 0.000000000000000000e+00
8.965305469025453000e-02 1.910580156026021187e-02
3.086996419117393406e-02 2.678344538480166570e-02
2.928094624869107543e-01 3.280765970654747621e-02
3.524672809408710417e-02 1.439551817495295094e-02
4.168644052500098535e-02 2.571135195072280291e-02
4.035967894209237239e-02 2.101981468728164951e-02
8.513904238394892632e-02 1.365254527102187192e-02
6.370138032807878825e-02 2.903686387708519223e-02
7.774771659531386214e-02 0.000000000000000000e+00
4.596396476187565583e-02 2.429595543001443134e-02
4.294805344154516841e-02 2.050478002557250268e-02
5.107172779382523203e-02 2.877230619336740292e-02
4.526931975163336203e-02 2.557661376039190720e-02
3.470543906329140449e-02 0.000000000000000000e+00
7.199234629647589812e-02 2.614396561862243965e-02
3.701528607212418998e-02 2.800711677238141434e-02
6.996419072976270415e-02 5.829473096858965586e-02
4.549485033398289330e-02 3.403865431130317226e-02
3.349098216727675603e-01 0.000000000000000000e+00
4.421179498658395907e-02 2.304499764852479399e-02
9.728938576033953345e-02 2.144977062576916907e-03
1.013192973175226635e-01 2.384158533009007874e-02
1.206472811913589099e-01 0.000000000000000000e+00
1.155070429851710878e-01 1.550364502645557724e-02
1.150442644219529797e-01 8.762613918420808848e-03
3.361144687387952051e-02 0.000000000000000000e+00
1.185617922984075201e-01 2.718907436110944154e-02
4.294793494555766700e-02 2.079676019105169971e-02
6.806570216648961946e-02 1.400548948848504352e-02
1.170219234090646016e-01 2.276461399429550655e-02
1.138811112509179324e-01 1.818546426282755327e-02
3.460135264512776559e-02 0.000000000000000000e+00
3.029103864286052383e-01 0.000000000000000000e+00
4.419310962939758392e-02 1.222523394015603664e-02
3.193125574686288271e-02 2.775844697305063918e-02
4.293573953346221939e-02 3.186832131506976695e-02
8.904822282159434443e-02 0.000000000000000000e+00
3.514239658474471728e-02 0.000000000000000000e+00
4.708920712263614528e-02 2.698937275799682955e-02
3.930478629872977830e-02 2.370264795986608622e-02
0.000000000000000000e+00 0.000000000000000000e+00
7.489461080676221294e-02 2.122344206138069081e-02
1.151525028288450520e-01 2.133508452505465669e-02
8.162218474675531077e-02 0.000000000000000000e+00
0.000000000000000000e+00 0.000000000000000000e+00
3.288726258214188375e-02 2.716453563450537539e-02
2.734809820155955085e-01 2.401659214919351498e-02
2.469431574641615112e-01 2.724075165455065728e-02
3.205324509088932489e-02 2.780744078988874046e-02
4.294785397625672241e-02 1.689562297211518252e-02
4.153160567396067121e-02 2.388344173030029771e-02
3.093421115131975152e-02 2.746097042967245855e-02
7.000469673011035232e-02 3.036908871941714633e-02
7.355396440323691554e-02 1.773719830580450935e-02
3.086996419117393406e-02 2.423022876447339380e-02
9.210279135107261872e-02 3.094148416816339467e-02
8.478247978738152890e-02 8.601643212064302713e-03
1.165429758550623335e-01 1.855282682816467021e-02
6.342847196754464179e-02 1.020715127698869698e-02
3.560524737604219697e-02 2.229211539965113981e-02
4.501060522362067967e-02 1.811699021877883481e-02
3.262183232184689974e-02 1.269520980925678381e-02
9.344842633080721606e-02 2.507646074026938232e-02
3.092523466505647453e-02 2.746370078501721851e-02
0.000000000000000000e+00 9.696588274706268926e-03
4.209455758049082674e-02 1.885660887393868571e-02
3.086996419117393059e-02 2.763310498014290642e-02
1.153300480369439385e-01 0.000000000000000000e+00
3.082892491419522707e-02 2.747500240098225965e-02
0.000000000000000000e+00 2.835792976114548045e-02
2.844524638588462606e-01 5.581363936635120454e-02
1.324212027201616959e-01 1.928502691841591996e-02
1.149925994994771550e-01 1.554804765098142735e-02
6.486993403625559984e-02 1.950743219524251476e-02
3.531806866636378467e-02 2.401717422026700133e-02
3.734995536280843326e-02 3.168413633923775063e-02
8.450618450119877501e-02 2.694009274553163871e-02
6.921478710487240227e-02 3.571147722376969216e-03
3.086996419117393059e-02 2.744352598144251740e-02
2.684526560769868730e-01 3.582801086558213416e-02
8.210426257466980904e-02 0.000000000000000000e+00
0.000000000000000000e+00 0.000000000000000000e+00
3.178240193498445970e-02 0.000000000000000000e+00
1.101598679917695778e-01 2.538208263980623949e-02
9.119639608213776782e-02 3.023791294953771108e-02
7.169016760316034020e-02 0.000000000000000000e+00
4.294799076613897704e-02 3.150676283606040906e-02
7.322788288233222920e-02 1.478249034184783879e-02
0.000000000000000000e+00 0.000000000000000000e+00
3.742354143705798469e-02 2.562050290532671970e-02
9.728939556020615997e-02 1.452794108963467029e-02
1.142755694008563278e-01 0.000000000000000000e+00
3.191649322451272502e-02 0.000000000000000000e+00
8.847396704350977970e-02 0.000000000000000000e+00
0.000000000000000000e+00 0.000000000000000000e+00
4.939494110431730950e-02 4.891084336041662955e-02
6.921478699138490509e-02 7.007376593209814659e-03
3.111587364753044815e-02 2.859694766980933056e-02
4.209450600948845544e-02 1.885659732310438971e-02
3.033188568899932713e-01 6.840103465451581599e-02
3.227074015416343811e-02 2.603233489710970669e-02
5.880673643024034170e-02 2.565636883910752536e-02
1.816295740603388609e-01 1.711323099483927704e-02
2.384632366710625617e-01 6.428868544778401639e-02
4.419310984719459351e-02 3.915765024884299353e-03
3.073445877416045025e-01 5.361724720600136163e-02
3.036062709738802240e-02 1.959422550817229228e-02
4.058037524541053404e-02 1.457933932525646778e-02
1.114408559127917919e-01 3.068212459091410396e-02
3.396972770567438515e-01 0.000000000000000000e+00
4.195742679550468895e-02 3.150345042625755931e-02
8.413474765677173006e-02 0.000000000000000000e+00
6.342847239861910957e-02 2.390847339787698436e-02
7.490393898037979448e-02 0.000000000000000000e+00
9.252348409257761530e-02 1.237244815826817404e-02
0.000000000000000000e+00 8.844132114385854296e-03
3.086996419117393406e-02 2.620919480963694245e-02
1.127664488522210906e-01 0.000000000000000000e+00
6.342847196754462791e-02 1.255859095016623531e-02
3.086996419117394447e-02 3.068882436134529740e-02
4.048673559060267380e-02 0.000000000000000000e+00
2.316443755943931870e-01 7.051941637067170310e-02
0.000000000000000000e+00 8.292347614576109013e-03
3.748771997473328982e-02 2.628113982982749341e-02
3.524672809408711111e-02 1.445525095522443015e-02
1.188214121270122492e-01 3.156246636070968864e-02
4.288363522233976100e-02 2.049960375416631439e-02
3.446975929243549508e-02 2.548915034378140820e-02
7.414458598082050711e-02 1.989400004686370932e-02
6.806614970058645631e-02 0.000000000000000000e+00
3.171905210395748603e-02 2.762774381339549654e-02
1.027846118018276023e-01 0.000000000000000000e+00
7.009673644131879378e-02 2.101610839469575734e-02
4.935438554034374259e-02 1.597822250456430379e-02
3.006977577019052245e-02 1.015296529237140477e-02
3.062173938874382731e-02 2.722755599034681201e-02
3.818870001642380579e-02 2.380111152177988298e-02
4.195465641254598338e-02 2.535934544367558774e-02
3.142110713543024292e-01 1.483272334991785069e-02
3.867394482756773832e-02 0.000000000000000000e+00
3.105978175833407073e-02 4.770907767307220465e-02
3.326132726759060271e-02 0.000000000000000000e+00
4.494241860328938160e-02 6.404659632095858340e-03
0.000000000000000000e+00 1.228096393580442938e-02
3.285498102039870888e-02 1.828033251569328652e-02
4.456333737479394042e-02 1.764998703412210684e-02
4.537728366677742931e-02 1.935910570747633591e-02
5.898019424482484757e-02 2.316175335539628205e-02
0.000000000000000000e+00 1.978028151580185287e-02
3.341354865126038715e-02 0.000000000000000000e+00
4.287363122702123053e-01 8.703825961501965303e-02
3.312708878441436022e-01 0.000000000000000000e+00
6.646839422116836149e-02 4.042083008966614044e-02
1.404967551939484971e-01 0.000000000000000000e+00
4.294793494555766700e-02 1.659915373621741880e-02
7.490382446374310721e-02 2.121389760034523425e-02
3.605563743828447965e-02 3.066361800695411796e-02
0.000000000000000000e+00 2.827746396689680489e-02
2.294769423649970774e-01 3.896067136544496823e-02
2.773899407226503300e-01 0.000000000000000000e+00
3.111918240045933801e-02 2.564039127923940786e-02
1.127596468668763258e-01 3.108638599752536202e-02
9.853595134581059900e-02 1.693764842035397344e-02
0.000000000000000000e+00 0.000000000000000000e+00
1.696632321952034617e-01 0.000000000000000000e+00
1.169580650787408055e-01 2.261365152580175134e-02
4.833993235447166942e-02 8.861293512656439122e-03
4.504026095548768760e-02 1.818027458351351502e-02
3.212264733876918354e-02 1.257683987699196627e-02
4.325478348443387300e-02 2.850801117712770810e-02
3.140123838442426124e-02 0.000000000000000000e+00
9.728939556020615997e-02 1.452794108963467029e-02
1.031235074482243913e-01 1.285781618372424176e-02
3.636799628060950751e-02 2.979578385873501989e-02
0.000000000000000000e+00 1.733999339607550719e-02
3.100817891901222825e-02 2.750050736777301039e-02
4.950626108602765307e-02 0.000000000000000000e+00
3.939720046333141518e-02 2.541916852496002577e-02
3.217806506331578192e-02 2.705636844298723448e-02
3.177681996573395590e-02 2.593935120128159841e-02
3.731124558042906575e-02 3.906949003690849548e-02
3.191757630345858077e-02 2.775250043587330559e-02
7.754349345546784900e-02 2.817857584765554729e-02
4.116252927520641647e-02 0.000000000000000000e+00
3.583998709883229328e-02 2.479336492115873092e-02
6.834756412393926117e-02 3.494245869374119993e-03
1.813782003418119571e-01 0.000000000000000000e+00
1.183805178238677563e-01 2.213488748703676748e-02
4.085372975136379592e-02 2.871898632425180092e-02
9.367265460159783508e-02 0.000000000000000000e+00
7.145007937915459628e-02 3.150535846289598957e-02
3.581324603403076429e-02 0.000000000000000000e+00
3.220510185473148268e-01 0.000000000000000000e+00
5.528749366773389601e-02 3.128631479672868559e-02
4.708920712263613834e-02 2.898587340131559068e-02
4.294785397625671547e-02 0.000000000000000000e+00
6.834756412393926117e-02 3.494245869374119993e-03
2.474302692787273550e-01 5.031998473922147386e-02
2.610181751551197138e-01 4.097839231652472547e-02
5.353194187552968303e-02 3.172049700063721278e-02
8.950076347863369919e-02 3.372111739120937923e-02
1.472724913687707138e-01 9.222764237128406803e-03
6.070909151999518555e-02 1.913958207727186125e-02
9.968582598113524817e-02 0.000000000000000000e+00
1.532594732159315021e-01 0.000000000000000000e+00
3.111621879979032529e-02 2.561185412947341103e-02
1.270537657793230357e-01 2.700314052709582718e-02
3.547589289953870934e-02 0.000000000000000000e+00
1.931977690634005818e-01 3.539921087713566311e-02
6.806568002826809960e-02 1.608565362424973361e-02
4.315512474934127263e-02 1.538410713363274479e-02
2.425041966979716856e-01 4.166542157328904233e-02
3.572042031377025556e-02 2.309276263569876031e-02
5.319674866495031906e-02 0.000000000000000000e+00
9.001806339999070261e-02 1.569001101063323064e-02
1.782170321350138864e-01 0.000000000000000000e+00
3.070355030105762981e-02 4.263230252957830174e-02
2.029249151485307545e-01 1.827040346534872586e-02
3.227074015416344505e-02 2.556926928727389081e-02
3.086998872082600751e-02 2.739390676573599803e-02
3.172002001607537869e-02 1.425641889972222368e-02
3.276844657872027278e-02 1.343196790336208604e-02
3.390877171984847394e-01 0.000000000000000000e+00
9.210668866448418202e-02 3.270872357359921184e-02
0.000000000000000000e+00 0.000000000000000000e+00
3.128562521672322017e-02 2.737174756507882584e-02
0.000000000000000000e+00 4.569556190864840217e-02
0.000000000000000000e+00 8.812300990076991219e-03
8.725077868418172622e-02 3.206311686187045956e-02
0.000000000000000000e+00 0.000000000000000000e+00
3.267525137223721565e-02 3.842121898374051270e-02
0.000000000000000000e+00 0.000000000000000000e+00
1.287066320378309203e-01 1.798946917688048000e-02
4.161165561513597427e-02 1.614666470667678461e-02
3.243368047742237192e-02 2.682696353792712526e-02
8.847682382630682463e-02 0.000000000000000000e+00
3.104014098473308336e-01 0.000000000000000000e+00
3.922557876152095169e-01 6.156133538123784166e-02
3.012121952347918130e-02 3.741925403848721243e-02
3.955423468337523896e-02 0.000000000000000000e+00
4.359091298695965538e-02 4.829798995915282264e-03
2.271986122129290298e-01 0.000000000000000000e+00
4.036409025754909563e-01 0.000000000000000000e+00
4.366362709908618023e-02 1.786354313807173369e-02
3.777726531036978280e-02 2.837946976575185173e-02
5.377499214652472354e-02 0.000000000000000000e+00
1.439281975926372803e-01 0.000000000000000000e+00
0.000000000000000000e+00 2.950240992316412181e-02
7.136660021368679274e-02 2.543489786157835525e-02
9.911815401404866499e-02 8.454055077782407501e-03
3.118872143334629546e-02 2.568121102806772416e-02
4.035967894209236545e-02 2.125230722938455455e-02
3.013925107078651577e-01 5.807134792245486482e-02
0.000000000000000000e+00 0.000000000000000000e+00
3.827780762441169299e-02 0.000000000000000000e+00
0.000000000000000000e+00 2.803523707553508271e-02
4.081539483547963476e-02 3.111094501816153921e-02
7.330968878752090745e-02 0.000000000000000000e+00
0.000000000000000000e+00 0.000000000000000000e+00
5.382931149845168045e-02 2.703088843600635199e-02
2.420972123123334707e-01 0.000000000000000000e+00
6.504066342786092580e-02 3.555001289840530043e-02
1.193562475424806146e-01 1.411925586025666694e-02
1.013194921250516467e-01 1.241082322435092290e-02
3.908776880465498343e-02 3.774244229913428783e-02
0.000000000000000000e+00 0.000000000000000000e+00
4.153659598498869038e-02 2.236817931902159579e-02
1.246540650302387365e-01 2.317245916364425729e-02
3.920027501852987178e-02 1.489558694204853179e-02
9.249118356596866541e-02 1.217373585761969725e-02
3.287655378946064549e-02 2.570354660688516091e-02
3.514246158225983047e-02 1.305907321200648619e-02
3.062171556187969282e-02 2.306800839578608889e-02
0.000000000000000000e+00 2.156957000555456694e-02
4.209450600948846932e-02 1.911822091564668868e-02
3.588687237610079656e-02 2.580495219314488109e-02
0.000000000000000000e+00 2.655683005865134769e-02
1.169960819562065601e-01 0.000000000000000000e+00
1.105892037888679819e-01 1.520711613951120263e-02
2.673037779496021393e-01 2.117497471575474285e-02
4.705235130699347845e-02 2.659097946412168276e-03
3.609001688001194780e-02 0.000000000000000000e+00
8.478247978738152890e-02 8.601643212064302713e-03
7.514281420113252952e-02 1.710656607931864900e-02
3.353170581056890559e-02 0.000000000000000000e+00
1.112876387488833801e-01 6.011973912744848769e-02
3.135618510557007521e-02 2.532064471716357831e-02
9.744637314744439283e-02 0.000000000000000000e+00
9.249110987121501870e-02 1.217373100774855714e-02
1.193562470157062960e-01 0.000000000000000000e+00
0.000000000000000000e+00 1.012714825323109830e-02
9.572169394730785374e-02 2.441808512632296160e-03
9.728938123595022580e-02 0.000000000000000000e+00
6.342472060237555609e-02 1.418605021709074161e-02
1.695859758413868490e-01 3.736389561157817812e-02
7.261631886258659851e-02 8.646805812605544081e-03
4.358996125025584034e-02 5.294053495514210346e-03
5.522704700939746331e-02 3.363205955296287575e-02
1.151600018952483456e-01 1.097002638779014973e-02
2.691900358644250257e-01 0.000000000000000000e+00
1.204969993599389888e-01 2.279692634767957124e-02
5.553703921325803955e-02 4.670318300794022194e-03
9.728938576033953345e-02 2.144977062576916907e-03
3.559864359424122493e-02 5.486519629685700228e-02
0.000000000000000000e+00 1.433251914885144696e-02
3.248583210236692664e-02 2.497743099565384248e-02
4.190264878310759333e-02 2.644794784309376437e-02
4.419310962939758392e-02 1.223625040085566350e-02
5.262512367633382510e-02 4.021504174589212582e-02
3.217040365144434311e-02 0.000000000000000000e+00
4.035967894209236545e-02 2.125230722938455455e-02
3.729572162483610342e-02 2.690138176450748708e-02
3.952814158704977959e-02 4.790680425491709860e-02
3.227074015416343811e-02 2.552497144533137641e-02
1.181188842243968973e-01 2.670998034741167704e-02
5.217571565123038657e-02 2.610954064460525165e-02
0.000000000000000000e+00 8.628110736932462568e-03
3.443608635736640500e-02 2.548462396672438249e-02
9.140620433518245602e-02 0.000000000000000000e+00
1.582516502045707152e-01 1.615733891086167454e-02
0.000000000000000000e+00 9.940163488671865683e-04
3.549299628463757628e-02 2.624951595997602680e-02
1.014728290388364484e-01 2.001396720941144361e-02
6.342847196754464179e-02 1.908951075397279790e-02
4.705235130699347151e-02 0.000000000000000000e+00
8.598745013090143552e-02 2.069166181468202331e-02
2.768175068780132642e-01 0.000000000000000000e+00
3.589340433394471591e-02 2.930088876184451518e-02
1.422293412548268909e-01 0.000000000000000000e+00
0.000000000000000000e+00 1.281239788727541774e-02
1.013319886146673149e-01 1.123741827333053084e-02
4.762294057672433051e-02 2.888586061574587027e-02
3.086996419117393059e-02 2.647045075521415117e-02
6.307639212938032092e-02 1.024160217287118854e-02
6.658768558646731284e-02 1.758061099270965405e-02
1.544149218327389439e-01 2.786961699778793197e-02
3.214205171986986992e-02 0.000000000000000000e+00
4.359091298695965538e-02 4.829798995915282264e-03
5.553712572647619139e-02 7.615946456067054088e-03
4.419312128785019000e-02 0.000000000000000000e+00
4.494176652125751736e-02 8.843692369676471945e-03
3.334562749595033904e-02 2.677632913677890567e-02
9.026285994942037649e-02 1.207682882367489517e-02
3.086997289012299514e-02 1.735495240186094024e-02
3.262183232184689974e-02 1.269520980925678381e-02
0.000000000000000000e+00 0.000000000000000000e+00
9.717421233970689742e-02 0.000000000000000000e+00
1.073306130382231938e-01 2.594572506933746220e-02
8.937642549780117074e-02 1.518114989526694707e-02
8.211929663614640773e-02 1.477821263382084541e-02
3.443598476012858095e-02 2.442851917527400288e-02
4.670690661682390388e-02 4.339155784471271371e-02
0.000000000000000000e+00 1.503729789660583800e-02
3.788558783110398259e-02 1.838878492579740578e-02
8.956924730990453720e-02 1.709785781429493112e-02
3.697549653072099846e-02 1.464146892357624623e-02
3.086996121223503642e-02 3.013903611179117453e-02
4.493086954966406255e-02 6.237447956109173734e-03
5.552034037233085501e-02 7.767599484281110037e-03
3.036062709738802587e-02 2.113474170597584925e-02
2.374669690064120930e-01 0.000000000000000000e+00
9.677772504394360764e-02 1.258055935229500030e-02
3.141877698990482026e-02 1.231692390298393114e-02
1.472724913687707138e-01 9.395667515772133244e-03
3.514233130136568822e-02 2.226351307967086579e-02
4.276562162417617968e-02 2.556741822928752100e-02
3.155518396553842753e-02 2.765638553257631499e-02
2.073753914000343868e-01 1.597107268221040210e-02
8.462065090510467735e-02 7.190028328522750888e-03
3.499420409433272317e-02 1.956753866150523144e-02
4.419312612328134965e-02 3.915765745961924914e-03
3.690315117004367568e-02 0.000000000000000000e+00
3.337046925372706002e-02 1.776702251592248219e-02
4.564740471750750039e-02 1.514945700088115611e-02
7.395108339467190706e-02 1.608407308375689113e-02
0.000000000000000000e+00 2.494192928267143297e-02
3.059897860962313212e-02 2.661742011767949737e-02
3.062173938874382731e-02 2.031904950207464103e-02
4.035967892113466460e-02 2.101981468182412965e-02
0.000000000000000000e+00 2.288354781270443214e-02
4.419310962939757698e-02 0.000000000000000000e+00
3.233983620715328439e-02 1.830131869755162455e-02
3.261181812180648232e-02 1.252184289343347655e-02
9.728938115313770507e-02 0.000000000000000000e+00
4.419311103056956097e-02 3.915765077311230205e-03
3.061961655203834093e-02 2.730919175739500090e-02
3.031697698792124376e-02 5.664406602841962415e-03
4.161121811767966305e-02 6.396181645150690598e-03
4.419311034071714273e-02 7.935643386625987339e-03
0.000000000000000000e+00 1.710072276233815317e-02
1.084102247689988086e-01 2.179199504772422191e-02
5.072825396413913751e-02 2.270432728782306037e-02
5.641204919753223940e-02 0.000000000000000000e+00
3.685313805546217708e-02 2.754756849898297444e-02
2.982378884563917643e-01 0.000000000000000000e+00
2.092106443657536508e-01 0.000000000000000000e+00
7.820381156742241269e-02 2.758397117359603218e-02
3.891680984154353290e-02 2.544376171484786023e-02
1.199025655212112157e-01 6.607017860049003120e-03
6.173763016041308033e-02 3.824982943528999757e-02
3.276844657872027278e-02 1.343196790336208604e-02
1.117245349703225310e-01 2.983816952621123203e-02
0.000000000000000000e+00 0.000000000000000000e+00
5.914548269734184321e-02 2.475968151124551681e-02
6.834756412393926117e-02 3.494245869374119993e-03
1.158215141234607698e-01 0.000000000000000000e+00
3.036822469796602447e-02 4.247927877478045733e-02
3.062519561808479951e-01 0.000000000000000000e+00
3.215165894623403520e-02 4.561401449822249932e-02
3.247110116513853700e-02 2.743709703332223096e-02
3.067922123767556283e-02 1.754593460487279682e-02
4.658811681023999202e-02 1.253350130813623946e-02
3.234378927248747482e-02 2.391750518245993121e-02
3.036063304002832586e-02 2.113474377438111229e-02
3.074166528937861687e-01 0.000000000000000000e+00
3.282626191965841711e-01 4.552456655214444370e-02
8.832869303480085643e-02 0.000000000000000000e+00
5.496438193931334204e-02 1.569976172758050584e-02
8.849157917860790701e-02 3.561350122554318709e-02
1.129436730037009229e-01 1.780648232973848152e-02
5.579066618741178318e-02 2.163407173070101136e-02
2.667550528473260907e-01 0.000000000000000000e+00
0.000000000000000000e+00 3.932096084632721172e-02
3.248440159367600444e-01 3.106730675118144283e-02
4.358996125025584034e-02 5.294053495514210346e-03
4.419311034071714273e-02 7.847071325865040414e-03
7.749802336719097129e-02 0.000000000000000000e+00
3.697550814530829733e-02 1.457959674235295190e-02
3.368375544289787388e-02 3.050448514892642113e-02
3.713177060553236875e-02 3.383404153484130539e-02
5.332391095943218168e-02 0.000000000000000000e+00
5.937023013065308163e-02 3.111806238566786412e-02
9.000240709486827251e-02 1.675091842363479050e-02
3.354670859910705016e-02 1.347451437051577598e-02
2.494174894932431608e-01 3.409736806566854295e-02
5.552036087856477425e-02 7.963830950414290538e-03
3.111918240045933801e-02 2.558518614264905511e-02
3.456573030808640645e-02 0.000000000000000000e+00
4.358996125025582646e-02 1.462068778266199624e-02
4.339684714007471800e-02 2.196533771622044984e-03
4.493596744546921040e-02 6.237801799249828930e-03
9.526980823031150347e-02 9.153231953719840469e-03
3.507262451636038864e-02 6.809607617297996213e-03
3.524526127666563480e-02 1.320889198037187781e-02
7.606340052590042367e-02 0.000000000000000000e+00
0.000000000000000000e+00 0.000000000000000000e+00
3.096000449017506997e-02 2.747913551554779718e-02
3.084302210363482760e-02 6.872364992704750597e-03
3.069074863995244901e-02 3.988015191907713641e-02
3.006977577019052245e-02 8.603937417783327768e-03
5.490421834449510374e-02 8.274831824357420720e-03
3.215763715483629936e-01 0.000000000000000000e+00
3.415637137612460156e-02 2.088454432029282493e-02
2.616816950982547851e-01 4.058689161031316106e-02
3.444663885550568877e-02 2.244240924929211470e-02
9.113647665818959409e-02 0.000000000000000000e+00
3.580562627276648313e-02 2.631383146184647706e-02
5.403068544950634378e-02 1.720986002349562255e-02
8.931587747987890236e-02 9.997943257028251568e-03
4.494524482564413864e-02 8.844034595427855208e-03
3.024330517122465756e-02 0.000000000000000000e+00
0.000000000000000000e+00 2.200993837334089959e-02
7.229447962536718342e-02 2.446155286389052955e-02
4.833992652790135985e-02 8.479682170299847679e-03
3.524897944234024749e-02 1.461041345978248730e-02
3.456573030808641339e-02 2.293829965240050742e-02
3.172002001607538563e-02 1.323366664639630610e-02
3.086996121223503295e-02 3.015705637689589103e-02
0.000000000000000000e+00 8.487419882552497616e-03
8.263526651154663727e-02 0.000000000000000000e+00
5.096284601631894534e-02 2.330508867494418199e-02
3.748775766760348988e-02 2.562253810135878621e-02
0.000000000000000000e+00 0.000000000000000000e+00
3.626967140675133733e-02 2.617675539526651343e-02
5.170073836442424381e-02 2.403406730599043015e-02
3.036062709738801893e-02 1.961154206671307174e-02
6.834756412393927505e-02 3.321975125130400414e-03
0.000000000000000000e+00 0.000000000000000000e+00
1.074520578383023894e-01 0.000000000000000000e+00
1.477002471808961936e-01 2.460512193056212105e-02
3.290687828092615091e-02 1.358892867394756628e-02
2.433037284806013889e-01 5.299475885484057625e-02
1.064486422070160671e-01 0.000000000000000000e+00
5.457054895399239547e-02 2.591811818076140972e-02
7.261631886258658464e-02 0.000000000000000000e+00
1.187805142802050434e-01 4.387949753184703511e-02
3.974096542358011158e-02 4.844605143743403730e-02
4.872890321781565143e-02 2.811048851715151897e-02
2.146729064200798287e-01 0.000000000000000000e+00
3.086996419117393059e-02 2.647045075521415117e-02
3.456573038196742581e-02 2.871544487499181481e-02
4.359091298695964845e-02 4.580361508335721414e-03
9.601808468998467017e-02 3.938413035106771987e-02
6.342847196754464179e-02 1.058418068066788870e-02
3.750431657469048552e-02 2.789460560134065722e-02
3.138645293865814645e-02 3.448634797079801195e-02
3.010915248725538201e-02 0.000000000000000000e+00
3.762819254586372009e-02 4.116505474343447324e-02
3.445563701137620977e-02 3.168858372528744749e-02
3.148789332473232727e-02 1.279667158942402773e-02
3.034836435336034713e-02 1.937923099179647210e-02
3.668612429665222413e-02 1.720887035138129670e-02
6.834756412393926117e-02 3.494245869374119993e-03
2.071771665936862350e-01 4.926095142117022097e-02
4.578923742694240850e-02 0.000000000000000000e+00
3.260957799023971732e-02 0.000000000000000000e+00
9.572895404565565092e-02 1.917420382656810987e-02
2.384728989413834044e-01 0.000000000000000000e+00
7.743935156385163554e-02 1.934595741295446966e-02
6.557056997614120475e-02 1.015944029702953340e-02
8.275142488517678308e-02 0.000000000000000000e+00
3.006977577019052245e-02 6.336761375113383714e-03
3.006977577019052245e-02 7.257872551208054308e-03
7.173033558361208151e-02 5.531718268046771116e-03
8.514469993880828536e-02 0.000000000000000000e+00
3.067922123767556630e-02 1.743321024635696367e-02
3.212264733876918354e-02 1.048075148933436292e-02
3.036062709738801893e-02 2.156505678458129835e-02
3.212264727000888054e-02 0.000000000000000000e+00
6.540272532826722773e-02 1.826511037349822647e-02
9.051381014223852661e-02 0.000000000000000000e+00
9.728938576033953345e-02 1.895279826842204834e-02
4.419310984719459351e-02 3.915765024884299353e-03
3.062173938874382384e-02 2.676810475913467963e-02
3.086996419117392712e-02 1.794768035067801498e-02
5.947782798467875220e-02 1.727577648319864392e-02
3.264669153839101085e-02 2.848019521343419722e-02
3.287073489095859724e-02 1.361880907962704362e-02
1.871130914796143296e-01 2.043487223516716675e-02
9.728938576033950569e-02 4.381523390941785036e-03
3.212343998280590973e-02 1.257699504626441644e-02
3.087679827077022265e-02 2.682748423496672877e-02
3.707073874605013725e-02 0.000000000000000000e+00
1.289895949319339596e-01 0.000000000000000000e+00
1.143695756461432372e-01 0.000000000000000000e+00
4.161433647056643481e-02 6.396421306218856052e-03
3.958538979145690556e-02 2.605704015531914997e-02
2.428424449882188030e-01 7.834870915688828263e-02
4.960846850736192609e-02 0.000000000000000000e+00
4.657533650292341315e-02 1.448441977854833529e-02
0.000000000000000000e+00 0.000000000000000000e+00
2.793997606303359471e-01 4.311017689576421980e-02
8.945711108603146555e-02 3.119134153642112023e-02
3.119613708784026163e-02 3.880942006612279893e-02
3.279841646669457572e-02 2.334076605144295644e-02
3.009939921814437924e-01 2.144009682060796923e-02
9.251558651844200842e-02 2.456371785800807311e-02
3.366763367143763008e-02 1.996110878520837226e-02
4.814444249009796478e-02 8.939412815296265274e-03
6.921478609248245262e-02 7.007376547706908529e-03
6.921478599251620900e-02 0.000000000000000000e+00
4.661321984879496921e-02 1.659866811236869119e-02
8.615228353632763125e-02 0.000000000000000000e+00
8.911729943974075474e-02 2.817538542266318294e-02
2.981402844154425469e-01 0.000000000000000000e+00
3.086996419117393406e-02 1.735494995660680911e-02
3.233983620715327745e-02 1.721387159042151935e-02
4.877791568219791429e-02 2.376543858732074396e-02
3.607926486922733572e-02 1.601255919830371285e-02
7.260642508684425622e-02 2.834730272318959979e-02
0.000000000000000000e+00 0.000000000000000000e+00
1.144525910645865924e-01 1.439827802779885743e-02
3.088869073305918270e-02 1.200462735182105008e-02
1.630431586223355100e-01 3.216066173879565671e-02
1.339898736605026619e-01 0.000000000000000000e+00
6.465917087048278500e-02 2.239291133733435288e-02
3.135618510557008215e-02 3.069438369603768105e-02
4.491997393568118724e-02 1.930067891810316807e-02
6.444478175801347797e-02 2.497019823393655316e-02
3.854481744041450553e-02 1.218912163318924477e-02
0.000000000000000000e+00 1.842082774990319843e-03
5.127035379835558071e-02 0.000000000000000000e+00
3.447205750923690998e-02 5.784681373805274779e-03
1.199026011995920765e-01 6.607018843045825950e-03
9.728938576033953345e-02 2.144977062576916907e-03
1.020056767964992728e-01 2.290909933059972689e-02
5.826968666610275044e-02 0.000000000000000000e+00
4.358862381662041707e-02 4.829672176160092721e-03
1.199083851596160905e-01 6.607178198522336600e-03
3.154059269000595439e-02 3.347047034221272560e-02
5.303796208096048237e-02 2.273240806072249209e-02
9.728938576033953345e-02 2.144977062576916907e-03
2.939087287558553307e-01 2.003886390780306240e-02
0.000000000000000000e+00 2.071576641746850772e-02
3.166435884482529661e-02 2.002985255651613949e-02
4.419311034071714273e-02 7.847071325865040414e-03
9.610728652708495912e-02 3.188024132691589380e-02
6.572621504502715317e-02 2.690708802081337100e-02
3.027428524750263097e-02 2.736128697372083515e-02
4.690752900858682906e-02 1.784492430946164887e-02
2.610290179958486001e-01 4.052909131597661613e-02
9.572169394730782599e-02 0.000000000000000000e+00
6.834756412393927505e-02 0.000000000000000000e+00
5.949901850451788654e-02 0.000000000000000000e+00
6.834724748872991751e-02 3.677974733859060413e-03
4.358873724927220250e-02 0.000000000000000000e+00
3.086996419117393406e-02 2.717018018581043165e-02
4.584169102775829951e-02 5.455492863279044063e-02
6.258087560030571594e-02 0.000000000000000000e+00
5.062001701262217740e-02 9.576212039395040360e-04
3.084302210363482760e-02 6.872364992704750597e-03
6.571613172946269565e-02 0.000000000000000000e+00
6.961353602926897977e-02 1.541491024473013761e-03
2.134947140053265191e-01 3.672211294674317117e-02
4.400042724695300139e-02 3.455058044480479196e-03
2.313964075988799718e-01 1.520992715250807717e-02
3.036821417416617555e-02 4.247927141439805654e-02
3.039895254380051495e-02 4.420288196967713662e-02
3.170523955644444919e-02 1.378053506750015651e-02
9.728938633374485667e-02 1.452108639202897775e-03
4.358996125025584034e-02 5.294053495514210346e-03
6.921478710487240227e-02 1.207881971145315439e-02
6.857875317316809716e-02 0.000000000000000000e+00
4.840324823031289664e-02 0.000000000000000000e+00
3.175700846042530529e-02 2.854888157150884884e-02
3.419769068100263903e-02 2.740689243812516329e-02
1.527642869658476510e-01 0.000000000000000000e+00
9.745272163957383049e-02 2.889463016271253196e-02
7.466298950826238956e-02 0.000000000000000000e+00
3.597137838008588467e-02 0.000000000000000000e+00
4.150345706720123123e-02 0.000000000000000000e+00
4.487310315807884614e-02 8.316203743476070082e-03
6.974900031466894912e-02 0.000000000000000000e+00
9.728938576033953345e-02 0.000000000000000000e+00
3.422928386777839838e-01 0.000000000000000000e+00
1.140123431915629482e-01 1.519769740064965714e-02
3.008728420500678818e-02 5.275951019849195282e-03
6.126813972537804853e-02 0.000000000000000000e+00
4.359091298695965538e-02 9.098380249939686665e-03
4.407188717134990358e-02 0.000000000000000000e+00
4.419311103056956097e-02 3.915765077311230205e-03
3.227484246278086721e-02 1.189303122642307309e-02
3.163423705321035534e-02 0.000000000000000000e+00
6.382697706985673847e-02 2.484840265766871323e-02
1.596182295867963064e-01 0.000000000000000000e+00
4.359091298695965538e-02 0.000000000000000000e+00
3.061961655203834093e-02 2.665178476466406599e-02
4.358996125025584034e-02 5.294053495514210346e-03
1.137503636004263963e-01 0.000000000000000000e+00
5.920007045449459521e-02 0.000000000000000000e+00
3.516697264638089793e-02 1.616388190729428631e-02
6.495601154003159683e-02 7.960055012035538100e-03
0.000000000000000000e+00 0.000000000000000000e+00
3.416252691000824793e-02 2.309973556175911810e-02
3.036062709738801546e-02 2.117411331880604888e-02
1.332012881315165487e-01 3.072118645123155661e-02
4.715213341664011709e-02 0.000000000000000000e+00
6.943479385077799826e-02 2.324964130469527046e-02
4.126162510452801441e-02 3.205602793237805059e-02
5.464062702516952336e-02 0.000000000000000000e+00
8.967856759336162442e-02 0.000000000000000000e+00
6.662337775874016543e-02 1.331266023394619274e-02
6.724353045317839339e-02 1.250571111674094946e-02
2.690136536587086624e-01 0.000000000000000000e+00
8.354545328295416573e-02 0.000000000000000000e+00
3.196202872301057152e-02 2.017884174276041859e-02
2.199844213405663940e-01 0.000000000000000000e+00
4.872391012383922582e-02 3.937011358566692640e-03
3.432324183069526691e-02 2.295319651675921044e-02
2.585989370076818283e-01 1.629564904539749018e-02
3.778513282241384441e-02 1.950882829529379525e-02
8.481037683660755389e-02 2.742404535616417213e-02
1.295533444117079880e-01 1.156609921157588684e-02
3.507279848323973520e-02 0.000000000000000000e+00
5.553703705648134481e-02 6.819427962782372357e-03
1.707260771948833078e-01 3.114195821551177940e-02
3.064473273171419154e-01 0.000000000000000000e+00
3.132193412890282858e-01 3.451783397246885321e-02
3.776212758890044874e-02 9.675396960804940119e-03
1.213446780363548194e-01 0.000000000000000000e+00
3.031697698792124376e-02 5.664406602841962415e-03
9.389482875498057768e-02 1.486976419418600988e-02
8.234250051626777755e-02 0.000000000000000000e+00
4.255017190484696593e-02 0.000000000000000000e+00
4.493080540691812841e-02 2.269137111320298963e-03
6.921478699138490509e-02 7.007376593209814659e-03
9.290881564292856332e-02 0.000000000000000000e+00
3.024328453477789086e-02 0.000000000000000000e+00
1.217791342326745713e-01 2.113649183164885079e-02
3.075516492767065360e-02 1.752527640698076442e-02
1.296060340686812640e-01 0.000000000000000000e+00
5.141297649126620739e-02 1.339328772860291783e-02
5.800239945852209145e-02 0.000000000000000000e+00
4.494606054331112821e-02 0.000000000000000000e+00
3.036064213242523069e-02 2.132435925653696288e-02
4.816642705848416667e-02 0.000000000000000000e+00
5.142748235242227545e-02 8.902167463842073150e-03
0.000000000000000000e+00 0.000000000000000000e+00
4.914415168895355096e-02 0.000000000000000000e+00
3.472248387257052815e-02 7.593336734492868445e-03
4.493086954966406255e-02 6.237447956109173734e-03
8.891151182509893225e-02 1.557163774917264161e-02
3.103307376470212584e-02 2.690439572706070093e-02
0.000000000000000000e+00 0.000000000000000000e+00
4.419310962939758392e-02 8.073166136732477446e-03
3.008728420500678125e-02 1.714560077750485953e-02
3.084302210363483801e-02 0.000000000000000000e+00
0.000000000000000000e+00 3.455058032573130392e-03
3.062034511071506926e-02 2.134890630223786750e-02
1.234877252697088590e-01 4.453240009852918457e-02
2.230264867370395920e-01 0.000000000000000000e+00
4.091290618262142381e-02 1.762109830545496077e-03
9.519373170195563616e-02 1.610714510750632308e-02
8.481866647265674797e-02 0.000000000000000000e+00
4.379190862345928165e-02 0.000000000000000000e+00
4.812533421445837345e-02 0.000000000000000000e+00
8.768775230757321071e-02 0.000000000000000000e+00
8.465124393374144629e-02 0.000000000000000000e+00
4.359091298695964845e-02 4.580361508335721414e-03
0.000000000000000000e+00 2.606405872530821385e-02
7.618862362234697649e-02 0.000000000000000000e+00
3.560768262311236887e-02 0.000000000000000000e+00
8.281449261518469829e-02 3.873292368487941950e-02
8.944141404415742458e-02 0.000000000000000000e+00
6.834750069955319862e-02 5.539093923742147152e-03
3.012121952347918824e-02 3.588761955636229212e-02
3.010915248725538201e-02 0.000000000000000000e+00
3.121613956783688901e-02 9.565881836291629733e-03
3.329586669580388014e-02 1.310430592710315305e-02
6.092171046047523131e-02 2.569787319898574410e-02
1.155784478128947107e-01 1.279910153924280342e-02
0.000000000000000000e+00 9.098140106782774683e-03
3.121518982651442717e-02 1.745177001317769344e-02
4.455035976457082103e-02 1.805801964121060005e-03
5.870987120427045153e-02 0.000000000000000000e+00
8.225540793443092413e-02 2.618828270867599312e-02
6.961353602926897977e-02 1.541491024473013761e-03
3.010855126173726803e-02 0.000000000000000000e+00
6.856602716370184536e-02 0.000000000000000000e+00
4.501970307089260548e-02 5.108780766692292384e-03
4.351683406589033215e-02 6.100852093609214488e-03
4.837482045933248764e-02 0.000000000000000000e+00
4.539948258234079853e-02 5.220184706685004027e-03
3.153948624308064441e-02 1.254309412427110151e-02
3.733732312959852501e-02 2.395203048184455993e-02
5.671010761024036784e-02 6.570559888152489175e-03
4.406035352872345046e-01 4.107956304558985777e-02
4.951958451844557657e-02 1.205112560842363199e-02
3.388333679057237841e-02 2.980329590407240770e-02
4.286964527638779943e-02 2.789257568711568658e-02
0.000000000000000000e+00 0.000000000000000000e+00
6.989454350447045494e-02 6.871605617790172565e-03
3.559504904702526229e-02 0.000000000000000000e+00
3.032050340360830515e-02 4.713174031466409002e-03
3.031697698792124376e-02 5.664406602841962415e-03
5.834527289468283834e-02 2.740310094386615505e-02
0.000000000000000000e+00 0.000000000000000000e+00
3.182238175941379948e-02 2.286035404738543525e-02
0.000000000000000000e+00 0.000000000000000000e+00
6.666789802388128905e-02 5.312610895794741064e-03
3.506173688898820556e-02 3.106382413395052111e-02
3.006977577019052245e-02 0.000000000000000000e+00
3.261181812180648232e-02 2.503128364190139454e-02
3.036062709738801893e-02 2.052305337426207563e-02
3.148789155364570963e-02 1.279667122953945246e-02
5.142527528114471114e-02 2.200679975123430790e-02
6.834756614235812378e-02 7.293008217147385272e-03
6.274636299520221228e-02 0.000000000000000000e+00
1.176927534282526250e-01 2.447859298327090607e-02
7.195634077846126131e-02 2.666127372902417705e-02
1.585697012483175683e-01 0.000000000000000000e+00
3.009600128629193877e-02 2.714239996425829582e-02
2.949544356919878152e-01 3.883632527113869276e-02
9.888348630083779178e-02 1.586304862695500986e-02
3.006977577019052592e-02 1.422730398688229481e-02
4.419310962939758392e-02 1.222523394015603664e-02
3.006977577019052245e-02 7.257872551208054308e-03
8.112799350065647008e-02 0.000000000000000000e+00
4.872391012383922582e-02 1.811868554354651058e-03
2.120700718562138209e-01 3.412637330831612414e-02
3.706366016492618903e-02 7.169269882119585525e-03
8.065839791120214819e-02 1.766961806104169405e-02
5.064538876431487480e-02 2.160130509255229342e-02
6.764769361172812134e-02 0.000000000000000000e+00
9.559760969846131662e-02 0.000000000000000000e+00
4.491986952548008422e-02 1.120659398454867776e-02
3.158518652525331427e-02 2.552967052736058312e-02
6.635132062224705085e-02 1.211702238448723705e-02
3.112033446328605138e-02 4.017636284132759111e-02
3.036062709738801199e-02 2.143421827990199882e-02
6.834998977016062960e-02 0.000000000000000000e+00
3.261175084950171388e-02 1.359165066511991427e-02
2.105871162262435148e-01 0.000000000000000000e+00
9.728943837730648359e-02 2.025210257033512387e-02
4.359091298695965538e-02 0.000000000000000000e+00
8.931176748526134523e-02 0.000000000000000000e+00
3.772688380958942322e-01 5.354831815214909640e-02
3.006977577019051898e-02 7.260956551339661259e-03
4.419311033039607928e-02 2.748281134439559299e-03
3.086997374000454916e-02 1.739286465241147300e-02
4.359091298695966232e-02 4.677315523472643302e-03
1.069668942764920860e-01 6.393299420602994131e-03
3.212307090854975983e-02 1.048082058879132479e-02
5.880588946076457935e-02 0.000000000000000000e+00
1.649251520670380333e-01 1.541968196626611505e-02
7.149821324127021704e-02 1.562648673557777770e-02
0.000000000000000000e+00 0.000000000000000000e+00
4.454995445858128678e-02 5.024557565530431320e-03
2.503066747214414134e-01 1.762834100062931481e-02
7.006965572577956991e-02 0.000000000000000000e+00
6.941653481834707262e-02 0.000000000000000000e+00
5.225185152596763249e-02 7.344937847321169992e-03
4.069922856675384226e-02 0.000000000000000000e+00
6.030223659548242937e-02 0.000000000000000000e+00
3.084288209087667973e-02 6.872349394040870064e-03
5.869349597994505396e-02 2.590136041561717090e-02
1.070213620183634307e-01 1.242574941517939069e-02
1.691853301974489410e-01 6.820408913907276272e-02
0.000000000000000000e+00 0.000000000000000000e+00
6.866246982491855388e-02 0.000000000000000000e+00
3.923761382315632540e-02 1.214154289055963641e-02
6.062565083033537305e-02 2.637544393286553324e-02
4.350038878315484053e-02 0.000000000000000000e+00
5.085371332811108175e-02 2.189830841813250606e-02
7.863335903218045264e-02 0.000000000000000000e+00
4.161433647056643481e-02 0.000000000000000000e+00
3.006977577019051898e-02 0.000000000000000000e+00
7.019494165543492536e-02 0.000000000000000000e+00
3.176676811338318557e-02 0.000000000000000000e+00
4.419310984719460739e-02 8.448646711082368962e-03
9.728938576033953345e-02 0.000000000000000000e+00
9.529849624227226812e-02 2.570957530408927993e-02
4.526561644181067989e-02 0.000000000000000000e+00
3.004384179848025929e-02 0.000000000000000000e+00
8.320455192978422343e-02 2.391270854825155653e-02
7.988108861407526573e-02 1.080592509295149814e-02
5.548230384977519830e-02 0.000000000000000000e+00
0.000000000000000000e+00 0.000000000000000000e+00
0.000000000000000000e+00 0.000000000000000000e+00
9.728938576033950569e-02 1.028890722312607309e-02
6.961353602926897977e-02 1.541491024473013761e-03
1.415519945185912398e-01 2.224631395088525268e-02
4.419312612328134965e-02 5.788258624833198321e-03
3.909016804496304176e-02 4.662047878709329150e-03
3.026911490731271429e-02 0.000000000000000000e+00
4.419311033039607928e-02 2.748281134439559299e-03
6.961353602926897977e-02 0.000000000000000000e+00
3.008592626227724748e-02 2.132230334414057793e-02
3.088872191299834105e-02 1.200463341072881274e-02
2.423590990003877677e-01 4.322678029652228526e-02
4.089792836955936928e-02 0.000000000000000000e+00
3.099519824485720831e-01 0.000000000000000000e+00
3.454072310185404143e-02 0.000000000000000000e+00
3.031697698792124376e-02 0.000000000000000000e+00
3.088869073305918270e-02 1.694920972423862374e-02
4.358996125025584034e-02 5.294053495514210346e-03
6.878326713936015746e-02 0.000000000000000000e+00
8.312558687648834155e-02 0.000000000000000000e+00
1.742047513883432652e-01 0.000000000000000000e+00
4.493086954966406255e-02 5.086942551333112524e-03
4.339684714007471800e-02 4.263342180513328070e-03
8.690950385626473873e-02 1.788272414777258498e-02
4.433827820275285103e-02 5.811261352104593603e-03
4.419310984719459351e-02 3.915765024884299353e-03
3.009600128629193877e-02 2.714239996425829582e-02
4.358996125025584034e-02 0.000000000000000000e+00
4.455035976457082103e-02 1.805801964121060005e-03
8.856896618872346638e-02 0.000000000000000000e+00
4.081671076943210741e-02 0.000000000000000000e+00
3.148789155364570963e-02 1.100973365030730698e-02
3.984813802789612808e-02 1.087756232792243087e-02
3.084302210363483107e-02 1.713689936656625015e-02
4.501970307089261936e-02 0.000000000000000000e+00
3.892821088610491642e-02 1.813515251389677049e-02
4.489335877424295573e-02 5.959924045591033677e-03
5.493871657059980901e-02 1.583576642650355928e-02
3.121613956783689595e-02 0.000000000000000000e+00
4.755737119526823320e-02 5.136088853663720033e-03
3.027659909201197222e-02 0.000000000000000000e+00
3.066867132445909028e-01 2.259061397381411859e-02
6.152876057752464101e-02 0.000000000000000000e+00
9.938666022312415971e-02 2.090417790643659193e-02
1.173446560904580910e-01 7.945057903313049522e-03
7.056736495448068247e-02 1.137128657797245763e-02
9.513343422167767904e-02 2.288130346232815013e-02
9.202672063637809541e-02 1.604104935049664032e-02
3.012755702699382657e-02 5.393936194603233050e-03
3.032050340360830515e-02 4.713174031466409002e-03
9.091651788250745825e-02 0.000000000000000000e+00
3.777635084780300162e-02 1.191594872121313348e-02
4.171852139934480869e-02 2.643683065688195305e-02
4.358982590446879024e-02 5.294045276553049385e-03
4.358861964630648261e-02 4.829671945122175625e-03
8.174833975441382627e-02 1.457170229986572314e-02
1.467775759024856630e-01 0.000000000000000000e+00
3.006977577019052245e-02 1.353980053681662701e-02
3.525887906552038764e-02 2.064141632628748932e-02
1.370813931326459179e-01 2.265146209672031299e-02
4.162165083032573487e-02 6.538578062402027741e-03
3.067045950059456294e-02 0.000000000000000000e+00
3.385068097837154455e-02 3.174149414604928582e-02
6.247310014541410106e-02 2.596016371912115983e-02
3.590944779076541554e-02 0.000000000000000000e+00
