# x	y
1.405488491058349609e+00 0.000000000000000000e+00
1.421170473098754883e+00 0.000000000000000000e+00
1.436807870864868164e+00 0.000000000000000000e+00
1.482613563537597656e+00 0.000000000000000000e+00
1.502354145050048828e+00 0.000000000000000000e+00
1.518710136413574219e+00 0.000000000000000000e+00
1.535203933715820312e+00 0.000000000000000000e+00
1.552226305007934570e+00 0.000000000000000000e+00
1.591657161712646484e+00 0.000000000000000000e+00
1.617418527603149414e+00 0.000000000000000000e+00
1.636264085769653320e+00 0.000000000000000000e+00
1.653154373168945312e+00 0.000000000000000000e+00
1.699855804443359375e+00 0.000000000000000000e+00
1.717288732528686523e+00 0.000000000000000000e+00
1.733985185623168945e+00 0.000000000000000000e+00
1.751090049743652344e+00 0.000000000000000000e+00
1.802093505859375000e+00 0.000000000000000000e+00
1.818486690521240234e+00 0.000000000000000000e+00
1.834860801696777344e+00 0.000000000000000000e+00
1.851058483123779297e+00 0.000000000000000000e+00
1.867859125137329102e+00 0.000000000000000000e+00
1.920940160751342773e+00 0.000000000000000000e+00
1.937591552734375000e+00 0.000000000000000000e+00
1.954424381256103516e+00 0.000000000000000000e+00
1.971101760864257812e+00 0.000000000000000000e+00
2.025890111923217773e+00 0.000000000000000000e+00
2.042755126953125000e+00 0.000000000000000000e+00
2.059829950332641602e+00 0.000000000000000000e+00
2.076740980148315430e+00 0.000000000000000000e+00
2.093621492385864258e+00 0.000000000000000000e+00
2.140765666961669922e+00 0.000000000000000000e+00
2.158294439315795898e+00 0.000000000000000000e+00
2.174417495727539062e+00 0.000000000000000000e+00
2.190448760986328125e+00 0.000000000000000000e+00
2.249094247817993164e+00 0.000000000000000000e+00
2.266321659088134766e+00 0.000000000000000000e+00
2.283213853836059570e+00 0.000000000000000000e+00
2.299874544143676758e+00 0.000000000000000000e+00
2.351671218872070312e+00 0.000000000000000000e+00
2.368366241455078125e+00 0.000000000000000000e+00
2.385106563568115234e+00 0.000000000000000000e+00
2.402362823486328125e+00 0.000000000000000000e+00
2.461282730102539062e+00 0.000000000000000000e+00
2.477895975112915039e+00 0.000000000000000000e+00
2.494720220565795898e+00 0.000000000000000000e+00
2.510983467102050781e+00 0.000000000000000000e+00
2.560316324234008789e+00 0.000000000000000000e+00
2.579673290252685547e+00 0.000000000000000000e+00
2.598673820495605469e+00 0.000000000000000000e+00
2.617017269134521484e+00 0.000000000000000000e+00
2.676873922348022461e+00 0.000000000000000000e+00
2.692848682403564453e+00 0.000000000000000000e+00
2.720522165298461914e+00 0.000000000000000000e+00
2.757995367050170898e+00 0.000000000000000000e+00
2.782820701599121094e+00 0.000000000000000000e+00
2.803681373596191406e+00 0.000000000000000000e+00
2.828069686889648438e+00 0.000000000000000000e+00
2.845830678939819336e+00 0.000000000000000000e+00
2.865078687667846680e+00 0.000000000000000000e+00
2.923374652862548828e+00 0.000000000000000000e+00
2.940784931182861328e+00 0.000000000000000000e+00
2.957929611206054688e+00 0.000000000000000000e+00
2.977085351943969727e+00 0.000000000000000000e+00
3.010159492492675781e+00 0.000000000000000000e+00
3.038837909698486328e+00 0.000000000000000000e+00
3.055512666702270508e+00 0.000000000000000000e+00
3.073177576065063477e+00 0.000000000000000000e+00
3.090262174606323242e+00 0.000000000000000000e+00
3.151592493057250977e+00 0.000000000000000000e+00
3.169468402862548828e+00 0.000000000000000000e+00
3.187279939651489258e+00 0.000000000000000000e+00
3.204866886138916016e+00 0.000000000000000000e+00
3.264863967895507812e+00 0.000000000000000000e+00
3.283735513687133789e+00 0.000000000000000000e+00
3.301901102066040039e+00 0.000000000000000000e+00
3.330509901046752930e+00 0.000000000000000000e+00
3.377717971801757812e+00 0.000000000000000000e+00
3.395458221435546875e+00 0.000000000000000000e+00
3.412837266921997070e+00 0.000000000000000000e+00
3.477270841598510742e+00 0.000000000000000000e+00
3.495104551315307617e+00 0.000000000000000000e+00
3.515210866928100586e+00 0.000000000000000000e+00
3.533575534820556641e+00 0.000000000000000000e+00
3.591330528259277344e+00 0.000000000000000000e+00
3.608272075653076172e+00 0.000000000000000000e+00
3.625530004501342773e+00 0.000000000000000000e+00
3.643746852874755859e+00 0.000000000000000000e+00
3.703095912933349609e+00 0.000000000000000000e+00
3.720372438430786133e+00 0.000000000000000000e+00
3.737324714660644531e+00 0.000000000000000000e+00
3.754590034484863281e+00 0.000000000000000000e+00
3.815675973892211914e+00 0.000000000000000000e+00
3.833820104598999023e+00 0.000000000000000000e+00
3.851756572723388672e+00 0.000000000000000000e+00
3.923836469650268555e+00 0.000000000000000000e+00
3.940912961959838867e+00 0.000000000000000000e+00
3.957728862762451172e+00 0.000000000000000000e+00
3.987691640853881836e+00 0.000000000000000000e+00
4.036832571029663086e+00 0.000000000000000000e+00
4.054868936538696289e+00 0.000000000000000000e+00
4.149891376495361328e+00 0.000000000000000000e+00
4.167912006378173828e+00 0.000000000000000000e+00
4.184751510620117188e+00 0.000000000000000000e+00
4.245451688766479492e+00 0.000000000000000000e+00
4.262446165084838867e+00 0.000000000000000000e+00
4.279054164886474609e+00 0.000000000000000000e+00
4.295942544937133789e+00 0.000000000000000000e+00
4.360401391983032227e+00 0.000000000000000000e+00
4.378455638885498047e+00 0.000000000000000000e+00
4.396031856536865234e+00 0.000000000000000000e+00
4.461924314498901367e+00 0.000000000000000000e+00
4.479586362838745117e+00 0.000000000000000000e+00
4.496766090393066406e+00 0.000000000000000000e+00
4.513780117034912109e+00 0.000000000000000000e+00
4.581815242767333984e+00 0.000000000000000000e+00
4.599347352981567383e+00 0.000000000000000000e+00
4.617102384567260742e+00 0.000000000000000000e+00
4.688340663909912109e+00 0.000000000000000000e+00
4.705599784851074219e+00 0.000000000000000000e+00
4.722664594650268555e+00 0.000000000000000000e+00
4.739306449890136719e+00 0.000000000000000000e+00
4.810687541961669922e+00 0.000000000000000000e+00
4.827208280563354492e+00 0.000000000000000000e+00
4.843681097030639648e+00 0.000000000000000000e+00
4.860369205474853516e+00 0.000000000000000000e+00
4.922815084457397461e+00 0.000000000000000000e+00
4.939929485321044922e+00 0.000000000000000000e+00
4.956503391265869141e+00 0.000000000000000000e+00
4.973059415817260742e+00 0.000000000000000000e+00
5.035460948944091797e+00 0.000000000000000000e+00
5.052836894989013672e+00 0.000000000000000000e+00
5.069813966751098633e+00 0.000000000000000000e+00
5.086556911468505859e+00 0.000000000000000000e+00
5.146310091018676758e+00 0.000000000000000000e+00
5.164789915084838867e+00 0.000000000000000000e+00
5.182091951370239258e+00 0.000000000000000000e+00
5.247228145599365234e+00 0.000000000000000000e+00
5.264624834060668945e+00 0.000000000000000000e+00
5.281937360763549805e+00 0.000000000000000000e+00
5.343766689300537109e+00 0.000000000000000000e+00
5.360969543457031250e+00 0.000000000000000000e+00
5.378068685531616211e+00 0.000000000000000000e+00
5.395145654678344727e+00 0.000000000000000000e+00
5.457612514495849609e+00 0.000000000000000000e+00
5.474585533142089844e+00 0.000000000000000000e+00
5.490948915481567383e+00 0.000000000000000000e+00
5.507398128509521484e+00 0.000000000000000000e+00
5.569383144378662109e+00 0.000000000000000000e+00
5.586397647857666016e+00 0.000000000000000000e+00
5.603239536285400391e+00 0.000000000000000000e+00
5.620806217193603516e+00 0.000000000000000000e+00
5.688645601272583008e+00 0.000000000000000000e+00
5.705179929733276367e+00 0.000000000000000000e+00
5.723341464996337891e+00 0.000000000000000000e+00
5.791653871536254883e+00 0.000000000000000000e+00
5.808774948120117188e+00 0.000000000000000000e+00
5.825571298599243164e+00 0.000000000000000000e+00
5.894913911819458008e+00 0.000000000000000000e+00
5.911886692047119141e+00 0.000000000000000000e+00
5.928765058517456055e+00 0.000000000000000000e+00
5.988406658172607422e+00 0.000000000000000000e+00
6.014027833938598633e+00 0.000000000000000000e+00
6.032715320587158203e+00 0.000000000000000000e+00
6.051062583923339844e+00 0.000000000000000000e+00
6.119501590728759766e+00 0.000000000000000000e+00
6.138472318649291992e+00 0.000000000000000000e+00
6.154982805252075195e+00 0.000000000000000000e+00
6.187597751617431641e+00 0.000000000000000000e+00
6.237909793853759766e+00 0.000000000000000000e+00
6.254803657531738281e+00 0.000000000000000000e+00
6.271525859832763672e+00 0.000000000000000000e+00
6.293170928955078125e+00 0.000000000000000000e+00
6.351580142974853516e+00 0.000000000000000000e+00
6.368119478225708008e+00 0.000000000000000000e+00
6.386311531066894531e+00 0.000000000000000000e+00
6.456652641296386719e+00 0.000000000000000000e+00
6.473643064498901367e+00 0.000000000000000000e+00
6.490244388580322266e+00 0.000000000000000000e+00
6.506834983825683594e+00 0.000000000000000000e+00
6.575800418853759766e+00 0.000000000000000000e+00
6.593096733093261719e+00 0.000000000000000000e+00
6.610077381134033203e+00 0.000000000000000000e+00
6.665936470031738281e+00 0.000000000000000000e+00
6.688373088836669922e+00 0.000000000000000000e+00
6.704918384552001953e+00 0.000000000000000000e+00
6.731226444244384766e+00 0.000000000000000000e+00
6.782666921615600586e+00 0.000000000000000000e+00
6.813070058822631836e+00 0.000000000000000000e+00
6.879823684692382812e+00 0.000000000000000000e+00
6.940316915512084961e+00 0.000000000000000000e+00
6.972868442535400391e+00 0.000000000000000000e+00
7.024079084396362305e+00 0.000000000000000000e+00
7.041663408279418945e+00 0.000000000000000000e+00
7.058899402618408203e+00 0.000000000000000000e+00
7.076141119003295898e+00 0.000000000000000000e+00
7.144071102142333984e+00 0.000000000000000000e+00
7.161053180694580078e+00 0.000000000000000000e+00
7.178031206130981445e+00 0.000000000000000000e+00
7.246491670608520508e+00 0.000000000000000000e+00
7.263227462768554688e+00 0.000000000000000000e+00
7.469388723373413086e+00 0.000000000000000000e+00
7.496363162994384766e+00 0.000000000000000000e+00
7.515678882598876953e+00 0.000000000000000000e+00
7.585654020309448242e+00 0.000000000000000000e+00
7.607019662857055664e+00 0.000000000000000000e+00
7.628767490386962891e+00 0.000000000000000000e+00
7.700717687606811523e+00 0.000000000000000000e+00
7.718026876449584961e+00 0.000000000000000000e+00
7.737045526504516602e+00 0.000000000000000000e+00
7.813859224319458008e+00 0.000000000000000000e+00
7.831969976425170898e+00 0.000000000000000000e+00
7.849248647689819336e+00 0.000000000000000000e+00
7.916888952255249023e+00 0.000000000000000000e+00
7.934304952621459961e+00 0.000000000000000000e+00
7.951670646667480469e+00 0.000000000000000000e+00
8.024495601654052734e+00 0.000000000000000000e+00
8.041996717453002930e+00 0.000000000000000000e+00
8.058329820632934570e+00 0.000000000000000000e+00
8.134255409240722656e+00 0.000000000000000000e+00
8.151571035385131836e+00 0.000000000000000000e+00
8.169324398040771484e+00 0.000000000000000000e+00
8.244424343109130859e+00 0.000000000000000000e+00
8.262109041213989258e+00 0.000000000000000000e+00
8.279553174972534180e+00 0.000000000000000000e+00
8.297037601470947266e+00 0.000000000000000000e+00
8.372335195541381836e+00 0.000000000000000000e+00
8.389303207397460938e+00 0.000000000000000000e+00
8.406932830810546875e+00 0.000000000000000000e+00
8.458293914794921875e+00 0.000000000000000000e+00
8.495051860809326172e+00 0.000000000000000000e+00
8.512365818023681641e+00 0.000000000000000000e+00
8.529239416122436523e+00 0.000000000000000000e+00
8.609360218048095703e+00 0.000000000000000000e+00
8.627047061920166016e+00 0.000000000000000000e+00
8.644429445266723633e+00 0.000000000000000000e+00
8.718192338943481445e+00 0.000000000000000000e+00
8.735925197601318359e+00 0.000000000000000000e+00
8.752978563308715820e+00 0.000000000000000000e+00
8.826193094253540039e+00 0.000000000000000000e+00
8.843312740325927734e+00 0.000000000000000000e+00
8.859846115112304688e+00 0.000000000000000000e+00
8.930753707885742188e+00 0.000000000000000000e+00
8.948216438293457031e+00 0.000000000000000000e+00
8.966739177703857422e+00 0.000000000000000000e+00
9.036358594894409180e+00 0.000000000000000000e+00
9.054348230361938477e+00 0.000000000000000000e+00
9.072543859481811523e+00 0.000000000000000000e+00
9.123226881027221680e+00 0.000000000000000000e+00
9.162233829498291016e+00 0.000000000000000000e+00
9.180096864700317383e+00 0.000000000000000000e+00
9.241672277450561523e+00 0.000000000000000000e+00
9.266127824783325195e+00 0.000000000000000000e+00
9.283977031707763672e+00 0.000000000000000000e+00
9.301594734191894531e+00 0.000000000000000000e+00
9.379308938980102539e+00 0.000000000000000000e+00
9.396141052246093750e+00 0.000000000000000000e+00
9.415777444839477539e+00 0.000000000000000000e+00
9.484425544738769531e+00 0.000000000000000000e+00
9.502178907394409180e+00 0.000000000000000000e+00
9.520671844482421875e+00 0.000000000000000000e+00
9.577204704284667969e+00 0.000000000000000000e+00
9.608788251876831055e+00 0.000000000000000000e+00
9.625874280929565430e+00 0.000000000000000000e+00
9.642996788024902344e+00 0.000000000000000000e+00
9.714425086975097656e+00 0.000000000000000000e+00
9.732112407684326172e+00 0.000000000000000000e+00
9.749500751495361328e+00 0.000000000000000000e+00
9.836313009262084961e+00 0.000000000000000000e+00
9.854143381118774414e+00 0.000000000000000000e+00
9.931515693664550781e+00 0.000000000000000000e+00
9.976030588150024414e+00 0.000000000000000000e+00
1.004318284988403320e+01 0.000000000000000000e+00
1.005992221832275391e+01 0.000000000000000000e+00
1.007954907417297363e+01 0.000000000000000000e+00
1.012982916831970215e+01 0.000000000000000000e+00
1.017223596572875977e+01 0.000000000000000000e+00
1.018876361846923828e+01 0.000000000000000000e+00
1.020589852333068848e+01 0.000000000000000000e+00
1.028385472297668457e+01 0.000000000000000000e+00
1.030179190635681152e+01 0.000000000000000000e+00
1.031925678253173828e+01 0.000000000000000000e+00
1.039641118049621582e+01 0.000000000000000000e+00
1.041421794891357422e+01 0.000000000000000000e+00
1.043212246894836426e+01 0.000000000000000000e+00
1.050960350036621094e+01 0.000000000000000000e+00
1.052666950225830078e+01 0.000000000000000000e+00
1.054326891899108887e+01 0.000000000000000000e+00
1.061463904380798340e+01 0.000000000000000000e+00
1.063325691223144531e+01 0.000000000000000000e+00
1.065303063392639160e+01 0.000000000000000000e+00
1.073005676269531250e+01 0.000000000000000000e+00
1.074837279319763184e+01 0.000000000000000000e+00
1.076640510559082031e+01 0.000000000000000000e+00
1.084149241447448730e+01 0.000000000000000000e+00
1.085826730728149414e+01 0.000000000000000000e+00
1.087514519691467285e+01 0.000000000000000000e+00
1.095092129707336426e+01 0.000000000000000000e+00
1.096827435493469238e+01 0.000000000000000000e+00
1.098583054542541504e+01 0.000000000000000000e+00
1.100408911705017090e+01 0.000000000000000000e+00
