# x	y
0.000000000000000000e+00 0.000000000000000000e+00
0.000000000000000000e+00 -1.790200952216855157e+01
3.100372168274339590e-01 -1.357546113232469161e-02
5.940695755549008777e-02 -9.725125821364773770e+00
3.646683771308172062e-02 -3.486668355824813048e+00
0.000000000000000000e+00 -2.189394674834625221e+01
1.441341892149803905e-01 -5.316190943903757571e+00
3.066408666702785113e-01 -2.343676743498913917e-01
4.159527370480323866e-02 -1.969280731749298852e+01
4.443887794321355750e-02 -1.055298318656667966e+01
8.429010667839346993e-02 -4.857264371017731008e+00
4.599638432434212387e-02 -1.857010522205446179e+01
0.000000000000000000e+00 -1.040782653243161171e+01
1.186143042453596946e-01 -6.776759799553009778e+00
2.066793303838608542e-01 -5.706596318440684823e-02
6.743261603691395878e-02 -8.284646406985531897e-01
4.669551301643205532e-01 -6.104197234309715302e-03
7.901706026080999867e-02 -1.161262863968299008e+01
2.023204305715058104e-01 -1.814415609386410000e-01
6.372827876890117815e-02 3.207668296043394984e-03
0.000000000000000000e+00 -1.370607767653211440e+01
1.854145612816529287e-01 -4.638663474381940155e+00
8.324395305679832546e-02 -1.650845934536273152e+00
0.000000000000000000e+00 -5.898670294446085371e+00
6.501363225917548838e-02 -2.591055747455743852e-01
2.360052801496902442e-01 -1.404432553701276676e-01
3.878402824889607969e-01 -1.036394257985832380e-02
0.000000000000000000e+00 -1.927824852436957892e+00
9.213231317205332338e-02 -1.523651685891703345e+01
1.064468045718309080e-01 -6.307296334200011678e+00
8.218947306176918599e-02 -9.881971421622200991e-01
3.547590924215401342e-01 -7.470361273312896289e-02
1.795488879992199749e-01 -3.202976772000297068e+00
8.848603454360390308e-02 -3.023293992380265749e+00
1.016103384810101290e-01 -1.329586596565080825e+01
4.634726080092677059e-02 -1.968373469302628631e-01
1.874769121603363786e-01 -2.606850449582407414e-01
8.538372736327673462e-02 -1.206340325833872962e+00
1.841034524477186129e-01 -8.460819589490324866e-01
3.873980457910650155e-02 -6.605500586699434074e+00
0.000000000000000000e+00 -8.391079911750260578e+00
1.670877493167832462e-01 -2.252210813798424471e+00
9.406149144440871523e-02 3.560624332828869754e-02
5.713126465608302923e-02 -1.529661885309900526e+01
3.067288633610332216e-01 -5.371102607410411789e-01
1.144293067285717808e-01 -3.696495550590124801e-01
1.042654003439469207e-01 -9.409569912923819501e+00
7.711265416961241015e-02 -4.461779649560398409e-01
0.000000000000000000e+00 -3.386836826080519280e+00
6.535072767719703191e-02 -3.282783262498592869e+00
4.000989486402663914e-02 -2.100858243899713873e+00
0.000000000000000000e+00 -6.254193993111359655e-05
4.559178263804839482e-01 -1.304284170959462419e-01
0.000000000000000000e+00 -2.134544147915962586e+00
0.000000000000000000e+00 -3.292349163661795863e+00
1.015458219650809124e-01 -2.999176789303103163e+00
9.267476981714088680e-02 -1.202531563040468043e+01
2.681054207524741773e-01 -4.658700501070565103e-01
0.000000000000000000e+00 -6.879069981678211931e-01
2.861643622272329601e-01 -2.461279566307106759e+00
5.720638450508007400e-02 -1.306428792371422176e+01
3.207226667151854560e-01 -1.559931046062257576e-01
1.502392078777209927e-01 -1.034623831382646131e+01
2.342587149359808552e-01 -5.207729323382975783e-01
3.185699187840081992e-01 -3.512934298536821848e-02
1.020404693444804528e-01 -3.582504022979489111e+00
1.604812469877156533e-01 -6.909003894074964514e+00
1.916269478352529976e-01 -4.971200022793444973e+00
2.995333490169739266e-01 -5.887570585699773984e-01
2.627278826036936743e-01 -2.119291105664546926e+00
6.385966648317270566e-02 -9.037628713307642059e+00
1.747664024859481025e-01 -1.317683913353328240e+00
0.000000000000000000e+00 -7.737416691427759119e+00
1.138651776933364279e-01 -7.989690213310287170e+00
9.405063451452901069e-02 -3.809840643733548138e+00
3.152072849669954602e-01 -8.632457942024570618e-01
1.280744182521201813e-01 -9.270692874558443819e+00
0.000000000000000000e+00 -8.178735436061556285e+00
4.390474175662453793e-02 -1.064945705527652109e+01
8.994299639759124887e-02 -1.502013323586309035e+01
4.048288374121429556e-02 -5.275550621475333379e+00
9.434402575968248161e-02 1.413682018428848330e+00
5.998762570427917939e-02 -3.240850885101029342e-03
1.840542415970058132e-01 -1.389256451093984701e+01
3.344357093662461006e-02 -1.291534103318041105e+01
4.119049295875247541e-02 1.014825346230457948e+00
9.066313607181601675e-02 -1.584078971973973959e-01
3.725914001447404311e-02 -1.071772273442340051e+01
0.000000000000000000e+00 -7.159895457152529730e-01
4.241167707129236963e-02 -4.607060751205064975e+00
3.795567233231306875e-02 -3.136041906397000201e+00
0.000000000000000000e+00 -1.233026480274607373e+00
2.388792565248711863e-01 -5.025018807380760677e+00
8.059302280328266288e-02 -8.146016789033888594e-01
9.224522930800396758e-02 -1.802662823962912997e+00
0.000000000000000000e+00 -5.988096155086141126e-01
5.642191896590043054e-02 -1.723579484691618591e-01
1.134018169952409477e-01 -6.432865563002840847e-01
3.235426414692989527e-01 -8.385999066708976768e-03
1.089026460813857788e-01 -9.990308766885704073e-02
2.631702461902842849e-01 -5.879708796895785738e+00
6.514474386147287022e-02 -1.291295910420340587e-01
1.019428960557781649e-01 -5.109599574752578199e+00
0.000000000000000000e+00 -1.959228262098674733e+01
3.725914001447404311e-02 -1.071772273442340051e+01
8.059302280328267676e-02 -8.929142638846292446e-01
6.348650093027723151e-02 -1.798391503406212522e+01
1.833570609197386070e-01 -1.989118003273859570e+00
4.268343859010983316e-02 -4.514919450237701248e+00
8.807497818028306447e-02 -3.037740820873576553e+00
5.286896665656031641e-02 -9.676494450275447079e+00
3.735011714860020371e-02 -1.723820074651696999e+01
1.017934939884073686e-01 -1.031317069722859614e+01
8.420001272777753731e-02 -4.862471571543510507e+00
1.671274775156692260e-01 -2.251675389217573819e+00
0.000000000000000000e+00 -3.451806161626936209e+00
3.048605469186098094e-01 -2.464047178753571710e-01
9.896022870731137344e-02 -1.201144056583460795e+01
2.183664289316468166e-01 -3.414037313495357218e+00
1.296355138544746655e-01 -2.071490536446821462e+00
8.848603454360390308e-02 -3.023293992380265749e+00
3.152491756920139387e-01 -8.631310842125642369e-01
3.947308269425059413e-02 -8.932976118354087447e+00
4.134664991387269201e-02 -1.885788954269762741e+01
4.334827089724664351e-01 -2.677038954568305429e-01
7.104116947448438357e-02 -2.847680482060234719e-01
4.433535564492364911e-02 -2.024835539918551142e+00
9.836923278668703585e-02 -7.024967004720977570e+00
4.000989486402663914e-02 -2.986123391746406952e+00
8.538372736327673462e-02 -1.183342017985661299e+00
1.071182982049143778e-01 -4.096490394083246223e+00
6.743261603691398653e-02 -9.200701753084065126e-01
0.000000000000000000e+00 -1.699510317305148632e+01
8.882719253572117502e-02 -6.729848121013869644e+00
8.848603454360388920e-02 -3.454157011245362341e+00
8.890707031233607838e-02 -1.124921548298329732e+01
7.711265416961241015e-02 -6.749941174811675548e-01
1.054433907249066882e-01 -3.880396772002935979e+00
1.827499550989976074e-01 -1.545698286413363709e+00
4.136144595674418056e-02 9.792913068819012468e-01
3.878046143548279923e-01 -1.045498779052891902e-02
1.051413239298208679e-01 -6.272609109884759171e+00
3.076495761851513744e-01 -8.017770661466327553e+00
6.074085195831665368e-02 -8.394210831775840376e+00
4.577694919903844972e-02 -1.859199535850229523e+01
5.707779510692626013e-02 -1.286445688731507708e+01
0.000000000000000000e+00 -2.160928263511017278e+01
5.019610710555326427e-02 -1.282676584231628603e+01
6.982291335846564639e-02 -1.489993444700934688e+01
3.832418212439565597e-01 -1.060857888910388402e-01
0.000000000000000000e+00 -2.147685762973125634e+01
1.504207397776603783e-01 -4.032066339401707999e+00
1.441341892149804738e-01 -5.806931401778562041e+00
0.000000000000000000e+00 -1.280954399371908181e+01
5.148342647857877957e-02 -3.419161105564820780e+00
8.951440520007573898e-02 -1.317567354131710333e+00
8.981110070236338061e-02 -1.450853561420753657e+01
4.599638432434212387e-02 -1.858471004581185326e+01
8.058407249084313662e-02 -2.377014233386644904e+01
5.454425232015504971e-02 6.177623529264082355e-03
0.000000000000000000e+00 -1.685863130319746661e+00
0.000000000000000000e+00 -2.460692993457025413e+00
1.004963938902816434e-01 -1.324120607914425918e+01
3.427205485933409457e-01 -2.460537409186659641e+00
4.464794646349790064e-02 -1.718230162873305744e+01
3.151439536814816811e-01 -9.119879477865763251e-01
1.010173289815320119e-01 -2.944203528535542791e+00
3.067469508315530113e-01 -5.370785897656662478e-01
6.743261603691395878e-02 -1.027749578274225506e+01
1.824870657499149951e-01 -3.290361068620120122e-01
9.224209273939888709e-02 -1.915306857880739067e+00
9.468468035507905667e-02 -1.164704797406641212e+01
6.497062353231738974e-02 -2.592822114583966386e-01
9.329722669203743823e-02 -1.271393121079019295e+01
3.735058304686669772e-02 -1.455071296249707302e+01
5.256465514090198632e-02 -1.024964920710461413e+01
6.501363225917548838e-02 -2.591055747455743852e-01
6.459019273523294857e-02 -2.540454680749209548e-01
6.534908948745300761e-02 -2.910188001289868875e+00
3.874020685132167213e-02 -6.414483560837936693e+00
0.000000000000000000e+00 -1.294537346860105964e-01
2.153282782724517397e-01 -6.696413069891141157e-02
1.245132741808029769e-01 -1.753330165439952015e+00
6.123447203115896936e-02 -3.245311648044252664e-03
3.627866670614699612e-02 -3.576217316614700437e+00
2.861643622272329601e-01 -2.451107429405766425e+00
3.223946306066595713e-01 -7.105071310422395037e+00
0.000000000000000000e+00 -6.731865643093780882e+00
2.675538300342091280e-01 -4.385229354545371550e+00
6.372827876890119203e-02 1.274677272682033305e-02
1.005098556157955764e-01 -1.297481025226237605e+01
1.044286981612360943e-01 -9.394855888342730665e+00
1.172248642280373926e-01 -1.324882108044148943e+01
1.036662221560497726e-01 -4.520756260296414197e+00
0.000000000000000000e+00 -1.432066692331272761e-02
1.128434218701229175e-01 6.504411530892729998e-02
4.369264224652672640e-02 -4.485570512417750066e+00
8.429010667839346993e-02 -4.922149037040968622e+00
7.404105556744758343e-02 -9.296485365395680489e+00
2.268439065829604695e-01 -1.866299420075346605e-01
0.000000000000000000e+00 -2.825481347886689321e+01
4.105998040114402364e-02 -1.484299011713130234e+01
3.634735481017453002e-02 -1.852594373772544856e+01
5.422347343555423971e-02 -2.388176388309537490e+00
9.402902810637321640e-02 -2.610982504578725738e+01
0.000000000000000000e+00 -1.663837886686343748e-01
3.810365487882470814e-02 -5.934553391608683448e+00
9.759302337964717577e-02 -6.312726254190880404e+00
1.019428960557781649e-01 -4.861485883783717377e+00
0.000000000000000000e+00 -2.696507668053537365e+00
9.044987798534864787e-02 -1.440599140060724359e+01
1.024202461055929714e-01 -3.719238285456651916e+00
1.012226378301881030e-01 -7.667895295160318980e+00
5.773748905949271926e-02 -1.287292105789157048e+01
3.925592734191257066e-02 -8.512198883632256852e+00
4.076055278696934236e-02 -6.099194295463689741e+00
1.117319992854863414e-01 -3.708709913016598136e+00
8.812431134075866812e-02 -2.828572301991503934e+01
0.000000000000000000e+00 -5.977968369737545655e-04
9.591892831480876291e-02 -7.915891040693634473e+00
1.006048001466119113e-01 -7.744019607940603400e+00
1.189782223167000219e-01 -3.615334871163546904e+00
4.570381076025674671e-01 -1.980684606611796128e-01
1.447494666660262552e-01 -9.021888210732253555e+00
3.357435578035283807e-02 -9.867380193445084657e+00
8.878095991224829731e-02 -6.301800252014770010e+00
4.433535564492366299e-02 -2.024580928696591453e+00
4.322159465899977349e-02 -1.048425369311070554e+01
5.788283300334919057e-02 -9.847817958212967682e+00
4.918295357613958890e-02 -2.930251424104616476e+01
9.185372674967805240e-02 -6.498054604426762637e+00
3.635177824756433140e-02 -4.477893392604585188e+00
1.003530756853615868e-01 -1.251989905323858032e+01
4.411463240134442382e-02 -1.480181326454483326e+01
0.000000000000000000e+00 -1.918037179785880397e+01
4.586258289838261726e-02 -1.855727927329393978e+01
4.577694919903844972e-02 -1.700881046583987199e+01
1.508024254070102210e-01 -9.990116267942328321e+00
9.493640337488283565e-02 -1.174823865685329771e+01
5.704227673585055003e-02 -1.288123893347694349e+01
3.687261660046903256e-02 -3.236655287869071973e+00
5.886058970806251622e-02 -1.785256090110211957e+01
5.375346561615960972e-02 -1.108856328203670927e+01
9.252991184748046716e-02 -1.529081506176770233e+01
5.113331221628537177e-02 -1.749699811005267058e+00
3.873980457910649461e-02 -7.181661846365202884e+00
0.000000000000000000e+00 -1.406502565715597974e+01
1.201420865925730552e-01 -1.564205486633563957e+01
0.000000000000000000e+00 -1.635788583117250283e+01
0.000000000000000000e+00 -2.154920427383423487e+01
0.000000000000000000e+00 -1.963793130677074217e+01
9.597129652369146280e-02 -2.122265810271019149e+01
0.000000000000000000e+00 -8.594367908363846453e+00
6.124799129488513183e-02 -9.537604458838719879e+00
1.307178572649440873e-01 -5.841736371480555690e+00
3.627866670614699612e-02 -3.576217316614700437e+00
3.787877680243992989e-02 -3.368386447539063244e+00
6.242721893928718929e-02 -2.846294266175016219e+01
1.059916859716237142e-01 -4.539805185300289203e+00
1.294668027314944403e-01 -2.068540105489192626e+01
6.074112811917024846e-02 -8.394172667314604652e+00
4.136144595674418056e-02 9.792913068819012468e-01
7.693453813076539527e-02 -7.273497661215219123e-01
4.599638432434213081e-02 -2.790897314307984090e+01
9.213231317205335114e-02 -9.488247641417258293e+00
4.159527370480323172e-02 -2.498469203045524267e+01
0.000000000000000000e+00 -1.323085913256627855e+01
0.000000000000000000e+00 -2.160928263511017278e+01
8.049375765307041630e-02 -2.353583664805503872e+01
5.235629121292098564e-02 -1.745659327558248541e-01
0.000000000000000000e+00 -1.040782653243161171e+01
1.398844836357501786e-01 -6.857648541518361895e+00
4.498411442896393247e-02 -1.612101295203302587e-01
5.094813363323671962e-02 -1.036578753773051353e+01
3.850467747075965452e-02 -3.445468296962601595e+00
3.276429229457493431e-02 -1.251415877635244733e+01
5.731096912587847758e-02 -1.017420483415208921e+01
1.655723607499435535e-01 -1.492875757782627311e+01
4.602145595852469295e-02 -1.857458507918463653e+01
4.474651701158773032e-02 -6.168061708428105305e+00
4.673219521318851266e-02 -1.523776773900118542e+01
5.892002072384196903e-02 -2.375382479747879749e+00
1.016103384810101012e-01 -7.608205842675682895e+00
4.118005338234671797e-02 -1.911795443906178704e+01
3.883367316088102983e-02 -1.504467615690164450e+01
2.575730515359753725e-01 -5.790607508919140223e+00
8.870264595297849830e-02 -3.654637941205383544e+00
6.464655650134010223e-02 -1.412305479949588793e+01
3.729382373812132473e-02 -1.204851118765914997e+00
7.023937154806726701e-02 -9.779265684503151590e+00
4.079934977551888386e-02 -1.763238669441190964e+01
6.743261603691398653e-02 -1.220019495056589420e+01
8.961733439824284830e-02 -3.686631877824708692e-01
4.624167821790448052e-02 -1.503257570853666181e+01
1.708157323163730368e-01 -1.446588144081500715e+01
0.000000000000000000e+00 -1.254733422742261517e+01
4.465264995443583157e-02 -1.723239327294468026e+01
4.546434927603101861e-02 -1.808126770908155212e+00
0.000000000000000000e+00 -1.031712242785999045e+01
4.991410978081677052e-02 -1.084023481416696555e+01
4.174172076858709973e-02 -1.885857760469424349e+01
3.644631949508121693e-02 -1.769099533032810356e+01
3.353070489337612453e-02 -1.924178984723405872e+00
3.859711030890612682e-02 -8.572379217687847941e+00
4.585551955801694252e-02 -1.827682293124547996e+01
4.064933485702373894e-01 -3.050288558716304887e+00
6.458714666237114210e-02 -1.911436821044159373e+01
4.083912142606286461e-02 -2.516853721892155704e+01
6.241752779165072457e-02 -6.627620755190910984e+00
0.000000000000000000e+00 -1.957787216533697361e+01
0.000000000000000000e+00 -2.825481347886689321e+01
5.671163073477528127e-02 -1.525664972845144796e+01
4.285383953528594525e-02 1.370911334063575904e+00
5.099503701605983402e-02 -2.044222006756179866e+01
2.033142615158020639e-01 -1.153777385911137898e+01
4.521600995895236341e-01 -1.019503516014855782e+00
7.943272330098982703e-02 -3.506416422177323966e+01
4.830748197744303557e-02 -1.845052290973280407e+01
4.530454287956375142e-02 -1.438508355487561552e+01
1.630147900435699182e-01 -1.004781851409100923e+01
6.882938360099349895e-02 -1.837041927354128745e+01
4.202042531976458301e-02 1.439063378825669703e+00
0.000000000000000000e+00 -1.588282347238818737e+01
4.116637346198066816e-02 9.644937441101850695e-01
4.160277521977432530e-02 -2.323936133397545589e+01
7.142023344126291473e-02 -1.856312784963115803e+01
6.450355848483511900e-02 -1.308694563093850327e+01
3.648720383722501431e-02 -3.082563744240173875e+00
3.588363504416256650e-02 -1.811653021997353363e+01
5.713126465608302923e-02 -1.529661885309900526e+01
9.174893359616889676e-02 -2.189585557055102782e+01
1.052634490811072410e-01 -1.437848412070017190e+01
0.000000000000000000e+00 -1.963025388719892916e+01
6.151129608056128684e-02 -7.230615913696487596e+00
9.124866959343390371e-02 -2.119010086600428266e+01
0.000000000000000000e+00 -2.700605975835082972e+01
4.536105065341387854e-02 -1.465011513992813441e+01
2.309318015871217877e-01 -1.080722344670749457e+01
6.548939616328322555e-02 -1.264804165001788050e+01
0.000000000000000000e+00 -2.160928263511017278e+01
4.490937447226608231e-02 -1.708227691420982808e+01
8.061978272231298814e-02 -1.585417518533964731e+01
8.046971884244387418e-02 -1.149812128468502337e+01
8.122943052703247846e-02 -1.980086433725514539e+01
3.690951037028065290e-02 -7.175499632176248532e+00
4.468554641848741793e-02 -1.084317964595168071e+01
5.263615555400933538e-02 -1.088541844970295536e+01
4.161270824449152944e-02 -1.922770120265408167e+01
3.912818196343559318e-02 -3.381343249596469480e+00
4.133874833613022937e-02 -3.476980880965692933e+01
5.964390680736009892e-02 -4.616601826071523362e+00
3.807512501251180542e-02 -2.578164157685771940e+01
6.125701174117699488e-02 -1.392820473716035501e+01
5.282329367725151908e-02 -4.426255161368679580e+01
4.517357326087935443e-02 -7.494797811635364404e+00
0.000000000000000000e+00 -2.189394673772711641e+01
3.682723480781038145e-02 -3.240980027535364183e+00
5.844124980985949958e-02 -1.786521991321045633e+01
3.535343873481785332e-02 -1.633645919903868915e+01
3.938800326681535929e-02 -1.143575745593849824e+01
4.090443208006443176e-02 -7.682618812493591243e+00
1.699648566703615693e-01 -3.894955506880418916e+00
3.478845322922631544e-02 -8.492489176533601025e+00
7.833753529986628439e-02 -2.207769193154990006e+01
1.305485906194890078e-01 -4.367493647001460033e+00
3.852848116121813937e-02 -6.769087401262781967e+00
4.107436880587490846e-02 -1.283918630422339113e+01
4.193760333903777393e-02 -2.135745721525084662e+01
8.913453300217874520e-02 -1.145611115898752885e+01
1.070425920311899592e-01 -1.638461980085620340e+01
4.113029360358170378e-02 -1.754884634628687934e+01
5.348673491700643018e-02 -2.064355933619653172e+01
4.673219521318852654e-02 -1.359799812125721452e+01
3.708369572714899365e-02 -3.697829770838816810e+00
4.322159465899977349e-02 -1.056710397561495363e+01
4.279108718106049147e-02 -1.947003042306136678e+01
4.392692063730646579e-02 -1.376159744863887013e+01
2.737582449342415569e-01 -1.161099034757310555e+01
0.000000000000000000e+00 -7.550175769113367963e+00
3.725914001447404311e-02 -1.071772273442340051e+01
4.684670068251621522e-02 -1.580105250529705607e+01
8.051330308499532462e-02 -1.900163237177698861e+01
5.776735186466111505e-02 -1.996689800289867023e+01
5.031797422286411747e-02 -2.819052691155926382e+01
3.811580326801741747e-02 -1.870300462110419337e+00
4.475712236414693124e-02 -1.963650747697264620e+01
0.000000000000000000e+00 -1.227388587514466245e+01
9.000426895269450500e-02 -1.500990349131419599e+01
0.000000000000000000e+00 -2.189394676398777406e+01
4.673219521318854042e-02 -2.170117813390364603e+01
0.000000000000000000e+00 -1.526700068715580016e+01
3.915512712188482652e-02 -2.036278534629778036e+01
6.583503278583022200e-02 -2.538208119572565735e+01
3.297778297547453163e-02 -1.310120226022599610e+01
3.925592734191256372e-02 -7.179279078922672142e+00
3.780629107134261119e-02 -2.691585715835695058e+00
6.240773478703891958e-02 -1.371600704634675871e+01
3.922472925005733579e-02 -8.258580796450967654e+00
4.465264995443583157e-02 -1.723239327294468026e+01
3.866046929698110229e-02 -1.058721328783035354e+01
3.807512501251180542e-02 -2.591538467438693871e+01
4.277205280646224211e-02 -2.027358560307219548e+01
5.910386295062533546e-02 -2.017774460687123295e+01
3.827017845852187516e-02 -2.586533533564769627e+01
3.943040431766293291e-02 -7.742270124999959258e+00
4.706863972903980314e-02 -5.039876670819537274e+00
5.046959351748419448e-02 -1.730106035810380405e+01
6.438857344138165795e-02 -5.971567292508791702e+00
5.629857715328764889e-02 -9.984617516169597806e+00
0.000000000000000000e+00 -3.301100979555617432e+00
7.686355822621712686e-02 -2.804313185676533848e+01
4.133874833613022937e-02 -3.476980880965692933e+01
3.925592734191256372e-02 -7.179279078922672142e+00
4.233114463545895739e-02 -1.429395215028361577e+01
4.947700507287595972e-02 -1.684180249999814905e+01
0.000000000000000000e+00 -1.370010463842796078e+01
0.000000000000000000e+00 -2.189394676398777406e+01
5.449014619145678417e-02 -3.077746218115821364e+01
5.651384910671686940e-02 -7.336737234182904466e+00
3.921976615787688136e-02 -1.375400533179385398e+01
3.850788977706939842e-02 -2.105494671967023557e+00
4.392692063730647273e-02 -2.707108845778872208e+01
3.852848116121813937e-02 -3.545207127160721949e+00
3.919418179612394609e-02 -3.610510799115278502e+01
5.263177234504638063e-02 -1.892567610591801852e+01
4.694210771447238778e-02 -1.732604733892823035e+01
4.161307096027051788e-02 -1.961848678364743392e+01
3.735317530495844279e-02 -1.864047724537583761e+01
3.713000550722195953e-02 -3.693122327446718423e+00
3.958879680748193103e-02 -2.013967674825128995e+01
3.634735481017453002e-02 -1.852594373772544856e+01
4.076748354023095738e-02 -3.678560347810813624e+01
5.757263190940282993e-02 -1.382065349131070597e+01
5.093303172945498614e-02 -1.962118988274686870e+01
5.031797422286412441e-02 -2.489653795888805732e+01
4.657471833369408731e-02 -1.094900147969545579e+01
4.148646138899192426e-02 -8.012821648640247929e+00
4.089333936008190951e-02 -3.515794257552605018e+01
4.661533002809447462e-02 -1.448423360953226080e+01
3.787877680243993683e-02 -3.487928499260505077e+00
3.852848116121813937e-02 -6.769087401262781967e+00
3.735058304686669772e-02 -1.454657787800009494e+01
3.844503450608747347e-02 -6.746221552755249817e+00
5.099503701605983402e-02 -2.044222006756179866e+01
4.295669865265904636e-02 -1.049061648799782098e+01
4.552927297881959740e-02 -2.727795510976964621e+01
1.078648733125801840e-01 -1.691099551218059460e+01
4.119933297081251888e-02 -1.595803561554233951e+01
3.729449919956080023e-02 -1.754444982413771115e+01
4.110536589113437944e-02 -1.487556379686780339e+01
3.874020685132166519e-02 -5.568391136816595477e+00
3.573286673880013420e-02 -3.151044631502450954e+00
3.503071665653557931e-02 -9.210434890123673668e+00
7.383106587475860016e-02 -2.181803041618514527e+01
3.899994416616939241e-02 -1.335748720312979820e+01
4.033704467577685360e-02 -2.770963336212264494e+01
1.241363548756761331e-01 -1.288991822262259035e+01
3.675112683697184801e-02 -1.975803574801096119e+01
3.609089600707417883e-02 -3.086164284540359404e+00
5.515923910488136628e-02 -2.109631071463455498e+01
3.887684091610396631e-02 -3.912875821166388590e+01
4.014860019094451671e-02 -2.036261236023076293e+01
4.584589835737205160e-02 -1.344164278638707444e+01
4.601783778093751498e-02 -2.789596155635860697e+01
0.000000000000000000e+00 -2.078801958288969587e+01
6.728294564685802226e-02 -1.792331595775103992e+01
0.000000000000000000e+00 -2.059052365770040893e+01
5.436122475472873750e-02 -1.966288357842555712e+01
4.023074403383847253e-02 -1.775081042847709512e+01
4.584838653998192515e-02 -1.470855369173860083e+01
3.724932258230231885e-02 -1.759829670280099023e+01
3.705247345195965963e-02 -1.726900061636318284e+01
4.152523915150647948e-02 -3.202263598718898763e+00
4.309203349703064068e-02 -1.909085221726176584e+01
3.122210161398644365e-02 -1.055573634156267815e+01
3.810365487882470814e-02 -5.545069724956480428e+00
3.931161736969253362e-02 -2.113924658621591135e+01
3.416109960933234879e-02 -2.980170279029526981e+01
4.411827187204993284e-02 -1.746793213491349306e+01
9.120096066177665883e-02 -1.813186515399913645e+01
8.236644727277034339e-02 -1.946996000847692088e+01
3.588363504416256650e-02 -1.811653021997353363e+01
3.634735481017452308e-02 -1.822863315838730003e+01
3.190623808754325386e-02 -1.205868969939279545e+01
5.389239196765602258e-02 -4.293564960364041383e+01
3.635177824756433140e-02 -1.677781760907868502e+01
5.265512267414455133e-02 -5.955819059981690700e+00
4.690395497398804764e-02 -9.757574650636362534e+00
4.133959387763554844e-02 -1.773058078562901585e+01
4.336899687049022845e-02 -2.505455354971396886e+01
3.799781621411375820e-02 -3.175910537497380304e+01
0.000000000000000000e+00 -2.842150814262922864e+01
5.384583282283438022e-02 -2.194820327450347008e+01
6.545854147533074208e-02 -2.394697013844318434e+01
3.535343873481784638e-02 -1.689104615643699603e+01
3.861562149705927149e-02 -8.493202778522771723e+00
4.621651954457381417e-02 -1.987721815404943371e+01
3.593748453677541449e-02 -1.959930971522316057e+01
5.277452995854266943e-02 -4.538133816698233858e+01
3.822119911715686491e-02 -1.860322323489074492e+01
3.978455090713041431e-02 -3.360530092755286091e+01
3.725914001447404311e-02 -1.071772273442340051e+01
3.887684091610396631e-02 -3.912875821166388590e+01
4.844750843801617218e-02 -3.198813651526509005e+01
3.941091965291496774e-02 -1.942248925146776983e+01
3.569771821564812764e-02 -3.154247019999832702e+00
5.284916323067056360e-02 -4.483195539339433822e+01
4.336899687049025620e-02 -2.644847981192593167e+01
3.342684765679675152e-02 -2.863170807765848380e+01
3.345334204864904709e-02 -1.333528210021223259e+01
4.360350707430412504e-02 -1.856444490467212916e+01
3.991937535906010803e-02 -3.558348997986705342e+01
4.658899423206645796e-02 -2.781513238655047004e+01
5.524511526243847115e-02 -1.887894850396199686e+01
3.955769930538421270e-02 -1.709825742014556837e+00
3.627866670614699612e-02 -3.722516114163978429e+00
3.535343873481784638e-02 -1.323875161823626456e+01
3.836728401399958771e-02 -1.501836662014419232e+01
3.571371182002565370e-02 -1.816328603228877725e+01
3.735290975401075325e-02 -1.905256627928166679e+01
3.598394293211693712e-02 -4.654364511422731887e+00
4.689618947405919946e-02 -2.709753583387935194e+01
4.165649850070396454e-02 -4.001816977842489820e+01
3.771329552121217843e-02 -1.198350553633536286e+01
3.919418179612394609e-02 -3.497023709059948970e+01
3.917288969528483905e-02 -3.030306181903355167e+01
3.766536918391554661e-02 -1.179496520165129247e+01
5.105341095393535478e-02 -3.221053107932988269e+01
4.392166562864824320e-02 -1.143297994429293318e+01
4.023074403383847947e-02 -1.797299386457115489e+01
3.973959435765805903e-02 -2.168268397488838772e+01
3.581845885786713590e-02 -2.133910063686064973e+01
5.347863717438017250e-02 -3.008377139546850820e+00
4.727378572414891317e-02 -4.396183378460720803e+01
4.115471969182757372e-02 -2.586362711203098286e+01
3.854407210787983568e-02 -2.236732091526934951e+01
3.896113992478473370e-02 -1.430450232033505387e+01
3.609089600707417883e-02 -2.676127703405728475e+00
3.602225264398643129e-02 -4.218630273860771496e+00
8.812431134075866812e-02 -2.818747304937619091e+01
3.250431009023928286e-02 -1.916216363061124417e+00
4.610345187894487884e-02 -2.694402219125948506e+01
4.094361038133807751e-02 -2.375864882161275560e+01
3.607518436708718329e-02 -1.789877886556669750e+01
3.269971882824997816e-02 -1.153856372087545168e+01
4.316524720544068217e-02 -3.209008672102911675e+01
0.000000000000000000e+00 -2.416812304931758693e+00
5.083929272527996229e-02 -2.815083172390057342e+01
8.289167379611725450e-02 -1.838233582015327983e+01
4.606914969393417769e-02 -3.285166124068495463e+01
3.633655609877858850e-02 -2.714782231543104274e+01
3.399813978220751765e-02 -2.284647962315982284e+01
3.535651034380585950e-02 -1.071597944883306397e+01
4.158665717796877770e-02 -4.235234894318767118e+01
6.242721893928718929e-02 -2.846294266175016219e+01
4.556104675303438573e-02 -2.185595141574310318e+01
4.691858254042756415e-02 -2.776776851504575205e+01
4.601713399794852416e-02 -2.727083291738851045e+01
4.161270824449152944e-02 -1.922770120265408167e+01
4.126527740313459813e-02 -1.971620820276007535e+01
8.022274697353247441e-02 -1.981469594117011823e+01
3.503507490881156705e-02 -9.388982266833929557e+00
3.553344693673880089e-02 -1.832034086286135732e+01
4.089333936008190951e-02 -3.515794257552605018e+01
4.118005338234671797e-02 -1.911795443906178704e+01
3.337517153948767884e-02 -2.168813975616129763e+00
3.717692998230025941e-02 -3.752856863030958667e+00
4.294146997955924916e-02 -4.388471448480370896e+01
3.787447860804162014e-02 -1.427445650392905563e+01
4.133874833613022937e-02 -3.476980880965692933e+01
4.133959387763554844e-02 -1.773058078562901585e+01
3.613049157034414066e-02 -1.936514905700298783e+01
3.573272727957572253e-02 -2.688084750136917833e+00
4.014860019094451671e-02 -2.036261236023076293e+01
7.789948248433582745e-02 -2.817175531902786290e+01
5.061191584755329875e-02 -7.399668964472072119e+00
4.135462813764101409e-02 -3.895365393112592756e+01
3.619157775854762310e-02 -1.727435524417685286e+01
4.246215361103031910e-02 -1.015385937434104413e+01
3.931161736969253362e-02 -2.113924658621591135e+01
3.760154730979962945e-02 -1.860212850158739428e+01
3.951591521283593506e-02 -2.567814563875621658e+01
4.338156036530954607e-02 -1.966601194244801221e+01
4.528976927965899790e-02 -1.455963279891658857e+01
3.453162348471100485e-02 -5.763468454383729345e+00
3.643941505579751522e-02 -3.259066358269893104e+00
4.108366084342220115e-02 -3.423652692912260420e+01
8.010554230813309029e-02 -3.007213825369205296e+01
4.290267519837248633e-02 -1.832070739103667734e+01
3.478845322922631544e-02 -8.493882497330304204e+00
3.573363508197396898e-02 -3.153399870087426393e+00
3.782925106465952897e-02 -2.829858997073599269e+01
4.551726007387915662e-02 -1.877529624413699239e+01
4.294429443420895443e-02 -3.554512040307986354e+01
3.640035969563933105e-02 -3.563955820068968272e+00
4.055169629167570955e-02 -1.127088905625641146e+01
3.785803188526058044e-02 -2.323768069302245820e+01
3.932696708987126755e-02 -2.016886792960610819e+01
6.307100040951847675e-02 -2.824830563476494660e+01
3.777061899204441076e-02 -2.834089371941600888e+01
3.744932985602404674e-02 -3.170265433723291171e+00
4.019998950961551493e-02 -2.703725465576541609e+01
4.144971429330492063e-02 -4.209856942858742457e+01
3.855161290509540040e-02 -2.241150822976699430e+01
3.353070489337613147e-02 -1.931751660868338938e+00
3.712267199301100273e-02 -1.962359062342925853e+01
4.609973851993896116e-02 -3.171471693236586376e+01
4.133874833613022937e-02 -3.476980880965692933e+01
4.064967573547648844e-02 -3.523747494095434973e+01
3.668672752299260292e-02 -2.713206222326699901e+01
3.799126534477546141e-02 -3.930517221066809697e+01
5.045556725594624314e-02 -2.428724898387291375e+01
3.605828977898716675e-02 -2.541509695789401135e+01
4.727378572414891317e-02 -4.396183378460720803e+01
4.116774874066266021e-02 -3.602635043246149138e+01
3.254914201886527358e-02 -1.071409013992716019e+01
3.269971882824995735e-02 -9.340728118330684282e+00
4.327088714471228476e-02 -2.628439040488991552e+01
3.417985849271513304e-02 -2.289253054891939598e+01
5.105341095393534090e-02 -3.828697050040513261e+01
3.353070489337611759e-02 -1.620112637532476141e+00
4.250825071608863720e-02 -2.725759849386605183e+01
3.873446434471168598e-02 -2.913835457410509733e+01
4.046282597642450463e-02 -3.517054449793604221e+01
3.705497491640018237e-02 -1.873659501319037801e+01
4.737358681828432450e-02 -4.400141257683649343e+01
3.993435646555924118e-02 -4.205850606802362535e+01
3.413147652202371679e-02 -2.982760062417068525e+01
4.083912142606285767e-02 -2.586636818434335439e+01
4.274478848606898251e-02 -4.619747511146726993e+01
3.524103280363701657e-02 -2.600181500099916221e+01
4.763853273791324172e-02 -4.565778210297168727e+01
4.135462813764101409e-02 -3.895365393112592756e+01
3.278280664608759776e-02 -1.152078178890892168e+01
3.400759830443328413e-02 -2.287087359602655212e+01
3.571146256485011744e-02 -2.609079540506311190e+01
3.513334185069570681e-02 -2.555852896744096991e+00
3.577831541939827803e-02 -3.854638999110463971e+01
8.150660138701233681e-02 -1.582283651648221756e+01
5.277452995854266943e-02 -4.538133816698233858e+01
4.061773618215647891e-02 -1.850407787400501647e+01
4.157182946218651587e-02 -2.217160932013897323e+01
3.393694248595854890e-02 -4.000419213978621436e+00
3.734243061727403334e-02 -1.625098623938339060e+01
3.797335359071286193e-02 -2.214028829067287418e+01
4.559036936389634920e-02 -1.783639398668578835e+01
4.922085011960479484e-02 -2.734273070258947413e+01
3.527387389347897556e-02 -2.688608856798481384e+00
3.618373639183856960e-02 -1.867701210377726539e+01
3.364983475539767843e-02 -1.245823727366778577e+01
4.808713872791230831e-02 -3.193429470798642456e+01
4.520256248084027900e-02 -4.344644261102463645e+01
3.634735481017452308e-02 -1.391601577771053755e+01
3.574102592739304002e-02 -6.171304218289273003e+00
4.147215724467153558e-02 -2.070981611837997605e+01
5.039089481806457993e-02 -4.419599318820649358e+01
3.738627247991547359e-02 -1.717511253752459766e+01
3.622387204248544296e-02 -3.161545960442976622e+01
3.634692212996383509e-02 -1.822880897930118138e+01
4.316524720544066135e-02 -3.372751432358411705e+01
5.105341095393533396e-02 -3.072180951055034726e+01
3.597347653648469423e-02 -1.971076342725310937e+01
3.570270331306388961e-02 -1.816692129931132627e+01
3.951730127855091618e-02 -1.930631257054316308e+01
3.341666574302899761e-02 -2.208179905417178546e+01
3.594411263261155370e-02 -1.820720289547396220e+01
4.141895143030507181e-02 -3.993448625578439959e+01
3.503507490881156705e-02 -9.388982266833929557e+00
5.363491871894256191e-02 -4.316354269630204499e+01
5.479542108167280434e-02 -1.611663101162967138e+01
4.068376312829648234e-02 -3.545975305638168606e+01
3.432131489367175325e-02 -1.927477524104112661e+01
3.964488882797658625e-02 -1.898968663064087536e+01
3.782211078644732993e-02 -3.121025517828834595e+01
4.034923777146244561e-02 -3.692049158712175227e+01
3.888315869365460697e-02 -2.926100792605209477e+01
3.596577756431907497e-02 -5.709702824295604273e+00
4.062863804846197219e-02 -3.673131330545143669e+01
6.789645968719942859e-02 -1.935725965825385586e+01
4.346959619875746111e-02 -3.051199518128315802e+01
3.478845322922631544e-02 -1.034038842719701279e+01
3.535130929729946025e-02 -8.760955761368309780e+00
5.368401123579917555e-02 -4.954503651463794256e+01
4.286312025319413688e-02 -3.730102076995396487e+01
4.159782735733114079e-02 -4.199477445072258064e+01
3.535482766325413057e-02 -1.810490233325381837e+01
3.672750749396758163e-02 -2.197870438090794210e+01
3.885175368079829550e-02 -2.756631595426031822e+01
4.733095715742875742e-02 -4.509730812030192482e+01
5.213820309942363007e-02 -2.763359200434963014e+01
3.655007055946994654e-02 -1.868201646641162128e+01
3.536134651177251509e-02 -1.592141647768809509e+00
4.280965778120479626e-02 -4.385685323813955705e+01
3.787815036362331828e-02 -2.844297842811878141e+01
4.490489042991841623e-02 -2.567560240872573019e+01
4.617338386215993906e-02 -2.274192800162720829e+01
4.405604978964371143e-02 -4.309165206452378527e+01
3.465855430605993548e-02 -1.846236041374492842e+01
3.774288993781867857e-02 -2.827271825077211886e+01
5.277452995854264861e-02 -4.195602412733664011e+01
3.558738758287856990e-02 -1.761658096021644582e+01
3.426820630086672981e-02 -2.031614270208942585e+01
4.146637254238087072e-02 -2.677835978485690660e+01
3.677354915036223221e-02 -2.720397558889544598e+01
3.605828977898716675e-02 -3.148086698789944293e+01
3.337517153948769272e-02 -1.751137250574344773e+00
4.298061616568544380e-02 -3.738298162112333500e+01
3.905887474520532837e-02 -3.350504519300748996e+01
3.262538349330144916e-02 -1.273061447931020673e+01
3.411307912760252331e-02 -7.737173968495529408e+00
3.250431009023928286e-02 -1.916216363061124417e+00
4.019998950961551493e-02 -2.538232763898224320e+01
4.152080485167197049e-02 -3.698697839069431836e+01
3.914933189448545348e-02 -3.624414074905745053e+01
4.857314617520572947e-02 -3.060902596014282651e+01
4.803041542181365336e-02 -4.383436732210102349e+01
3.723362321048922369e-02 -4.225597443414559962e+01
3.385796557717902361e-02 -2.826655542123352305e+01
3.777289449217564182e-02 -2.712871526214005868e+01
4.235131945123724040e-02 -4.291025685903712628e+01
8.385435050572895288e-02 -4.696095930631556570e+01
3.554199902259016358e-02 -1.877531635839021362e+01
3.357201590095718752e-02 -2.900867134908458667e+01
5.027977669124866072e-02 -4.367035113928024970e+01
4.805060105723262670e-02 -2.858056874898775845e+01
6.191038278973273745e-02 -1.881123614289830659e+00
3.335324050294691950e-02 -1.834404851999830299e+01
3.271248210603384249e-02 -2.403048396546285304e+01
4.154591961189203070e-02 -5.489546870282460844e+01
5.097849734637620311e-02 -2.873017305535052657e+01
3.644872000309011539e-02 -1.217212061375086485e+01
3.402132253628701447e-02 -2.076036862222827750e+01
3.260614263540052848e-02 -2.887220577379628139e+01
3.489546881168334447e-02 -1.346035175576118803e+01
5.195160034044241787e-02 -4.388518743193145610e+01
3.616189043891755717e-02 -2.551866214302487279e+01
3.663321321281984982e-02 -2.259067194226809150e+01
3.420553753360749960e-02 -1.588766628177726403e+01
3.820313969561510425e-02 -2.964383672523463886e+01
5.703004685286523767e-02 -3.683690118740559427e+01
3.581845885786713590e-02 -2.196317250420312206e+01
3.265242520879270416e-02 -9.106466692482637626e+00
3.605828977898718757e-02 -2.499671114022100937e+01
4.000652406893478313e-02 -2.414427160251164040e+01
3.797214439577022149e-02 -3.178064783805503168e+01
3.784081519179179065e-02 -2.828994120440660609e+01
3.153804105986360989e-02 -1.306334139909714231e+01
3.577831541939827109e-02 -2.979360051137309284e+01
3.967888292791366817e-02 -3.369524393636658033e+01
3.635941648571752033e-02 -3.561556822750218032e+01
3.597347653648469423e-02 -1.783289226497684155e+01
5.105341095393534090e-02 -3.828697050040513261e+01
3.314295785743430478e-02 -2.735761022146916233e+01
4.202357091012608875e-02 -4.241680685460305966e+01
5.014780934938505019e-02 -4.489999201375567850e+01
4.423075977813813869e-02 -4.301643079229937427e+01
3.978455090713040737e-02 -3.156113296133496959e+01
3.364983475539769231e-02 -1.208398533446053769e+01
3.213224268288313729e-02 -1.910553347842363081e+00
3.778376605778886038e-02 -1.925042223713427347e+01
3.680089048581983852e-02 -1.944137527050756020e+01
3.614149665160360653e-02 -1.099762215237198149e+01
3.701017368187792256e-02 -2.273463252551374580e+01
3.269971882824995735e-02 -9.340728118330684282e+00
3.417711072740133027e-02 -1.189704051350346603e+01
3.278293221666740698e-02 -1.152077105991561368e+01
3.544180341265821405e-02 -2.052138089987985836e+01
4.068376312829648234e-02 -3.545975305638168606e+01
3.867684951401165194e-02 -2.123016487291218013e+01
4.015881121770347589e-02 -3.676049605829607003e+01
3.702511638282465073e-02 -2.309469718508099234e+01
4.942974670547955335e-02 -2.374397959179698248e+01
3.921369740514009383e-02 -3.928937440944763182e+01
4.865233634606746377e-02 -6.870161895766251359e-01
3.304393992687302412e-02 -2.220957125567436208e+01
4.338374693299913709e-02 -4.254682541137440666e+01
3.753327193177385251e-02 -2.497408517868180411e+01
3.896568237001325763e-02 -3.359223205505547583e+01
3.888458547126535242e-02 -2.926432292478173380e+01
3.732239781258810812e-02 -1.349405094693718254e+01
3.915408357770310682e-02 -2.826834385377169312e+01
3.856563300479521478e-02 -2.871355016874005983e+01
6.007059634787662722e-02 -5.859706476377658291e+00
7.639024004830304027e-02 -2.484046976368050608e+01
4.055753159733557767e-02 -4.598582312176478837e+01
4.263971552103674317e-02 -4.236061142110654743e+01
3.787801524662166158e-02 -2.844069384459793781e+01
3.782895812594586765e-02 -2.729370624025926162e+01
3.542572580015089512e-02 -3.937476098873266750e+01
3.231229824507209775e-02 -9.381787320571456590e+00
3.940054383671088428e-02 -4.197976290629917884e+01
3.548252005652600960e-02 -2.119924189927617064e+01
4.159804379941484109e-02 -4.153440983306899881e+01
4.763853273791323478e-02 -4.591808370577824405e+01
3.477128390705324507e-02 -1.034178765525866162e+01
4.049213463019040588e-02 -2.683300321436937352e+01
4.954326555289920164e-02 -3.834946045395937375e+01
3.994135307940673008e-02 -3.806838191584118647e+01
3.323334693000645768e-02 -2.213229336546826076e+01
3.403581070144469367e-02 -2.285179840548198271e+01
4.789672061773100203e-02 -2.353782057097488334e+01
3.832009024397021318e-02 -4.251995088754701868e+01
3.341666574302899761e-02 -2.208179905417178546e+01
3.361991517483287756e-02 -2.194828183188600335e+01
4.488354287861794079e-02 -4.001139084241231103e+01
3.367812577996589368e-02 -9.987522027707884220e+00
4.137020737230513723e-02 -4.208459136434955639e+01
3.263620511542376923e-02 -1.154416165646948400e+01
3.550768806100389891e-02 -2.910121341306091480e+01
4.763225874298484402e-02 -4.560254081643112301e+01
3.951932873537400415e-02 -3.712430039318964958e+01
3.099918363427256116e-02 -1.906118110628143514e+00
3.766534072408228573e-02 -4.653139385171736109e+01
5.143934736153374376e-02 -3.784139119598961543e+01
3.304393992687302412e-02 -2.040982057213425449e+01
3.260544939628687994e-02 -1.200815160326160580e+01
3.881271434480667443e-02 -4.467831639285327583e+01
6.979023225240935102e-02 -1.766024526222206248e+01
3.292912837137732668e-02 -1.155358640656601921e+01
4.282389939524211542e-02 -1.776296471361781704e+00
3.945199419252248818e-02 -3.611049773984757394e+01
4.663792965402685509e-02 -2.026866686682284069e+01
3.492472239216283525e-02 -3.263842800455825000e+01
4.306076216604071832e-02 -4.122539753446019262e+01
3.917821953022420506e-02 -3.930655255826315653e+01
4.094252451216880834e-02 -4.187591749794810170e+01
4.169413351384933936e-02 -5.567495563501218925e+01
3.572782332704708963e-02 -2.379860756415754963e+01
4.154591961189203070e-02 -5.489546870282460844e+01
3.181254700346386466e-02 -8.159734738059327697e+00
3.289903786912601324e-02 -2.809776355251656810e+01
3.261417636625229405e-02 -2.213232719030191120e+01
5.069515567818839996e-02 -3.570770796077882636e+01
3.998877614583039308e-02 -3.802323423618074116e+01
4.213142223819627691e-02 -3.627151267797363232e+01
3.593837840995610378e-02 -2.719063924057898518e+01
4.024301899183319042e-02 -3.878099598378655344e+01
3.886199668017474573e-02 -3.363101133974901558e+01
3.740893985279827166e-02 -1.337757884151854881e+01
4.163712863051707153e-02 -3.267723011809895439e+01
4.473607413838590063e-02 -4.292419346988251760e+01
3.269971882824997816e-02 -1.153856372087545168e+01
3.914446776919803389e-02 -4.024517948037917847e+01
7.249870861878569828e-02 -8.008205254392908756e+00
3.365198975050635866e-02 -2.933766025357265406e+01
3.385796557717902361e-02 -2.826655542123352305e+01
3.153804105986360296e-02 -2.363210528613098305e+01
4.139233951121115695e-02 -2.174976601201084492e+01
3.441474538840082198e-02 -1.327706039379785175e+01
3.924235511944826338e-02 -1.124043105174467527e+01
3.859530362434007017e-02 -3.835193552620708601e+01
4.175320973761535021e-02 -4.143235811584961681e+01
3.401277381657434595e-02 -2.489923309938519225e+01
4.772560622178008416e-02 -4.310707479119141539e+01
3.268700513081806286e-02 -2.377481576756808224e+01
3.337144624120759462e-02 -1.929744241365155766e+00
4.911451045490692474e-02 -4.473916455659648506e+01
4.361098129603667439e-02 -4.252728841247265024e+01
4.127301266065316887e-02 -3.881619590045907842e+01
3.344357093662461006e-02 -1.294484757773250649e+01
3.919290096464002338e-02 -4.265186951920254899e+01
3.393324984969278701e-02 -2.379307487531104925e+01
5.368401123579915474e-02 -4.062658383787597671e+01
3.734406197298006241e-02 -2.162841430674308540e+01
4.232427292931422586e-02 -3.721973928620837313e+01
4.541129509615785681e-02 -4.724840572388673365e+01
4.091178498069168723e-02 -4.272292731116240816e+01
4.006291336014113774e-02 -3.539434190364225685e+01
3.972631427243489277e-02 -3.878801542007411030e+01
3.481603498574792344e-02 -2.246994751244823973e+01
3.841144781889697241e-02 -4.095444614493596447e+01
5.167083483601125210e-02 -4.480466130631364052e+01
4.282026107238749019e-02 -4.261554892371526648e+01
3.357201590095718752e-02 -2.906289740630357343e+01
3.270269863532275501e-02 -2.243920857702257621e+01
4.784110655516608801e-02 -4.912307642267305141e+01
3.544192243828032940e-02 -2.622391215113721330e+01
3.726081299366098415e-02 -2.889549522090094769e+01
3.800763035762124570e-02 -3.205293799016385492e+01
4.159782735733114079e-02 -4.163090818663700787e+01
3.406537297354464422e-02 -1.823080580593757816e+01
3.748606498003431708e-02 -2.819156942792817233e+01
4.214142613842221385e-02 -3.625508801732011221e+01
3.463868797157799995e-02 -2.260606641637777869e+01
3.732104629942190055e-02 -4.388236700804707624e+01
4.933641286576186807e-02 -3.159087685366265319e+01
3.896764124900588266e-02 -3.630778056310729340e+01
4.404172607113067406e-02 -4.264940057731598699e+01
3.993435646555924118e-02 -4.133439775579042674e+01
4.154591961189203070e-02 -5.545753336005625300e+01
4.919203847261668927e-02 -3.613291601570374922e+01
4.743281015601073097e-02 -2.551239894595292412e+01
4.129450998013192708e-02 -4.988450846795048221e+01
4.733128407506607960e-02 -3.854553981261947371e+01
3.435217227364744524e-02 -3.091335692810921998e+01
3.341666574302899761e-02 -2.504779413173742242e+01
3.282127251476768537e-02 -1.478043160163054104e+01
4.865868492311329480e-02 -3.092397838144200151e+01
4.372123681273624302e-02 -2.886961164172480920e+01
3.801229070114549302e-02 -4.824957895974632294e+01
4.326045000873411650e-02 -4.082959312601884960e+01
3.310399738532258246e-02 -2.830695953774166540e+01
4.256256189691267483e-02 -3.689782522816194898e+01
3.304393992687301718e-02 -2.162899808456082340e+01
4.554383996533759721e-02 -2.499028045765989603e+01
3.303036184405165610e-02 -3.184237292199468428e+01
3.393212239030287541e-02 -2.999981233933290525e+01
4.594154551444876167e-02 -4.067658445233901432e+01
3.302842058476917336e-02 -1.334684759581964109e+01
3.279406060041901300e-02 -2.128844041618287974e+01
4.492740386517022483e-02 -4.960520756720967483e+01
3.220737586906782107e-02 -1.532855227216656324e+01
3.635941648571752033e-02 -2.973370887589230804e+01
3.622387204248544296e-02 -3.191670160890034680e+01
3.756280500936561711e-02 -3.133059277628797545e+01
3.635982210009362781e-02 -2.283536158302757713e+01
3.623107816768621203e-02 -3.062665257390934315e+01
4.726716093254415552e-02 -4.393719971068211549e+01
3.082114862561970148e-02 -1.917138643798111941e+00
4.954960999151922230e-02 -4.200353950113365897e+01
3.298700872715822074e-02 -2.853280343049501511e+01
3.388418976212884820e-02 -2.824462079652075275e+01
3.357201590095718752e-02 -2.906289740630357343e+01
3.733270613079862216e-02 -2.781606687284349633e+01
4.824197145359231109e-02 -5.118500591258159460e+01
3.811471351534167357e-02 -3.577960906476533154e+01
4.398728671257157857e-02 -4.020530144013394391e+01
4.045483601894091924e-02 -3.741609838192842119e+01
4.443895625565503354e-02 -3.205777092917726634e+01
3.869639035990664333e-02 -4.554183788330811922e+01
3.915715785574735985e-02 -4.467281068347065087e+01
3.323580226197701826e-02 -2.938573401847829203e+01
3.723362321048922369e-02 -5.381864711176011440e+01
4.894469192326602464e-02 -3.973269240989290552e+01
3.915447507830207424e-02 -3.244936016435791259e+01
6.262588656370850215e-02 -2.007005591119879639e+01
4.428438131820514045e-02 -5.760646504814022251e+01
4.089663042608767535e-02 -2.106012535902878824e+01
3.416109960933234879e-02 -3.048510616014833374e+01
4.763853273791323478e-02 -3.879595945209822361e+01
3.601468289046431959e-02 -3.389899826484360545e+01
3.841144781889697241e-02 -3.807985144852268178e+01
4.922461143048401794e-02 -1.970492940263202541e+01
3.830210065019968441e-02 -4.121844215812097190e+01
4.117401027884253634e-02 -4.192836520136948053e+01
3.905907690894280110e-02 -4.016977057803244122e+01
3.524103280363701657e-02 -2.751148187419217095e+01
3.413147652202371679e-02 -3.153881261034014827e+01
3.867446589782574939e-02 -2.409263733758773540e+01
4.572125548549852564e-02 -3.854917952688716554e+01
3.360084186279983093e-02 -2.903794504967417467e+01
3.379166144259844462e-02 -2.823190933678770520e+01
3.536858457500737657e-02 -2.761743209922316211e+01
3.489194882989590796e-02 -9.807655250598621421e+00
4.710379882534323354e-02 -4.844530873998836284e+01
3.774815726833050111e-02 -2.805919017154798567e+01
4.158665717796877770e-02 -4.235234894318767118e+01
4.158665717796877770e-02 -4.205853802764640648e+01
3.948758739740120677e-02 -3.948692922053977128e+01
3.469565654372239877e-02 -2.649304997763395519e+01
3.379486784934795235e-02 -1.723341915737232455e+01
3.187596877416857405e-02 -1.517586326776691052e+01
4.224464236478463891e-02 -4.604734742488788157e+01
3.770558442655093379e-02 -2.334993727255110940e+01
3.585158315254535766e-02 -4.417912699094313211e+01
4.047718514948719926e-02 -4.313801503069247190e+01
3.794854699938544212e-02 -5.496556257789288225e+01
4.177190018505472918e-02 -4.025876500921032886e+01
3.270269863532275501e-02 -2.228169888079185768e+01
3.681481230894841084e-02 -1.993026530996395707e+01
3.817263201904034370e-02 -3.210122554076942691e+01
4.337426620944909161e-02 -1.150856625259553212e+01
4.272839521849863126e-02 -3.167576819318082215e+01
3.861068886926020266e-02 -5.063624534528693033e+01
3.800763035762124570e-02 -3.205293799016385492e+01
3.262538349330144916e-02 -1.273061447931020673e+01
3.681472407964934968e-02 -3.854669654356396080e+01
4.154816502215455398e-02 -4.489592264243908204e+01
3.297739315679851929e-02 -2.889271710990946573e+01
3.887684091610396631e-02 -3.912875821166388590e+01
4.970494048080319194e-02 -4.668510883271682843e+01
3.347065640503631145e-02 -1.635551871403519186e+01
4.806241489982476800e-02 -4.530103153803629823e+01
3.305968492521257907e-02 -1.069531146999723958e+01
4.147866896153126065e-02 -4.592034998815978497e+01
3.908635096394717096e-02 -1.230548805595819850e+01
4.737358681828433143e-02 -5.082559605389517543e+01
4.198125389709736477e-02 -3.774587388377190678e+01
3.190623808754323304e-02 -1.290028324335463772e+01
3.356646354729603959e-02 -2.646520313396006685e+01
3.484553199426716069e-02 -1.836606575614974801e+01
3.164127024630528084e-02 -1.507329382810730323e+01
3.259745233180114804e-02 -2.887990467305694153e+01
3.369968345138923266e-02 -2.925838121787778690e+01
4.630951019336448926e-02 -4.607929584995230954e+01
4.049065063371941331e-02 -3.831496647254746790e+01
3.837854146234690594e-02 -2.865899071205282667e+01
3.494100188468577534e-02 -2.738759554725524126e+01
3.861891719659889949e-02 -4.086295237136555158e+01
7.067056305223266832e-02 -4.473506361202272785e+01
3.495543470367932365e-02 -2.544592416791648759e+01
3.123348848489573490e-02 -1.055187835741507385e+01
4.828451761488914556e-02 -2.135449144968176061e+00
3.554520527991576750e-02 -3.131843852643912385e+01
5.442532604696490028e-02 -5.490276070389517571e+01
3.856755703399953467e-02 -4.267275861381256163e+01
3.260614263540052848e-02 -2.887220577379628139e+01
3.099918363427256116e-02 -1.906118110628143514e+00
3.744227801620834961e-02 -4.965345038569676461e+01
3.239467734967601403e-02 -1.845961377318247898e+01
4.024517489423470179e-02 -5.489666633647490812e+01
3.730385044355628149e-02 -4.144324743038848169e+01
3.635941269731562259e-02 -4.238781474123988602e+01
3.223743146887964039e-02 -1.350130444491135151e+01
3.360214844618665542e-02 -2.903681500715871877e+01
3.298582546724843773e-02 -2.762967490347422483e+01
3.270226251152666408e-02 -2.260713815297518892e+01
4.055646044509857856e-02 -5.452749618066788884e+01
3.436118279585480967e-02 -3.368423371415712353e+01
3.415189451997942272e-02 -2.900869846204364322e+01
4.154591961189203070e-02 -5.489546870282460844e+01
3.622387204248544296e-02 -3.161545960442976622e+01
3.729797882969592554e-02 -4.376225681032963166e+01
3.867223763912078227e-02 -4.557030232434472339e+01
3.798417580959471268e-02 -4.234692773094847951e+01
3.590160333355096878e-02 -2.882363064017202348e+01
5.042959990317957830e-02 -4.456767138040991227e+01
4.074381522487930535e-02 -1.137465404187233631e+01
3.743479904529308649e-02 -3.912344217803170210e+01
3.495371503901840288e-02 -3.097110718326937118e+01
3.340401557929618959e-02 -2.865129285252607261e+01
3.297062859674335100e-02 -2.824319895742964093e+01
3.805032071128088000e-02 -3.577393983269214317e+01
4.154022650321222837e-02 -4.939392080182787481e+01
4.116804265281083508e-02 -5.003822460727018040e+01
3.190623808754325386e-02 -1.205868969939279545e+01
3.700423597578808566e-02 -5.392964364039772818e+01
3.187596877416858793e-02 -1.261324010919165950e+01
4.148913030416004344e-02 -4.597134722317844790e+01
3.895262610437501966e-02 -3.790805582660023987e+01
3.577831541939827109e-02 -3.867061589928690069e+01
3.594982745240302840e-02 -1.124193268639150922e+01
3.622387204248544296e-02 -3.191670160890034680e+01
3.252127133336252252e-02 -2.970765600406706497e+01
3.551227341815116345e-02 -2.910450770750622951e+01
4.168067506946956935e-02 -5.566956012165568524e+01
3.385796557717901667e-02 -2.404908493982636841e+01
4.541129509615785681e-02 -4.724840572388673365e+01
3.902001568840588602e-02 -3.322106635403610397e+01
3.393212239030287541e-02 -2.655403372337707069e+01
3.416109960933235573e-02 -2.143695771221816671e+01
3.323580226197701826e-02 -2.908300901336470545e+01
3.818337958336429083e-02 -4.384725826793691539e+01
3.771395494434084256e-02 -2.496880307308206426e+01
3.168129527598764067e-02 -2.082047009328538323e+01
3.298269321893314981e-02 -2.664212534455966264e+01
3.803895133249496352e-02 -3.849887732907335902e+01
3.627020646150027477e-02 -3.419660872894000647e+01
4.784110655516608801e-02 -4.912307642267305141e+01
3.841144781889697241e-02 -3.807985144852268178e+01
3.940322982560640758e-02 -3.741866138852889634e+01
3.592260251963233508e-02 -4.456336908234428051e+01
4.154591961189203070e-02 -5.489546870282460844e+01
4.431680345620699069e-02 -5.776444254211308049e+01
3.956041728240584227e-02 -4.742838865734343301e+01
3.181254700346386466e-02 -8.159734738059327697e+00
3.416109960933234879e-02 -2.980170279029526981e+01
3.357201590095718752e-02 -2.900867134908458667e+01
3.858130151613697184e-02 -3.786709930267914359e+01
3.390838176320203068e-02 -2.997352901295741745e+01
3.915220671373784850e-02 -4.350769995961836401e+01
3.355255615498194816e-02 -3.161371519093032134e+01
3.701536353144246200e-02 -7.815242574697722766e+00
3.096063899655956270e-02 -8.767311913785643895e+00
4.580877808347862123e-02 -4.350955898874723005e+01
3.535881342112778131e-02 -3.818905898927518905e+01
3.126098264598919929e-02 -2.944228041030561016e+00
3.217385651703962013e-02 -6.725439170408224143e+00
3.863887829463185514e-02 -4.987770261904054081e+01
3.905907690894280110e-02 -3.894858264410866155e+01
4.078108026977752404e-02 -4.262339003140291283e+01
3.442302804775439207e-02 -3.013491899744345304e+01
4.306387710690134235e-02 -1.263189659170899404e+01
3.379388301591754185e-02 -2.655620352079240831e+01
4.154591961189203070e-02 -5.553546305276549333e+01
3.268867415338896215e-02 -2.397335780994780308e+01
3.896307232679582094e-02 -1.286562158988575177e+01
3.575320725991851245e-02 -2.090316974674857065e+01
4.698796264783223348e-02 -5.125512940225386416e+01
3.562951253148756436e-02 -2.939596846593061485e+01
4.389817702608832944e-02 -4.862135343892702366e+01
5.482582040450357380e-02 -3.979202054143947720e+01
3.228392885469189011e-02 -9.237972528747562251e+00
3.420240369831088756e-02 -3.069912899984640120e+01
4.209225035936294684e-02 -4.937048811839013496e+01
3.595471085638553971e-02 -3.101985426156412373e+01
3.668062792199646566e-02 -5.055406279243427292e+01
3.473785458342058818e-02 -2.972490321303117611e+01
3.585158315254535766e-02 -4.401813653302950513e+01
3.320664070012661201e-02 -3.230985071551344134e+01
3.569885431616633825e-02 -4.159757792933263687e+01
3.306830070671746419e-02 -2.705175375772141066e+01
4.154591961189203070e-02 -5.545753336005625300e+01
3.131542613807198477e-02 -2.940938558057394570e+00
3.634797963234773222e-02 -4.143139152883722431e+01
5.291736579378961830e-02 -2.137065373117751577e+01
3.259861295710732992e-02 -2.887887622140807409e+01
4.330217756991228822e-02 -7.596033745032144679e+00
4.051435365236012026e-02 -1.702512646966854604e+01
3.718561066820570693e-02 -4.181091002734646622e+01
3.227858266230825696e-02 -1.533553918606257049e+01
3.193878309612047800e-02 -1.217000355781393495e+01
3.227431665921787207e-02 -2.469009498971617589e+01
3.435067509075936942e-02 -3.094407513845153446e+01
3.510060741574554111e-02 -3.101864812675654548e+01
3.123932484216531205e-02 -1.517807361328996762e+01
3.978572939462580310e-02 -4.036141125770893012e+01
3.590924936653698551e-02 -3.873893157536556942e+01
4.018965277273734565e-02 -5.243764999712109187e+01
3.096063899655956270e-02 -7.803962724019978481e+00
3.556529466732127887e-02 -3.769415170156889161e+01
3.181254700346386466e-02 -8.159734738059327697e+00
3.745591226597688034e-02 -2.945345681037893826e+01
3.809519757950374785e-02 -3.648406701797286189e+01
5.325648346107121622e-02 -5.170045295439091149e+01
3.928910609425200623e-02 -4.018926715891732471e+01
3.741014472220250547e-02 -5.481804697332845677e+01
4.149472975568688216e-02 -5.558413596767019982e+01
5.414304008567445009e-02 -5.380308689028627356e+01
3.967417216866196694e-02 -6.229685606197665315e+00
3.333641629701562109e-02 -3.124481378259850572e+01
3.801716240463989815e-02 -4.919961459361734768e+01
3.723818659860901603e-02 -4.693723028663824692e+01
3.738585484405714671e-02 -3.969946363085372099e+01
3.303505420004274051e-02 -3.259866331062759315e+01
3.123348848489573490e-02 -1.055187835741507385e+01
3.166816513194156690e-02 -1.268408357279009735e+01
4.309770856721652221e-02 -5.361665990205866450e+01
3.298700872715822074e-02 -2.853280343049501511e+01
3.456066490260633478e-02 -1.291090844120185110e+01
5.521904052863141343e-02 -5.512516461578492510e+01
3.338802672314704345e-02 -2.922110251814315163e+01
3.796779891726027173e-02 -4.123863114956618148e+01
3.413609756536758327e-02 -2.740654712994432174e+01
4.627802739708845176e-02 -5.156625459624132901e+01
3.885265696733072871e-02 -3.433419294938143906e+01
3.167908968289284005e-02 -2.139553395763042332e+01
3.197085674958706492e-02 -2.017918179318750660e+01
3.837262004580807573e-02 -5.359373876508685441e+01
4.434249906646839379e-02 -4.835928605144450643e+01
3.822035368406334621e-02 -4.829490362750397736e+01
3.964726269777101714e-02 -3.059517411913774865e+01
3.585158315254534378e-02 -3.975081272345142480e+01
3.542572580015089512e-02 -3.883656153287463297e+01
3.633117419834589606e-02 -4.249873801299406040e+01
3.296530762948197968e-02 -2.325811395610496035e+01
3.264778300621801882e-02 -2.588891406963643860e+01
4.199835142498432178e-02 -5.317325816389796245e+01
3.305105207778796794e-02 -2.800649885323734267e+01
3.137352125412769949e-02 -1.517652217858845631e+01
3.287600074802235484e-02 -2.812611544085181237e+01
3.772977157382152030e-02 -4.802885422379520008e+01
3.171816830346738114e-02 -1.526835553353857833e+01
3.271150088939702577e-02 -2.557147797283942836e+01
3.812037941819075570e-02 -1.756292089720952632e+01
4.400106573916708758e-02 -4.249232686107986012e+01
3.912452489727692717e-02 -5.099568450979360534e+01
3.181466414592031000e-02 -1.424854023397371527e+01
3.186223547381289434e-02 -1.598776189036694539e+01
3.851524842859388453e-02 -4.467752628876090881e+01
4.575323759065063473e-02 -2.690249964772815261e+01
4.885945151647717866e-02 -1.154337350490665592e+01
3.139390577714312042e-02 -1.833856413979316002e+01
3.553638646278209356e-02 -2.344914476070837495e+01
4.168067506946956935e-02 -5.566956012165568524e+01
3.297062859674335100e-02 -2.824319895742964093e+01
3.488652934394929905e-02 -3.110487543534067711e+01
3.698737339486841968e-02 -5.394935505985343838e+01
3.357201590095719446e-02 -2.540799843087014764e+01
3.240287437399587411e-02 -1.041060552064139166e+01
4.221146631195388937e-02 -5.717475175139800569e+01
5.388614879150962350e-02 -5.212428216272343917e+01
4.094548768776140601e-02 -5.822790215415840720e+01
4.172496984963373207e-02 -5.496539782978904753e+01
3.200514702785912241e-02 -1.048618012669932931e+01
4.826238712042877493e-02 -5.140418072209557465e+01
3.382940138026197668e-02 -3.088155138516879816e+01
3.388775904582667919e-02 -2.999204537690044958e+01
3.227847258683045478e-02 -1.940250319601755180e+01
4.190963521802347491e-02 -5.708138080331352882e+01
3.390537324355139687e-02 -2.498066727000630038e+01
3.185201636605874270e-02 -1.675992680117585110e+01
3.220097657690067922e-02 -1.925419210931795533e+01
4.176041888924410250e-02 -5.513821314335419288e+01
4.149304313793304028e-02 -5.516189505184615172e+01
3.427373721891409375e-02 -3.057384203277110046e+01
4.461980575186329234e-02 -6.106538939930714349e+01
4.382794761986894688e-02 -4.899806254117969218e+01
5.601763326013532024e-02 -4.747710324191960041e+01
3.593651140044135106e-02 -3.793071148007617666e+01
3.912452489727692717e-02 -5.099568450979360534e+01
4.024517489423470179e-02 -5.489666633647490812e+01
3.648270322316136266e-02 -4.251611306608436536e+01
3.167385206710614243e-02 -1.528601358033105839e+01
4.354609169409430491e-02 -5.747497413992929438e+01
3.105048343254158960e-02 -1.287841669249105436e+01
3.917037552996090188e-02 -3.365418688495694965e+01
3.168532591034111529e-02 -2.081782082468376771e+01
4.095832065375919206e-02 -5.265926798571241818e+01
3.920057756868718102e-02 -3.558313602777826645e+01
3.598721366340593142e-02 -2.130785567912601763e+01
3.085789755353512617e-02 -1.979424578765581089e+01
4.171355941023965896e-02 -5.711093172110194160e+01
3.536419012980278331e-02 -3.811346170315901816e+01
4.113528461675993592e-02 -5.276756377818659871e+01
3.736569486844958793e-02 -4.834249172834995534e+01
3.149661670574511324e-02 -1.151669137053846903e+01
3.250304070010195945e-02 -2.853897099623565481e+01
4.194524061289856692e-02 -5.551417937837917549e+01
4.025649928937758554e-02 -5.495346058033383230e+01
3.652437439101816757e-02 -3.997667224269102348e+01
3.985275175642741252e-02 -5.182539979051851020e+01
3.592260251963233508e-02 -4.456336908234428051e+01
3.082114862561970148e-02 -1.917138643798111941e+00
3.558569422718987213e-02 -3.383372873148029214e+01
3.844298623501420792e-02 -5.394380324335867272e+01
3.491715288030450975e-02 -3.111490966402446645e+01
3.597284259856164262e-02 -4.618666397983425753e+01
4.154591961189203070e-02 -5.560847822020688369e+01
3.167908968289283311e-02 -1.957640280731151705e+01
4.269824862005192068e-02 -7.770403669248160838e+00
3.460474555471364233e-02 -1.280339306709966429e+01
3.633117419834588913e-02 -4.984137926045025324e+01
3.166816513194154609e-02 -1.049596286714376170e+01
3.697005141530840949e-02 -5.470255535769579325e+01
4.053309690992642350e-02 -2.274455445496363737e+01
4.483363775813718061e-02 -3.213771803532189164e+00
4.060167372971958816e-02 -3.459660808643342733e+01
4.046511644984786965e-02 -5.573733146474759792e+01
3.609980835274863992e-02 -3.877853093997842393e+01
3.961530850661566794e-02 -3.029029556180120508e+01
3.470568414172273825e-02 -2.149551340491183637e+01
5.156089203767410395e-02 -1.380790837168522067e+01
3.861068886926019572e-02 -5.060020963700075924e+01
3.956715243039371499e-02 -3.918711202944454897e+01
4.270848963442200330e-02 -2.042618027420912341e+01
3.691987973851697941e-02 -4.708212267295426301e+01
3.755314648198999905e-02 -5.381766714757779368e+01
3.216124229881749119e-02 -2.700851764271913424e+01
3.697603085600120049e-02 -4.010860583046175520e+01
5.091210833457918833e-02 -4.947966113579989411e+01
4.016285252008993528e-02 -4.494050657744111987e+01
3.319192509659652651e-02 -1.806580926221570849e+01
3.302786047216614562e-02 -3.165528125108622604e+01
4.094548768776140601e-02 -5.822790215415840720e+01
4.094548768776139908e-02 -5.830109508605550417e+01
3.688746487506085886e-02 -3.422048688084361601e+01
4.098011518497773203e-02 -5.830918010557292064e+01
4.127950698252191158e-02 -2.668555403904392875e+01
3.773744545577108894e-02 -5.510913502889744819e+01
4.322550432798646924e-02 -3.882710608621927406e+01
3.867283438659578632e-02 -3.790245348531916392e+01
3.553104214915424330e-02 -3.226456888997136474e+01
3.646977173337254824e-02 -3.663753552916020340e+01
3.719331208999689803e-02 -4.910566411045127211e+01
3.157415767349482788e-02 -8.695533969520646167e+00
3.768627267696463695e-02 -4.093545447157382000e+01
3.472270292100367722e-02 -2.382029048734456111e+01
3.404116738927438074e-02 -3.162256719808745942e+01
4.123586532440581820e-02 -3.989436752520104079e+01
3.168087667333346208e-02 -1.432015026173129080e+01
4.255856999042618299e-02 -5.361201692534326924e+01
3.573835161447642267e-02 -3.639471957227558363e+01
3.198280971718434063e-02 -3.524056180561502938e+00
4.149472975568688216e-02 -5.558413596767019982e+01
3.181254700346386466e-02 -8.159734738059327697e+00
3.849675053885726062e-02 -4.729853864519306228e+01
3.161196201559669100e-02 -1.987614685193153008e+01
4.298313088831331313e-02 -5.331791675374806516e+01
5.298527758685894762e-02 -4.403873345325302324e+01
4.154591961189201682e-02 -5.629224042285675722e+01
4.443111166761135739e-02 -5.689862141535411411e+01
3.704179126022673352e-02 -5.462292357539462273e+01
4.140375728259815258e-02 -5.125608058221772012e+01
4.149304313793304028e-02 -5.516189505184615172e+01
3.642799354593864725e-02 -4.134032276564975916e+01
3.212296522394125775e-02 -1.862430921364630265e+01
3.320365658820319948e-02 -2.965716130910409376e+01
3.661805371524212011e-02 -2.730010568678013883e+01
3.830984333377793205e-02 -5.553599735998130882e+01
3.669147708986220807e-02 -5.559605328762953746e+01
3.628387390372976584e-02 -5.381554625481921761e+01
4.486991547211355985e-02 -5.644373946181103463e+01
3.796210555706502898e-02 -5.052509779532443446e+01
3.684633828372946285e-02 -2.624816404955999971e+01
3.379676683101156404e-02 -1.043133570531046672e+01
3.594153894085940631e-02 -2.020081376611215873e+01
3.149460818296508091e-02 -1.866110734080666589e+01
4.094548768776140601e-02 -5.822790215415840720e+01
3.112273126606047643e-02 -2.274017322471286562e+01
3.766122228533973909e-02 -3.485314521516492903e+01
3.778485787378219746e-02 -5.047876944008064015e+01
3.668577633179347097e-02 -5.054695983756315769e+01
4.094013222708215577e-02 -5.823554307958593057e+01
3.848533650783509535e-02 -5.545351242584694518e+01
3.832691465421947385e-02 -3.999929638692074718e+01
3.110549907266414726e-02 -1.943764575698693209e+00
3.099918363427256116e-02 -1.906118110628143514e+00
3.476991704837015251e-02 -4.291678102644736725e+01
3.297443393718982318e-02 -2.767587499232557491e+01
3.698737339486841968e-02 -5.463626325992141375e+01
3.800689405028448431e-02 -5.338184045835250657e+01
3.175737734283274466e-02 -1.971572376654056313e+01
3.096063899655956270e-02 -8.751492263037455643e+00
3.287767797541512466e-02 -2.344151160203847084e+01
3.592260251963233508e-02 -3.816201032122575043e+01
3.260614263540052848e-02 -2.869443494077498968e+01
3.096063899655955923e-02 -9.039093885323582711e+00
3.612560803195483117e-02 -4.967132368826434430e+01
3.683505503524057978e-02 -4.101624001103821371e+01
4.519190715455322083e-02 -5.763342338055635139e+01
3.633035506444844132e-02 -5.320315878967655721e+01
3.572626007786902647e-02 -3.414851736530827964e+01
3.413228469765331591e-02 -1.810799953022914011e+01
3.579442387248089885e-02 -3.428497738003405715e+01
3.608899067082902562e-02 -4.185729765969330884e+01
3.848702435993128779e-02 -5.626669343711888871e+01
3.577831541939827109e-02 -3.867061589928690069e+01
3.578989987056009625e-02 -4.472919702685921806e+01
3.644843280210725150e-02 -4.968087044631105442e+01
3.222882220891150340e-02 -2.472495962175882056e+01
3.123348848489573490e-02 -1.055187835741507385e+01
3.316393750878587898e-02 -3.304871700584063632e+01
3.697431563147796085e-02 -4.602484927400826820e+01
3.260826306680594117e-02 -2.446658611063490696e+01
3.289050692179967816e-02 -2.433434204643938159e+01
3.439966583122563287e-02 -3.920073075364818038e+01
4.113496003462403794e-02 -5.325451446584516191e+01
3.794854699938544212e-02 -5.496556257789288225e+01
3.577831541939827803e-02 -3.854638999110463971e+01
4.166389951067386160e-02 -1.953176571690394425e+01
4.417021222355278776e-02 -4.850213082466976289e+01
4.032276664976896380e-02 -2.956028169615058232e+01
4.375326565988403582e-02 -3.746955825816944241e+01
4.098671467831112997e-02 -5.829976127800946983e+01
3.302731925001732571e-02 -3.184530739105874275e+01
3.315364950490918422e-02 -3.363306382447088083e+01
4.314841882390094141e-02 -5.097501393476385090e+01
3.104172293651486988e-02 -1.253125136072296542e+01
3.123743128837475069e-02 -1.517846076257916188e+01
3.547624155437133914e-02 -3.758220015859953378e+01
3.492873589313102295e-02 -3.256770363081225383e+01
3.994403975132471835e-02 -5.128516339755245212e+01
3.138107135062179892e-02 -2.373784492832418991e+01
3.823056561876632398e-02 -5.644589043528945638e+01
4.196030555500196435e-02 -5.617261190457158904e+01
3.724366607740039331e-02 -5.419426086998805658e+01
3.260208016621271576e-02 -2.887580428981506486e+01
3.820644098900638497e-02 -5.641378646348258030e+01
3.214103774961002413e-02 -2.342631374237393160e+01
3.306884879103560299e-02 -3.130524261843692457e+01
3.193185136205476532e-02 -1.543146801841177940e+01
3.845173613742178254e-02 -5.204260521545715790e+01
3.830735048139966709e-02 -1.668701823383673855e+01
3.633117419834590300e-02 -5.146177105812697761e+01
4.325191890752939222e-02 -5.103785150905133605e+01
4.436086445488129221e-02 -1.284756333164410336e+01
3.510334096290305267e-02 -3.310007094887103563e+01
3.544604478122378999e-02 -4.386463601471318441e+01
4.141957067086497746e-02 -4.175153071971005403e+01
3.587209271421064327e-02 -4.416400884334085220e+01
4.148640475662573879e-02 -5.639214816576900802e+01
3.258348475095881186e-02 -2.888127599896271391e+01
4.029564811387739004e-02 -5.404787343248214171e+01
4.154591961189203070e-02 -5.560847822020688369e+01
4.147568169864435106e-02 -5.570312062223528926e+01
4.013905883715299105e-02 -5.362758715305844959e+01
3.935966042945805710e-02 -5.546032976507003553e+01
3.577831541939827109e-02 -3.867061589928690069e+01
3.806636265546469583e-02 -3.519696215663699235e+01
4.126725245614299570e-02 -5.427732741376225079e+01
3.791535273378603826e-02 -5.482675170987850066e+01
3.573835161447642267e-02 -3.913229969733939129e+01
3.153804105986360296e-02 -2.357247092400545796e+01
3.382497580860666098e-02 -2.834182622428432197e+01
3.255982811211504541e-02 -3.046528051061702413e+01
3.139408453765892698e-02 -2.033969773640060907e+01
3.227416721144510392e-02 -2.000007793686312496e+01
3.633117419834589606e-02 -5.050402993938368468e+01
3.633117419834588913e-02 -4.839011603562398278e+01
3.579233057204601887e-02 -3.886595854433316788e+01
3.413147652202373067e-02 -3.102406040795846209e+01
3.141597749223002528e-02 -1.135658358518743327e+01
3.258086039379947535e-02 -2.760525459402090931e+01
3.714338411396570644e-02 -1.771126783038910446e+01
3.630614170410056268e-02 -2.991548984793193000e+01
4.794137973191595070e-02 -5.168700317316205428e+01
3.471520184793893543e-02 -3.051689061475461884e+01
